88336.945
88297.695
88264.47
88237.63
88217.34
88203.69
88196.39
88194.77
88197.5
88202.6
88207.875
88211.695
88213.27
88212.62
88210.266
88206.92
88203.305
88199.97
88197.35
88195.6
88194.75
88194.7
88195.22
88196.02
88196.92
88197.695
88198.22
88198.42
88198.3
88197.914
88197.31
88196.63
88195.96
88195.36
88194.92
88194.695
88194.62
88194.7
88194.88
88195.09
88195.29
88195.43
88195.44
88195.37
88195.23
88195.06
88194.87
88194.7
88194.59
88194.516
88194.484
88194.5
88194.55
88194.58
88194.62
88194.59
88194.58
88194.52
88194.43
88194.36
88194.25
88194.18
88194.086
88194.02
88193.96
88193.88
88193.81
88193.72
88193.586
88193.47
88193.305
88193.125
88192.91
88192.66
88192.41
88192.125
88191.81
88191.43
88191.02
88190.555
88190.01
88189.375
88188.664
88187.84
88186.89
88185.8
88184.52
88183.04
88181.28
88179.234
88176.79
88173.875
88170.42
88166.266
88161.28
88155.24
88147.945
88139.15
88128.59
88115.98
88101.1
88083.82
88064.18
88042.65
88020.195
87998.48
87979.58
87964.81
87952.266
87938.01
87922.02
87906.73
87893.67
87882.3
87870.336
87855.71
87837.85
87817.83
87797.89
87779.875
87763.66
87747.49
87730.03
87712.086
87695.77
87681.57
87667.25
87651.23
87634.7
87619.21
87603.63
87586.336
87568.28
87550.87
87532.766
87512.734
87491.99
87470.78
87447.85
87423.234
87397.086
87368.7
87337.03
87301.69
87263.09
87219.95
87173.26
87124.44
87073.23
87022.12
86975.375
86934.96
86896.62
86855.46
86807.586
86751.21
86695.66
86652.63
86622.586
86600.695
86578.19
86547.914
86512.23
86480.25
86455.61
86430.57
86398.42
86361.945
86323.89
86284.87
86252.02
86224.695
86195.82
86164.65
86133.984
86104.51
86076.94
86048.91
86017.83
85985.84
85952.945
85918.58
85884.664
85852.625
85822.875
85791.81
85755.55
85714.81
85681.74
85655.45
85622.695
85577.08
85535.29
85505.305
85469.12
85419.75
85375.46
85337.76
85293.34
85245.7
85206.49
85163.34
85104.07
85045.984
85003.92
84956.516
84912.695
84907.54
84900.75
84803.66
84757.67
84769.555
84687.12
84669.75
84649.96
84581.336
84586.33
84535.37
84498.13
84490.92
84430.31
84414.86
84381.84
84333.76
84319.71
84271.86
84239.5
84214.79
84166.14
84141.586
84106.59
84061.414
84035.875
83995.62
83953.28
83923.47
83880.82
83838.69
83805.25
83761.555
83715.195
83677.05
83635.35
83586.19
83540.01
83497.336
83450.695
83400.016
83353.29
83328.7
83360.234
83392.94
83190.86
83142.88
83184.14
83012.06
83032.12
82973.875
82867.52
82889.0
82762.62
82749.84
82677.18
82612.98
82583.49
82488.336
82475.51
82383.4
82339.555
82286.77
82208.78
82173.49
82090.7
82049.984
81986.17
81920.14
81874.414
81798.96
81750.66
81690.11
81627.164
81580.85
81519.62
81480.914
81471.7
81512.83
81514.65
81303.29
81238.64
81304.85
81150.516
81104.05
81120.914
80995.016
80977.72
80949.1
80858.375
80838.73
80791.65
80727.414
80690.29
80643.875
80594.586
80540.72
80494.31
80460.586
80399.805
80337.8
80313.35
80276.516
80203.53
80146.35
80111.38
80074.914
80040.81
80005.78
79956.74
79895.14
79836.86
79782.516
79728.2
79675.46
79628.664
79585.22
79540.625
79495.836
79460.66
79470.086
79648.99
80091.73
79712.46
79278.49
79634.62
79240.34
79384.805
79297.195
79115.84
79273.625
78985.414
79141.7
78891.41
79019.445
78844.84
78864.08
78785.33
78732.5
78730.086
78609.29
78653.98
78521.95
78551.12
78451.67
78430.23
78394.27
78321.914
78320.42
78229.56
78222.27
78160.09
78117.51
78087.74
78019.64
78001.1
77940.71
77900.81
77864.19
77804.4
77774.6
77722.37
77677.27
77641.164
77586.41
77548.38
77503.31
77452.63
77414.33
77365.336
77318.44
77277.86
77228.04
77183.0
77140.125
77090.82
77046.02
77001.87
76953.31
76908.38
76864.58
76818.83
76778.65
76747.664
76733.734
76749.87
76789.2
76716.734
76548.06
76456.27
76496.86
76480.266
76342.24
76288.66
76309.9
76237.29
76142.875
76133.88
76107.04
76023.25
75972.46
75958.2
75902.94
75837.09
75805.984
75773.195
75712.62
75663.38
75631.125
75587.38
75534.2
75490.02
75452.81
75408.84
75360.3
75315.18
75275.516
75234.28
75188.586
75141.88
75099.22
75060.016
75018.21
74972.44
74926.164
74883.836
74844.266
74803.38
74760.13
74715.52
74671.66
74628.625
74585.68
74542.836
74500.2
74458.484
74417.86
74378.78
74343.45
74317.29
74315.49
74368.74
74522.38
74697.39
74616.49
74191.74
74049.24
74266.375
74209.56
73919.78
73937.3
74043.17
73849.305
73738.91
73843.71
73764.42
73601.27
73647.04
73647.555
73500.445
73465.0
73494.15
73412.164
73321.0
73314.79
73295.77
73224.336
73157.164
73128.484
73106.65
73058.95
72991.85
72932.91
72904.875
72884.56
72839.26
72778.086
72719.03
72668.18
72618.82
72573.95
72540.016
72516.62
72516.57
72569.68
72757.94
72947.25
72943.01
72424.6
72195.305
72416.59
72478.82
72231.055
72027.336
72091.34
72197.59
72014.516
71801.12
71868.03
71929.54
71775.93
71627.68
71627.15
71631.734
71615.06
71545.945
71390.55
71329.85
71329.8
71322.09
71340.68
71317.38
71262.04
71175.39
71088.14
70976.44
70905.59
70836.52
70771.38
70727.38
70674.2
70623.61
70588.734
70575.25
70677.06
71290.44
72882.06
74746.81
70722.055
72292.0
73228.58
70787.33
73058.83
71300.82
71595.9
71404.07
70818.56
71376.445
70432.766
71277.04
70144.74
70954.48
70121.65
70566.484
70262.04
70157.94
70322.61
69920.41
70172.71
69916.97
69971.15
69883.414
69846.83
69786.58
69743.836
69735.03
69611.82
69694.56
69537.67
69560.266
69542.88
69410.83
69499.18
69360.51
69373.46
69356.77
69265.75
69295.96
69228.44
69193.25
69189.984
69131.86
69104.81
69098.414
69032.234
69028.49
68997.61
68951.78
68941.52
68909.77
68870.52
68856.586
68826.72
68791.28
68773.98
68745.12
68717.0
68689.555
68669.305
68640.7
68612.26
68590.36
68567.516
68537.31
68514.41
68490.47
68467.234
68440.04
68415.41
68393.055
68369.516
68343.78
68319.555
68295.48
68273.484
68249.21
68224.945
68200.664
68177.164
68154.47
68131.305
68107.77
68084.02
68060.125
68036.79
68013.63
67990.664
67967.93
67944.84
67922.086
67898.97
67876.16
67853.33
67830.76
67808.64
67787.23
67767.414
67750.96
67741.47
67749.65
67793.41
67937.56
68236.55
68959.19
69460.17
69766.8
68174.29
67551.29
68362.33
68516.43
67806.36
67491.78
68059.664
68131.54
67447.54
67616.62
68015.99
67529.78
67360.47
67704.94
67538.03
67259.48
67408.57
67470.01
67256.69
67206.305
67336.0
67278.086
67120.41
67166.25
67230.34
67112.94
67036.39
67089.01
67089.664
67001.96
66954.516
66983.31
66983.54
66915.44
66868.1
66874.664
66876.96
66838.97
66787.56
66765.77
66766.17
66753.875
66719.54
66679.016
66652.86
66641.19
66630.25
66610.04
66579.3
66546.15
66516.836
66493.57
66474.75
66457.88
66441.18
66424.19
66408.984
66397.0
66396.66
66414.23
66487.32
66640.09
67059.41
67627.47
68790.0
68393.12
67497.27
66195.01
66558.7
67643.16
67042.664
66145.72
66257.336
66828.45
66723.01
66032.6
66174.84
66647.83
66296.195
65903.44
66077.86
66277.76
66087.41
65817.305
65930.766
66109.2
65939.23
65734.88
65761.26
65878.82
65862.32
65694.43
65607.625
65655.375
65712.19
65690.234
65581.516
65492.168
65467.363
65491.746
65525.71
65528.086
65512.543
65464.75
65420.566
65371.973
65337.97
65312.02
65309.79
65335.848
65452.51
65707.16
66444.95
67432.73
69442.34
68101.086
66214.88
65031.336
66321.766
67574.016
65697.03
65063.64
66271.68
65990.78
65016.152
65196.348
65738.33
65361.63
64855.043
65302.715
65513.047
64906.98
64917.055
65310.926
65021.285
64732.49
64939.42
65016.64
64774.188
64673.516
64835.38
64851.555
64646.035
64607.3
64722.938
64696.055
64561.473
64515.984
64578.8
64595.43
64504.2
64432.4
64443.742
64474.28
64454.812
64387.184
64339.273
64336.406
64350.38
64345.992
64309.293
64264.363
64231.406
64218.33
64217.438
64215.562
64206.723
64186.51
64161.594
64133.496
64107.332
64083.582
64062.79
64044.242
64027.33
64011.574
63996.844
63983.492
63972.465
63966.473
63970.332
63998.887
64075.586
64288.6
64723.67
65858.0
67214.12
69757.64
67561.83
64971.105
63863.316
65618.78
66886.69
64450.164
64019.043
65628.73
64830.49
63734.38
64397.562
64666.203
63901.91
63825.95
64362.12
64084.62
63653.43
64063.105
64137.793
63643.953
63812.016
64055.664
63678.133
63627.164
63882.3
63701.914
63526.355
63680.8
63683.273
63507.312
63516.65
63607.15
63526.715
63431.934
63490.387
63514.418
63417.844
63387.0
63435.098
63413.863
63345.758
63336.41
63361.453
63339.21
63288.88
63279.555
63293.098
63274.51
63236.723
63220.96
63225.176
63216.484
63188.1
63165.93
63160.836
63156.824
63140.37
63117.43
63102.09
63095.42
63087.387
63072.18
63053.46
63038.516
63028.777
63019.914
63007.844
62992.434
62976.99
62964.02
62953.367
62943.133
62931.484
62918.227
62904.258
62890.824
62878.5
62867.14
62856.11
62844.82
62832.99
62820.633
62808.043
62795.43
62782.996
62770.82
62758.91
62747.215
62735.664
62724.227
62712.88
62701.645
62690.562
62679.74
62669.305
62659.63
62651.098
62644.844
62642.203
62647.445
62665.2
62712.82
62805.176
63018.305
63370.82
64172.938
65052.168
66779.48
66344.36
65522.555
63120.688
62591.88
63866.703
64427.266
63797.11
62556.66
62805.95
63762.24
63398.68
62586.434
62533.254
63086.484
63161.414
62545.473
62447.395
62852.965
62825.418
62465.508
62375.938
62616.9
62677.53
62413.94
62318.664
62474.2
62519.895
62376.59
62268.88
62339.18
62416.395
62340.203
62238.33
62241.23
62300.305
62299.074
62224.223
62179.047
62199.688
62225.863
62206.453
62155.562
62129.086
62138.99
62150.94
62137.664
62103.957
62079.055
62075.19
62080.27
62076.668
62057.934
62034.945
62019.06
62013.39
62011.832
62006.2
61994.023
61977.46
61961.93
61950.527
61943.152
61937.44
61930.625
61921.51
61910.016
61897.51
61885.156
61873.816
61863.773
61854.805
61846.504
61838.457
61830.45
61822.258
61814.023
61805.723
61797.707
61789.95
61783.152
61777.42
61774.21
61774.086
61781.086
61797.19
61835.613
61901.773
62043.285
62261.82
62730.906
63302.008
64482.77
64975.395
65742.12
64045.22
62468.93
61635.9
62243.85
63354.594
63166.0
62337.07
61616.57
61901.973
62582.55
62467.027
61906.77
61563.164
61836.41
62201.945
62007.87
61636.29
61547.19
61773.42
61923.582
61731.99
61518.363
61525.336
61671.016
61724.434
61590.23
61464.402
61471.5
61555.72
61588.56
61513.24
61427.758
61409.793
61451.344
61484.69
61458.72
61403.27
61363.27
61363.53
61385.758
61394.88
61378.758
61344.13
61315.156
61304.137
61308.12
61314.785
61312.027
61298.65
61277.766
61258.03
61244.168
61237.258
61234.78
61233.035
61229.496
61222.27
61212.42
61200.227
61187.637
61175.18
61163.723
61153.316
61143.9
61135.32
61127.316
61119.8
61112.68
61106.09
61100.176
61095.52
61092.79
61093.953
61101.047
61121.23
61160.945
61248.414
61400.613
61734.91
62242.438
63366.883
64422.04
66453.25
65560.16
64297.63
61614.598
61134.113
62632.695
63335.21
62739.082
61192.707
61189.703
62280.51
62302.37
61485.688
60936.18
61420.23
61952.02
61470.45
60939.992
61076.05
61449.113
61404.195
60981.473
60914.24
61186.285
61233.258
61008.055
60846.566
60958.297
61100.87
61011.957
60850.51
60824.027
60920.832
60966.086
60876.484
60786.332
60792.516
60850.137
60862.516
60801.84
60745.17
60743.375
60774.438
60785.918
60754.29
60712.723
60694.523
60703.65
60716.36
60709.3
60685.355
60659.75
60647.484
60648.477
60651.85
60648.168
60634.363
60616.637
60601.49
60592.684
60589.098
60586.88
60582.64
60574.496
60563.574
60551.324
60539.816
60530.066
60522.2
60515.773
60510.07
60504.434
60498.438
60492.027
60485.094
60478.004
60470.69
60463.656
60456.84
60450.844
60445.68
60442.45
60441.43
60445.418
60455.69
60480.64
60524.188
60614.91
60759.902
61063.42
61491.45
62400.582
63251.81
64912.707
64631.023
64221.496
61720.957
60383.184
60800.15
61970.367
62670.367
61520.53
60461.27
60426.57
61158.3
61634.234
61004.414
60357.67
60368.965
60823.79
61039.438
60626.523
60263.258
60329.1
60605.445
60687.54
60424.45
60212.75
60257.77
60423.78
60479.855
60334.16
60188.008
60174.844
60264.555
60329.664
60279.008
60181.926
60123.766
60142.8
60194.137
60208.402
60174.297
60115.46
60079.7
60081.734
60103.85
60118.586
60106.73
60077.477
60045.402
60026.63
60024.188
60030.605
60035.742
60031.387
60018.457
59999.64
59981.574
59967.824
59959.668
59955.88
59954.055
59952.13
59948.27
59942.55
59934.535
59925.47
59915.39
59905.406
59895.46
59886.086
59877.137
59868.74
59860.75
59853.25
59846.17
59839.727
59834.01
59829.66
59827.363
59829.04
59836.953
59858.324
59900.59
59992.625
60155.715
60512.324
61073.89
62327.42
63651.25
66329.88
65829.1
65004.53
61119.42
59796.19
61410.945
62707.52
62376.336
60210.51
59907.82
61289.44
61538.33
60586.465
59716.656
60258.01
61035.33
60478.55
59749.418
59867.633
60376.105
60363.504
59803.96
59697.297
60055.63
60123.63
59830.047
59621.633
59776.58
59966.066
59843.04
59634.133
59611.004
59744.395
59802.367
59682.758
59569.5
59586.8
59666.89
59681.207
59600.414
59533.215
59541.984
59587.496
59599.1
59554.23
59505.133
59493.742
59514.574
59530.28
59514.38
59481.52
59457.605
59456.055
59466.195
59468.387
59455.734
59434.426
59418.055
59412.668
59414.348
59414.848
59408.23
59395.83
59382.11
59371.918
59366.52
59364.016
59361.242
59355.883
59347.832
59338.145
59328.73
59320.742
59314.496
59309.477
59304.883
59299.96
59294.312
59287.926
59280.918
59273.637
59266.297
59259.15
59252.23
59245.586
59239.22
59233.01
59226.98
59221.04
59215.23
59209.508
59203.938
59198.566
59193.54
59189.016
59185.43
59183.203
59183.633
59188.137
59200.984
59226.465
59280.26
59374.527
59570.812
59888.473
60571.56
61473.73
63400.645
64501.586
66436.44
63795.86
61144.324
59187.406
60047.54
62119.98
61791.36
60311.016
59112.92
59765.17
60988.09
60563.008
59506.484
59111.64
59752.508
60282.55
59706.766
59105.797
59223.18
59663.996
59707.703
59238.766
59037.58
59278.113
59463.39
59330.402
59055.42
59030.27
59210.098
59279.477
59162.625
59001.758
58992.277
59096.406
59142.18
59078.18
58975.965
58951.355
59003.297
59044.67
59025.355
58961.61
58920.742
58928.887
58959.33
58971.55
58947.09
58910.074
58887.77
58890.457
58904.555
58909.05
58897.152
58874.938
58857.08
58851.09
58854.176
58857.81
58854.535
58844.176
58830.508
58819.28
58813.188
58811.32
58810.605
58807.973
58802.41
58794.223
58785.38
58777.465
58771.34
58766.938
58763.48
58760.14
58756.13
58751.297
58745.617
58739.457
58733.098
58726.895
58720.977
58715.414
58710.176
58705.25
58700.504
58695.875
58691.34
58686.87
58682.516
58678.27
58674.22
58670.44
58667.207
58664.625
58663.312
58663.74
58667.53
58675.9
58693.715
58724.145
58783.21
58877.426
59062.51
59337.305
59896.684
60586.72
62001.953
62904.125
64572.598
63244.285
61741.316
59298.86
58660.21
59774.082
60837.414
61044.89
59596.85
58633.223
58858.582
59659.934
60069.76
59367.543
58677.207
58648.098
59118.82
59421.82
59068.88
58637.867
58570.496
58839.37
59044.67
58875.695
58607.93
58514.965
58646.832
58801.582
58769.234
58622.234
58498.15
58505.71
58597.918
58651.55
58620.89
58528.0
58464.9
58469.812
58516.105
58550.87
58535.88
58490.734
58445.977
58430.273
58443.445
58464.863
58474.484
58461.434
58436.227
58411.508
58398.98
58399.824
58407.312
58412.883
58410.156
58400.047
58385.61
58372.543
58364.03
58360.652
58360.605
58361.16
58360.2
58356.363
58350.19
58342.35
58334.355
58327.082
58321.094
58316.477
58312.94
58310.016
58307.31
58304.543
58301.418
58298.02
58294.23
58290.33
58286.176
58282.094
58278.023
58274.215
58270.574
58267.44
58264.758
58263.066
58262.383
58263.84
58267.734
58276.805
58292.008
58320.867
58365.52
58448.816
58572.02
58808.01
59128.047
59762.03
60439.867
61780.547
62363.254
63436.387
61983.05
60482.906
58658.023
58260.953
59152.4
60054.7
60385.316
59351.207
58418.273
58211.188
58732.473
59329.22
59183.816
58672.305
58207.61
58250.305
58616.008
58785.97
58646.12
58296.555
58138.957
58256.004
58444.05
58503.543
58349.07
58173.934
58111.688
58182.84
58291.215
58318.05
58260.867
58156.133
58091.523
58096.734
58145.863
58189.766
58186.816
58148.523
58096.4
58064.047
58061.99
58081.062
58102.777
58109.305
58099.1
58074.9
58050.254
58033.34
58028.09
58031.97
58038.977
58043.76
58042.082
58034.855
58023.215
58011.13
58000.766
57993.707
57990.055
57988.824
57988.766
57988.508
57987.42
57984.777
57981.04
57976.03
57970.53
57964.633
57958.85
57953.28
57948.117
57943.297
57938.812
57934.633
57930.688
57926.875
57923.2
57919.59
57916.06
57912.582
57909.19
57905.902
57902.754
57899.883
57897.375
57895.53
57894.707
57895.74
57899.637
57909.164
57927.26
57963.453
58026.113
58150.223
58353.496
58770.098
59377.66
60659.56
61957.297
64559.273
64553.86
64603.59
60629.816
58150.98
58386.51
60226.03
61492.027
59742.58
58100.09
58094.8
59256.914
59957.69
58917.31
57951.117
58066.516
58782.44
59029.094
58327.375
57839.46
58069.51
58474.484
58455.5
58000.45
57816.35
58045.086
58238.54
58137.6
57865.543
57793.465
57943.965
58059.895
58005.4
57839.09
57764.87
57828.94
57914.945
57916.496
57826.566
57754.48
57760.258
57813.09
57843.387
57812.98
57759.28
57728.688
57739.477
57767.785
57777.81
57760.45
57728.957
57709.043
57710.066
57722.594
57730.31
57723.082
57706.484
57690.95
57684.875
57687.543
57691.945
57691.742
57684.67
57674.426
57665.66
57661.254
57660.72
57661.19
57659.973
57655.785
57649.598
57643.17
57638.133
57635.0
57633.17
57631.55
57629.188
57625.746
57621.406
57616.766
57612.41
57608.594
57605.45
57602.715
57600.12
57597.36
57594.36
57591.027
57587.48
57583.824
57580.15
57576.566
57573.13
57569.793
57566.62
57563.5
57560.45
57557.414
57554.383
57551.336
57548.293
57545.227
57542.176
57539.137
57536.117
57533.133
57530.215
57527.434
57524.742
57522.34
57520.188
57518.547
57517.547
57517.793
57519.625
57524.45
57533.285
57550.184
57577.47
57627.426
57704.516
57848.227
58057.707
58462.965
58979.76
60006.414
60893.93
62600.285
62551.164
62618.086
60103.04
58173.785
57512.97
58376.81
59707.125
59678.586
58905.285
57749.79
57503.48
58118.973
58670.586
58695.86
57998.293
57496.08
57560.168
57955.35
58201.277
57944.164
57577.766
57434.473
57598.11
57819.023
57802.566
57620.047
57437.625
57424.023
57542.59
57638.87
57633.06
57520.055
57415.926
57388.285
57435.555
57498.645
57512.21
57475.062
57411.94
57371.906
57372.38
57399.89
57426.895
57429.273
57409.293
57377.254
57352.848
57345.03
57351.957
57364.246
57370.93
57367.99
57355.234
57339.562
57326.61
57320.117
57319.844
57322.81
57325.414
57324.754
57320.594
57313.477
57305.543
57298.38
57293.156
57290.04
57288.5
57287.645
57286.605
57284.832
57282.016
57278.395
57274.082
57269.6
57265.17
57261.047
57257.33
57254.01
57251.03
57248.297
57245.723
57243.2
57240.73
57238.254
57235.812
57233.336
57230.934
57228.55
57226.363
57224.33
57222.66
57221.367
57220.83
57221.145
57223.15
57227.13
57235.008
57247.406
57269.438
57302.164
57359.887
57442.492
57591.723
57793.03
58169.86
58610.332
59455.574
60120.15
61373.83
61336.516
61433.812
59647.586
58139.21
57226.453
57473.305
58405.645
58931.305
58942.637
58061.973
57342.137
57174.984
57548.605
58037.23
58069.53
57780.18
57323.035
57138.016
57286.48
57535.574
57653.086
57487.605
57255.28
57121.992
57169.0
57309.145
57388.016
57363.81
57241.703
57132.727
57093.69
57129.664
57196.46
57234.137
57226.145
57171.0
57111.92
57075.703
57074.938
57099.074
57125.71
57139.332
57129.676
57106.38
57077.49
57055.816
57046.39
57048.426
57056.94
57065.4
57069.617
57066.32
57057.758
57045.406
57033.215
57023.227
57016.918
57014.176
57013.945
57014.875
57015.613
57015.34
57013.418
57010.26
57005.695
57000.535
56995.004
56989.64
56984.586
56980.023
56975.965
56972.383
56969.17
56966.26
56963.56
56961.004
56958.59
56956.25
56954.027
56951.918
56950.047
56948.43
56947.266
56946.72
56947.2
56948.97
56953.156
56960.184
56972.996
56992.426
57026.35
57075.812
57163.242
57285.61
57509.21
57796.527
58339.727
58903.555
59980.348
60542.613
61587.504
60794.777
59954.305
58088.51
57024.19
57075.62
57880.95
58737.86
58594.207
58009.59
57176.363
56879.754
57174.355
57630.285
57874.4
57569.613
57141.605
56872.387
56947.027
57208.75
57342.434
57273.117
57028.566
56858.73
56863.695
56988.508
57103.125
57090.445
56994.656
56873.895
56815.043
56834.906
56896.68
56948.695
56946.3
56903.97
56841.707
56798.63
56789.996
56809.703
56837.895
56852.703
56848.94
56825.637
56797.37
56773.867
56762.625
56763.42
56771.27
56780.02
56783.633
56780.867
56771.203
56758.69
56745.875
56735.836
56729.67
56727.19
56727.145
56727.914
56728.176
56726.824
56723.85
56719.133
56713.496
56707.254
56701.15
56695.438
56690.406
56686.08
56682.37
56679.15
56676.28
56673.59
56670.977
56668.344
56665.715
56663.062
56660.355
56657.73
56655.133
56652.773
56650.637
56648.992
56647.855
56647.78
56648.72
56651.863
56657.195
56667.293
56682.094
56707.91
56743.965
56806.22
56889.867
57037.527
57222.76
57559.812
57922.1
58595.164
59076.266
59966.516
59925.453
60001.387
58762.508
57654.793
56750.168
56620.984
57120.297
57692.34
58059.95
57714.703
57197.65
56687.023
56546.676
56754.33
57053.023
57236.047
57088.746
56822.977
56574.652
56516.457
56630.473
56776.15
56844.062
56757.793
56618.97
56504.445
56480.44
56534.117
56606.816
56651.96
56631.71
56574.76
56502.285
56453.812
56442.113
56460.48
56490.113
56508.977
56509.746
56487.723
56457.25
56427.066
56407.0
56399.504
56402.3
56409.95
56416.3
56418.45
56413.535
56403.83
56389.95
56375.645
56362.473
56352.117
56344.87
56340.4
56337.816
56336.008
56334.195
56331.54
56327.992
56323.17
56317.613
56311.133
56304.367
56297.184
56290.066
56282.96
56276.023
56269.234
56262.66
56256.21
56249.914
56243.715
56237.645
56231.66
56225.73
56219.887
56214.125
56208.508
56203.117
56197.977
56193.33
56189.383
56186.703
56185.707
56187.973
56194.59
56209.953
56236.75
56288.41
56369.832
56524.504
56750.83
57191.004
57747.348
58849.387
59765.63
61502.566
61295.266
61108.117
58438.47
56552.617
56226.355
57323.168
58557.72
58091.25
57024.758
56116.043
56277.156
57075.68
57410.66
57162.3
56399.305
56014.047
56218.395
56610.31
56744.72
56394.246
56043.54
56001.215
56219.746
56395.492
56285.594
56063.676
55932.465
55989.86
56127.742
56172.645
56101.863
55966.91
55889.594
55907.457
55971.504
56008.74
55973.863
55903.977
55846.344
55835.75
55860.742
55884.56
55883.375
55850.97
55810.31
55780.71
55771.492
55777.348
55785.49
55785.676
55772.33
55750.875
55726.902
55707.58
55695.598
55689.918
55687.414
55684.406
55678.875
55669.477
55657.445
55643.258
55628.754
55614.523
55601.28
55589.09
55577.89
55567.516
55557.76
55548.406
55539.38
55530.707
55522.402
55514.758
55508.08
55503.207
55500.84
55503.57
55513.332
55538.22
55583.586
55677.01
55830.242
56143.348
56611.414
57597.516
58758.027
61180.117
62174.03
63925.355
60394.418
57154.484
55494.86
57020.363
59171.676
57879.902
55945.504
55546.848
56816.97
57780.676
56685.465
55522.99
55442.445
56244.984
56865.297
56329.68
55557.69
55267.29
55654.39
56117.047
55958.797
55512.336
55224.84
55358.734
55654.676
55684.51
55474.227
55216.117
55166.426
55306.824
55426.844
55404.74
55244.41
55116.082
55107.75
55185.863
55248.664
55221.566
55140.37
55055.92
55022.37
55039.66
55077.03
55105.848
55100.29
55071.062
55023.727
54978.06
54942.895
54922.81
54915.82
54917.86
54923.457
54928.145
54932.133
54931.8
54932.92
54932.164
54938.312
54947.21
54973.17
55010.547
55091.582
55206.586
55441.867
55761.723
56428.066
57216.527
58889.453
60037.215
62300.34
60975.785
59411.97
55919.133
54851.156
56344.79
57571.555
57368.86
55429.047
54738.477
55653.992
56548.543
56667.176
55549.336
54702.016
54675.477
55265.004
55900.453
55850.273
55411.312
54784.93
54526.305
54691.164
55018.465
55218.203
55044.53
54745.79
54485.62
54441.746
54573.414
54716.414
54772.11
54666.31
54512.195
54370.47
54304.617
54315.953
54373.11
54452.3
54522.043
54603.84
54666.86
54781.41
54884.254
55101.016
55291.297
55699.773
56002.305
56655.254
56887.617
57470.285
57079.93
56813.93
55688.164
54782.367
54127.566
54003.332
54309.94
54816.477
55506.92
56042.383
56993.94
57531.996
58815.07
58785.65
59136.03
57232.72
55481.234
54021.742
54014.477
55046.7
55758.22
55839.43
54839.45
53992.184
53704.594
54024.586
54663.582
55162.12
55654.195
55659.957
55754.652
55392.71
55133.164
54609.58
54200.137
53810.504
53571.836
53473.77
53499.133
53610.465
53764.754
53977.97
54204.25
54609.797
55089.35
56140.42
57311.652
59914.977
61354.85
64051.72
60552.156
56707.168
53576.29
55128.914
57970.48
56099.117
53772.656
54321.22
55868.383
55665.605
53804.57
53538.168
54834.477
55452.14
55152.35
53979.457
53214.875
53232.92
53808.754
54657.203
55234.15
55644.19
55220.875
54649.46
53709.23
53094.32
52985.676
53325.05
53754.848
53854.22
53686.39
53259.26
52929.965
52776.418
52814.582
52982.46
53211.098
53563.156
53988.12
54816.457
55792.418
57827.74
59378.49
62245.246
60554.08
58080.977
53541.96
52901.57
55473.895
55876.773
54005.777
52471.62
53663.27
55034.574
53752.945
52208.906
52120.973
53135.77
53984.914
53533.234
52629.08
51597.824
51090.633
51064.273
51372.203
51785.754
51945.984
51993.734
51490.9
50868.46
50034.312
49426.824
49142.715
49125.6
49221.195
49195.43
49081.387
48769.406
48450.44
48058.195
47722.562
47400.035
47177.465
47028.266
47114.582
47456.723
48667.72
50631.33
55438.46
58733.086
64133.68
54567.43
45970.52
45173.703
50035.098
48955.355
43839.887
48050.047
48321.6
43401.832
47801.58
46906.71
43185.28
47793.758
45732.473
42869.207
47149.176
45182.383
42134.05
46186.7
45749.22
41439.68
44416.664
46907.0
42293.566
41293.406
44550.266
44478.76
41931.383
40492.48
41967.082
43762.133
42782.125
40958.703
40192.406
41100.06
42143.895
41605.52
40462.547
39918.332
40442.59
41086.367
40834.13
40125.484
39676.59
39858.234
40286.3
40398.203
40150.125
39700.88
39399.863
39353.36
39495.492
39699.207
39832.465
39907.76
39840.562
39741.29
39561.566
39404.586
39235.484
39099.77
38977.71
38885.35
38807.6
38747.79
38697.004
38661.8
38643.293
38663.684
38755.09
39033.816
39695.535
41490.836
45254.383
55453.02
67321.34
88761.195
56433.062
39440.348
51663.25
42352.89
45029.3
44604.312
43916.785
44358.05
43107.457
44379.96
43083.49
43634.99
43311.004
42448.0
43665.49
41568.03
42999.75
41526.91
41838.59
41361.04
41031.344
40818.4
40504.246
40181.82
39775.336
39845.07
38969.34
39137.504
39017.332
38048.285
38075.08
38796.08
38653.03
38428.766
37988.47
37877.324
37968.0
38101.035
38389.86
38294.062
38106.547
37635.855
37309.41
37249.1
37387.887
37590.41
37506.215
37315.266
37075.96
36999.07
37051.71
37106.24
37152.367
37096.707
37083.652
37063.04
37123.19
37236.113
37513.76
38039.848
39243.273
41052.33
44737.09
47630.656
52381.035
47885.65
41975.703
36817.363
39719.977
43634.555
39085.492
37249.99
40476.594
39286.504
36988.848
38268.098
38837.79
37254.543
36724.64
37894.195
38108.027
36749.5
36078.086
36625.48
37498.195
38161.28
38085.15
37890.03
37352.824
36889.14
36399.684
36029.434
35762.18
35624.555
35606.8
35668.883
35759.48
35815.062
35822.062
35756.83
35663.855
35548.465
35442.4
35350.812
35277.824
35221.176
35176.465
35139.727
35106.3
35072.766
35038.754
35005.05
34975.938
34957.094
34964.496
35039.477
35282.953
36006.508
37829.71
43097.15
53562.996
80835.44
83187.64
72298.016
36416.53
68181.78
49316.055
55564.953
41802.246
50108.953
47053.824
45530.727
43123.445
49357.457
43188.723
47263.17
43421.605
46052.75
45205.01
44067.363
45417.117
43017.938
45468.258
43185.938
43941.195
43246.176
42655.477
43451.125
41912.195
42552.016
41387.586
41496.8
41282.64
40539.887
40609.863
39643.523
39837.004
39075.035
38988.98
38590.434
38020.363
37896.387
37217.613
37213.543
36590.47
36487.555
35991.035
35654.6
35431.75
34889.316
34791.754
34524.895
34140.445
34046.145
34180.086
34488.492
34670.73
34735.402
34612.547
34368.656
34145.49
33925.746
33778.996
33686.082
33654.906
33677.26
33686.758
33691.88
33660.54
33625.31
33584.812
33530.746
33476.74
33406.707
33345.383
33285.316
33236.332
33203.152
33181.28
33177.152
33179.27
33199.457
33255.766
33396.84
33760.21
34520.11
36297.695
39297.9
45873.008
51686.695
60610.48
48798.242
36421.3
35102.555
42200.367
39063.742
34678.668
40909.95
36492.824
36395.96
38501.164
34551.81
37562.434
34893.266
36251.637
35875.5
34918.586
36328.543
34214.684
35428.74
34657.84
33954.48
34961.207
33680.355
33565.992
34271.363
33339.363
32721.729
33220.207
33586.49
33305.066
32700.477
32385.42
32446.592
32773.52
33274.44
33882.25
34776.95
35573.035
36605.43
36496.7
35997.785
34087.14
32528.11
32121.488
32906.42
33773.58
33489.484
32620.928
32019.762
32201.186
32764.324
32997.08
32846.965
32361.482
31940.594
31687.44
31624.195
31714.541
31932.477
32342.668
33030.242
34453.445
36758.26
41726.016
46870.156
55499.414
49992.707
40803.363
31954.549
38088.754
41949.11
32754.146
37691.35
38971.465
32980.93
39417.906
34929.707
35440.402
36762.234
33167.203
36341.69
33104.652
35353.547
34111.395
33641.043
34824.598
32609.457
33978.438
33163.688
32298.87
33456.105
32274.197
31793.648
32666.906
32140.379
31226.523
31325.355
31976.004
32305.217
31986.28
31538.586
31158.654
30962.518
30935.357
31024.625
31209.23
31418.555
31652.623
31744.178
31752.865
31493.91
31160.986
30801.205
30581.795
30544.895
30644.197
30792.11
30890.088
30941.104
30909.334
30885.729
30852.986
30900.686
31016.121
31358.725
31990.424
33481.75
36017.453
41868.797
48745.723
61462.715
55173.703
42918.63
30844.84
40849.504
42529.23
31772.873
42741.492
35206.883
36939.1
36357.07
34281.832
36260.035
34162.96
35742.555
33743.965
35187.258
33516.023
34936.07
33003.547
34502.516
32548.666
34096.156
32156.465
33318.41
31908.91
32482.197
31767.93
31559.873
31490.646
31059.44
30758.098
30710.066
30628.666
29880.008
30141.975
30116.143
30558.766
30450.818
30603.717
30506.896
30669.035
30741.57
30993.617
31481.266
32010.172
32712.184
32590.787
32266.445
31037.158
29988.502
29429.588
29783.285
30396.967
30643.422
30299.738
29682.398
29254.703
29232.896
29466.518
29850.812
30234.06
30784.365
31416.148
32679.701
34431.57
38264.82
42155.66
48972.945
47303.547
42759.54
31306.084
30878.803
37372.797
33337.727
29866.701
33546.082
31999.781
30078.77
32383.592
30794.148
30262.55
31657.39
30137.084
30141.97
31070.174
29789.643
29555.041
30402.77
29855.85
28972.625
29098.094
29676.824
29884.646
29461.457
28974.936
28652.701
28587.305
28713.268
28983.86
29420.389
30030.615
31058.93
32232.703
34042.32
34855.13
35525.863
33341.426
30744.13
28644.13
28882.64
30499.771
30923.54
29923.006
28594.895
28570.422
29494.674
29974.283
29703.188
28836.95
28206.473
28061.494
28345.97
28916.236
29637.75
30763.377
32166.941
34909.066
37916.83
43485.96
44672.84
44732.17
34663.293
28395.56
30925.65
34224.254
31539.47
28650.127
32016.674
32191.686
28740.363
30962.262
31930.268
28744.383
30101.826
31522.844
28860.246
28903.344
30749.13
29540.16
28012.271
28632.623
29746.05
29645.342
28386.201
27637.045
27850.934
28658.848
29608.139
30192.977
30709.625
30651.662
30567.262
29906.074
29218.133
28309.035
27641.021
27358.54
27492.04
27846.18
28104.379
28152.715
27912.783
27601.172
27327.18
27193.184
27196.135
27297.71
27468.635
27688.379
28029.613
28501.045
29394.074
30689.854
33320.652
36470.47
42360.477
44457.43
45970.4
35721.273
28056.148
29354.648
33734.957
31936.895
27765.17
31214.576
32235.709
28022.244
30282.795
31687.592
27995.686
29628.521
31124.273
27989.676
28616.896
30536.348
28412.889
27352.19
28922.059
29271.361
27906.803
26876.227
27440.146
28639.238
29056.559
28838.643
28024.9
27314.59
26811.379
26611.676
26655.566
26876.633
27216.379
27584.152
28010.791
28268.82
28496.582
28352.365
28121.916
27588.045
27074.617
26627.357
26388.818
26364.342
26496.92
26719.928
26959.781
27256.068
27551.926
28060.652
28686.379
29939.814
31483.867
34588.3
37339.125
42025.43
40912.984
38130.137
29698.125
26503.553
30006.77
31740.645
28894.484
26769.525
29313.672
30184.398
27193.838
27405.422
29450.943
28116.713
26507.713
27376.822
28337.5
27661.365
26322.125
26271.951
27206.781
27904.375
27998.676
27403.207
26784.307
26259.861
25942.36
25816.893
25816.771
25928.635
26125.773
26454.906
26894.67
27578.941
28301.32
29387.014
30075.406
30936.926
30472.621
29768.904
27956.898
26446.576
25680.814
25930.639
26766.225
27396.875
27635.664
27172.3
26573.69
25940.992
25544.404
25383.457
25421.07
25617.229
25968.965
26605.756
27653.01
29826.205
33273.66
40657.707
47910.227
59526.586
49274.508
34496.023
26364.9
36274.914
36667.03
26825.61
36572.05
32313.123
29656.527
35078.74
27761.373
32427.6
28659.992
30206.82
30093.547
28607.734
30623.266
27494.92
29955.031
27330.678
29048.84
27792.516
27672.86
27978.406
26992.246
26999.746
27386.377
25989.977
26576.07
26603.793
25863.273
25351.342
26041.277
26215.043
25984.139
25328.48
25150.785
25105.334
25496.566
25827.656
26453.941
27000.096
27897.436
28279.719
28678.05
28009.27
27076.004
25628.852
24908.91
25070.84
25776.666
26172.271
25846.447
25205.242
24777.334
24778.857
25122.973
25435.295
25628.02
25536.885
25402.941
25187.375
25033.566
24884.58
24803.396
24740.758
24725.953
24724.842
24776.031
24860.309
25035.754
25275.543
25705.453
26251.984
27188.566
28166.184
29815.688
30940.008
32627.797
32061.992
31123.205
27913.56
25332.889
24430.79
25483.273
27065.08
27177.916
26190.219
24791.201
24291.23
24790.4
25639.83
26374.688
26486.049
26430.486
26025.418
25760.922
25466.664
25372.555
25335.883
25533.758
25848.305
26577.38
27518.299
29338.52
31114.428
34116.094
34813.76
35255.797
30688.871
26246.434
24168.744
25984.4
28428.332
27199.428
24839.1
24416.326
25960.05
26793.607
25424.492
24139.426
24267.975
25255.383
25962.797
25609.713
24884.047
24127.246
23740.988
23730.082
24008.324
24529.285
25273.43
26526.316
28213.457
31326.096
34434.508
39503.266
39183.902
37064.2
28126.926
23917.459
27025.77
29523.393
27028.266
24226.488
26736.697
28048.79
24847.568
24887.998
27085.07
25652.033
24023.062
25092.742
25886.85
24854.178
23698.188
24155.508
25183.535
25252.996
24559.861
23716.605
23361.727
23558.152
24078.545
24809.322
25537.041
26473.133
27143.303
28075.957
28130.662
28024.082
26527.209
24936.39
23553.127
23256.441
23922.105
24678.418
24904.818
24269.242
23519.496
23114.861
23232.236
23658.346
24057.69
24358.361
24400.43
24427.8
24337.229
24363.887
24371.648
24567.602
24786.238
25292.77
25777.623
26665.398
27230.855
28115.605
27894.422
27546.824
25890.879
24298.361
23062.168
22844.316
23473.266
24246.748
24704.867
24392.916
23814.217
23127.69
22695.002
22560.326
22679.143
22989.912
23454.406
24224.621
25343.203
27578.582
30779.19
37497.043
43614.1
53809.977
46183.953
34453.85
23161.941
29936.5
35625.402
24482.432
28539.676
32247.316
24014.258
30861.506
28829.23
25360.979
31116.238
25276.781
27352.62
27423.02
24366.555
27453.58
24357.562
25764.648
25878.367
23941.826
25861.586
24755.225
23567.445
25366.256
24223.277
22963.01
24412.62
24562.773
22752.635
22649.059
23883.484
24265.867
23551.484
22528.406
22103.584
22397.531
23071.045
23930.768
24610.629
25269.11
25297.043
25156.148
24236.74
23213.896
22258.975
21906.012
22185.768
22679.498
22946.45
22689.518
22232.395
21866.01
21817.133
22010.777
22252.018
22412.19
22400.027
22315.137
22156.41
22015.62
21885.807
21793.547
21721.598
21673.266
21637.459
21617.23
21606.46
21613.652
21636.842
21693.63
21782.664
21945.414
22178.947
22591.623
23148.443
24159.562
25409.39
27727.078
29912.332
33802.227
34665.85
35530.86
29648.04
24079.945
21609.238
24115.62
27014.9
24794.865
21989.963
22434.582
24374.576
24308.068
22163.918
21695.166
23029.861
23613.652
22867.303
21593.191
21215.848
21793.285
22653.037
23471.18
23816.473
24232.535
24367.836
24944.254
25359.305
26447.45
27035.246
28192.305
27616.215
26791.781
24145.176
21941.207
20997.404
21720.48
23034.6
23273.896
22536.428
21365.95
20919.56
21326.006
22003.855
22485.81
22372.127
22043.566
21533.477
21139.865
20857.07
20701.734
20631.377
20617.371
20642.994
20710.309
20845.816
21094.844
21589.781
22442.498
24159.77
26690.492
31675.828
36268.83
43848.586
40284.492
33895.36
22587.709
22916.402
29733.348
25948.07
21489.268
24597.875
25074.92
21902.764
22830.568
24096.908
22062.34
21959.732
23295.496
22248.93
21270.062
22352.057
22544.268
21153.2
20936.775
21830.314
21952.605
21256.275
20488.412
20347.41
20777.686
21475.922
22404.725
23421.94
25199.438
27317.08
31413.756
34470.984
39104.36
34983.16
28766.713
21234.453
22126.672
27119.215
24767.71
20982.67
22549.234
24253.102
22113.762
21059.137
23035.01
22844.598
20822.477
21562.666
22780.514
21447.32
20369.768
21126.11
21868.7
21464.715
20390.33
19999.922
20430.893
21181.713
21881.594
22177.576
22407.156
22301.252
22265.219
21979.344
21755.01
21274.707
20809.928
20290.443
19920.93
19751.236
19800.78
19978.744
20151.668
20242.6
20190.324
20069.115
19900.508
19756.83
19649.238
19586.725
19558.633
19558.486
19580.805
19630.906
19727.82
19904.033
20258.4
20898.156
22241.877
24499.95
29306.21
35319.414
46880.746
48426.305
47143.773
26475.895
20995.586
30802.262
26639.053
21008.646
25690.418
23808.34
21504.02
24575.273
21827.24
22519.744
23468.955
21239.482
23104.04
22254.172
21241.693
22752.867
21433.975
20965.473
22123.69
20963.805
20352.89
21355.285
20998.168
19818.424
20024.736
20821.463
20693.266
19950.969
19345.803
19301.38
19738.43
20424.412
21455.043
22774.922
25151.643
27916.303
32861.367
35115.305
37081.883
29106.021
21534.81
19890.123
24341.695
25750.379
20702.887
20863.764
24144.895
21640.17
19974.123
22177.848
21701.805
19825.865
20556.646
21377.812
20245.588
19442.863
20253.365
20796.49
19923.477
19109.803
19250.848
19927.938
20460.889
20402.457
20099.363
19643.078
19286.816
19032.68
18898.15
18852.445
18880.658
18957.615
19063.148
19178.16
19252.244
19288.768
19239.055
19148.857
19005.469
18865.602
18745.65
18667.174
18630.387
18628.248
18650.879
18692.5
18757.105
18851.371
19016.035
19281.031
19796.64
20656.014
22443.969
25230.861
31091.441
37523.805
49135.113
46517.633
39130.83
21327.932
22922.213
32453.867
22730.125
21870.322
27605.41
20749.69
23941.96
24857.16
20609.322
25433.492
21895.71
22108.277
23746.582
20375.521
22696.6
21273.818
20591.514
22069.832
20044.754
20815.422
21216.547
19501.611
20431.8
20717.145
19160.041
19422.15
20329.15
19605.07
18585.416
18636.887
19394.566
20058.203
20079.088
19903.68
19543.65
19294.545
19070.248
18954.734
18870.387
18862.21
18855.48
18892.22
18879.531
18857.264
18734.787
18582.582
18386.77
18220.932
18107.357
18066.277
18083.713
18136.367
18202.416
18264.545
18335.455
18410.152
18538.246
18722.541
19084.59
19644.559
20768.512
22458.129
25878.777
29958.488
37490.6
39873.367
41222.42
27918.084
18842.605
21621.926
26207.637
22656.871
19061.14
23711.312
23001.068
19131.795
22949.697
22325.496
19161.79
22529.602
21645.525
19057.293
21944.818
21338.428
18789.133
20993.7
21444.676
18711.852
19381.645
21195.375
19695.498
18096.045
18758.924
20042.986
20212.549
19022.018
17978.584
17732.227
18237.014
19184.951
20188.885
21461.22
22510.838
24074.586
24673.605
25405.016
23806.102
21686.445
18868.229
17677.559
18491.924
19826.945
20118.246
18843.594
17793.229
17924.445
18736.17
19195.793
18712.994
17965.678
17506.422
17583.182
18014.727
18489.693
18932.463
19174.121
19465.312
19621.553
19979.742
20223.531
20745.488
20965.092
21354.52
21031.822
20595.326
19441.135
18348.965
17526.748
17345.654
17715.074
18235.766
18582.693
18469.863
18134.059
17677.285
17343.85
17187.96
17202.682
17345.258
17581.242
17945.363
18459.078
19388.174
20789.463
23623.79
27444.707
34993.895
40005.684
46497.703
34676.613
21895.328
18488.604
26125.043
26271.172
18311.299
23827.777
24908.273
18564.883
24322.17
22621.744
19239.422
24274.082
20310.867
20202.857
22704.705
18870.635
20555.531
20707.754
18414.713
20114.043
19455.684
18112.445
19370.371
18875.863
17710.623
18335.352
18655.549
17783.531
17216.607
17653.592
18239.34
18146.695
17698.336
17209.102
16971.201
16970.033
17153.441
17487.904
17988.834
18812.69
19914.748
21705.156
23324.777
25446.943
25059.006
23669.615
19793.371
17221.906
17453.13
19331.91
20166.848
18534.418
17107.508
17464.477
18575.79
18794.676
17722.303
16869.26
16959.959
17636.814
18226.707
18217.244
17916.71
17412.74
17013.254
16741.467
16609.732
16578.387
16617.84
16718.504
16886.879
17168.166
17581.273
18272.19
19158.045
20591.06
21909.455
23798.703
24136.883
24153.195
21466.516
18690.033
16773.424
17065.213
18656.887
19359.826
18725.713
17239.371
16574.951
17059.75
17910.201
18407.965
18074.225
17464.459
16803.15
16408.584
16293.746
16407.834
16711.346
17213.69
18115.258
19582.148
22603.445
27147.61
36468.348
43859.727
53716.96
37722.477
20810.271
19313.738
28365.836
23809.12
18547.541
26499.11
20843.803
20611.783
23844.732
18360.617
22271.12
19429.562
19969.744
20867.422
18535.58
21070.398
18585.963
19567.49
19394.975
18096.574
19413.324
17979.826
18217.38
18656.848
17323.77
17937.592
18070.266
16904.158
17164.713
17712.22
16986.562
16305.256
16522.055
17084.441
17390.422
17216.797
16945.477
16659.2
16472.955
16343.328
16259.865
16196.346
16155.834
16133.518
16139.28
16161.192
16203.557
16236.511
16263.318
16249.764
16212.625
16137.058
16052.83
15965.316
15892.81
15838.347
15803.266
15784.127
15778.609
15786.579
15811.429
15865.412
15967.955
16175.639
16568.395
17403.393
18958.074
22374.553
27882.252
39445.586
48523.28
59718.617
37034.97
17914.59
22892.848
27943.408
18983.404
21474.078
22810.168
18028.4
22421.09
18389.975
20950.123
19736.375
19346.453
20447.277
18301.658
20254.395
18135.172
19596.146
18518.191
18481.436
18840.56
17600.125
18549.479
17504.25
17619.713
17826.89
16861.941
17320.94
17202.514
16369.825
16660.445
16854.984
16151.964
15766.272
16055.549
16384.404
16439.092
16211.192
15995.797
15838.838
15764.615
15725.834
15704.524
15696.992
15731.266
15839.355
16090.757
16491.309
17141.395
17824.55
18666.902
18944.64
18974.191
18024.99
16901.082
15824.417
15409.747
15690.255
16276.996
16751.998
16736.291
16445.328
15946.058
15533.783
15270.44
15178.767
15223.667
15376.378
15652.649
16098.622
16937.879
18362.465
21350.926
25992.39
35541.203
43555.207
54058.523
37581.223
19669.266
18663.1
27724.18
21616.566
18222.03
25078.16
18195.648
20780.889
20557.75
17840.053
21063.166
17424.521
20437.654
18169.873
18872.377
18892.736
17575.469
19032.658
17156.41
18446.477
17516.709
17243.938
17893.111
16574.291
17208.111
16942.568
16124.625
16709.25
16351.547
15657.108
15940.407
16063.924
15547.95
15125.286
15262.299
15639.66
15853.84
15941.511
15918.634
15967.805
16080.498
16416.562
16999.234
18211.102
19932.617
22969.215
25372.695
28065.168
25208.895
20542.396
15630.619
16109.742
19469.95
18748.936
15886.742
15849.414
17782.791
17379.398
15443.29
15948.704
17235.678
16339.825
15139.539
15502.714
16348.331
16243.774
15295.026
14789.235
15084.93
15708.909
16208.248
16261.855
16146.728
15845.352
15593.274
15342.725
15170.309
15026.128
14929.225
14847.365
14790.834
14740.215
14702.215
14664.019
14631.662
14598.791
14569.981
14542.039
14517.97
14495.796
14476.895
14459.667
14445.1875
14432.654
14423.351
14417.901
14419.853
14433.907
14473.32
14560.528
14755.18
15156.264
16051.896
17816.031
21830.625
28589.41
43154.79
54209.58
66473.66
34296.625
15477.23
28145.902
23168.064
17628.832
23736.656
17750.766
21712.729
19624.168
19630.062
20315.088
18314.59
20412.656
17901.613
20269.771
17551.22
19659.277
17424.32
19045.164
17513.605
18177.588
17545.016
17326.531
17574.836
16674.338
17385.936
16281.844
16758.582
16276.053
15906.493
16252.164
15504.058
15515.877
15666.114
15010.432
14866.308
15142.382
14857.262
14419.166
14255.612
14460.717
14782.666
15087.185
15481.88
16036.318
17146.969
19075.309
23377.281
29776.48
41922.586
46311.008
45898.77
22150.246
15963.973
27283.715
19585.178
17083.473
22522.674
16206.981
20555.922
18498.742
17885.078
19629.367
16456.746
19371.895
16354.623
18727.08
16809.527
17580.727
17241.082
16528.002
17443.818
15955.187
17168.986
15957.458
16253.254
16270.356
15382.483
16070.049
15353.628
15123.426
15539.313
14848.541
14628.38
15002.587
14670.469
14159.728
14204.209
14495.2
14570.779
14342.228
14090.768
13948.562
13946.698
14043.107
14210.486
14458.541
14803.318
15342.848
15986.207
16879.566
17459.32
17921.777
17254.148
16139.043
14643.262
13852.135
14076.226
14814.336
15257.026
14876.784
14196.736
13772.64
13878.238
14277.072
14556.569
14588.6
14339.26
14038.656
13772.494
13617.24
13566.095
13596.828
13690.498
13842.035
14080.848
14432.279
15031.492
15892.369
17403.953
19230.27
22225.057
24147.984
26259.465
23329.408
18998.912
14402.615
14400.344
17407.98
17584.66
15131.011
13994.792
15662.257
16513.812
14766.602
13895.829
14965.883
15537.877
14697.49
13716.033
13920.435
14728.539
14971.066
14575.612
13875.809
13443.452
13407.913
13685.628
14183.891
14834.017
15848.042
17211.615
19762.752
22938.057
28691.078
31885.164
34871.957
25898.39
16470.984
14304.001
19852.3
20357.367
14436.584
16915.043
19334.652
14697.813
16427.19
18090.5
14507.234
16371.205
17149.354
14326.752
16144.731
16524.844
14176.672
15529.344
16222.281
14127.331
14508.708
15801.522
14600.818
13565.477
14327.385
15026.248
14547.633
13547.992
13272.397
13786.291
14495.879
15068.158
15223.477
15284.722
15118.934
15043.841
14867.49
14792.073
14608.884
14468.294
14196.376
13924.193
13590.115
13308.13
13105.3125
13021.708
13046.752
13139.636
13254.035
13343.558
13408.612
13429.893
13449.558
13455.4
13499.557
13568.054
13732.634
13984.688
14484.252
15229.269
16665.271
18611.477
22241.793
25656.463
30883.336
29634.84
25775.277
16318.0205
13497.289
18058.812
18790.89
14777.074
14219.639
17092.225
15894.912
13719.7705
15790.26
16064.51
13756.084
14749.492
15837.756
14008.943
13725.155
15043.195
14535.242
13322.512
13472.284
14295.939
14331.359
13474.105
12888.422
13009.281
13563.969
14200.914
14633.572
15097.049
15466.6
16231.939
17107.785
18875.527
20537.016
23275.555
23644.348
23259.178
18426.113
14111.15
13060.558
15433.383
17042.717
14865.388
13089.179
14132.584
15308.225
14460.647
13071.802
13480.116
14528.008
14199.993
13168.875
12774.588
13298.719
13952.678
13976.886
13585.396
13023.489
12656.745
12546.098
12656.753
12933.306
13356.306
14032.029
15009.726
16787.594
19161.8
23426.932
26862.07
31335.43
27295.328
20532.355
13343.309
15016.465
19755.387
16396.46
13223.829
15960.618
16214.41
13558.897
14366.149
15508.205
13812.156
13573.48
14816.873
14061.9795
13078.404
13939.745
14260.426
13154.139
12842.232
13547.014
13736.245
13171.857
12550.88
12508.769
12933.412
13433.548
13883.569
14153.1875
14521.913
14887.21
15670.266
16588.55
18329.295
19817.07
22032.318
21706.455
20414.848
16049.299
12890.394
12915.638
15044.816
15923.502
13956.071
12602.675
13477.589
14516.481
14009.05
12718.463
12619.821
13481.701
13811.354
13303.758
12509.412
12233.664
12543.583
13075.715
13583.529
13844.885
14083.194
14182.026
14471.295
14755.62
15412.751
16044.85
17183.512
17822.234
18645.545
17810.42
16468.398
14049.192
12430.868
12349.036
13414.121
14319.86
13907.193
12892.261
12207.702
12409.863
13071.849
13418.109
13291.301
12752.605
12261.967
11999.678
12007.911
12220.763
12571.136
13101.054
13836.158
15175.91
17181.443
21252.254
26382.348
35851.816
38671.32
38598.43
20724.027
12611.852
20185.348
19805.059
13409.388
16573.543
16920.953
13451.38
16306.242
14690.459
14105.599
15696.657
13611.075
14889.382
14603.539
13561.073
14867.134
13685.535
13610.155
14275.899
13143.492
13322.117
13690.23
12832.447
12750.47
13203.086
12794.153
12211.935
12390.517
12753.615
12601.869
12187.468
11873.783
11845.508
12052.456
12417.653
12995.853
13883.185
15626.627
18515.996
24593.758
32012.316
44477.812
41795.633
31531.957
13396.357
19155.25
26724.398
13843.44
19858.113
21104.498
14161.859
21914.44
15382.084
17678.45
17456.314
14718.805
18066.23
14028.352
17592.504
14509.754
15971.425
15224.39
14457.938
15664.242
13694.338
15423.469
13771.881
14287.469
14267.51
13204.583
14173.168
13137.382
13138.452
13562.828
12586.377
12730.08
13096.691
12318.889
12055.138
12516.989
12495.276
11995.352
11641.23
11747.153
12131.77
12525.539
12917.432
13261.814
13811.961
14518.056
15867.471
17452.477
20081.207
21515.512
22674.006
19198.47
14780.264
11770.23
13084.051
15588.925
14408.223
12137.633
12454.853
13957.31
13494.946
11965.2
12302.221
13354.368
12828.677
11799.364
11834.204
12547.244
12741.447
12108.667
11531.904
11501.066
11902.858
12375.092
12605.665
12667.92
12521.928
12363.178
12159.991
12008.744
11864.372
11761.841
11667.446
11598.034
11531.531
11477.799
11424.887
11379.693
11337.123
11301.247
11270.37
11245.478
11225.43
11209.301
11196.172
11185.042
11175.537
11167.292
11160.577
11155.754
11154.094
11157.749
11171.832
11205.742
11281.849
11439.888
11783.193
12471.411
13987.511
16811.38
23036.566
31893.31
48705.164
50700.78
43680.22
14874.645
20167.434
30384.16
13301.964
24507.988
19991.193
17312.072
22321.297
14360.609
21340.363
14247.313
20341.03
14926.575
18535.227
15332.734
17176.164
15790.604
16168.891
15757.333
15216.479
15753.847
14524.224
15607.082
13897.999
15224.026
13570.212
14704.253
13466.881
13912.998
13529.941
13067.212
13552.676
12557.647
13088.725
12701.579
12183.485
12666.287
12167.103
11706.696
12052.842
12012.252
11408.776
11205.198
11486.669
11757.641
11818.338
11709.543
11610.547
11576.002
11667.411
11942.185
12613.624
14046.074
17442.154
23554.656
36400.074
47123.17
57721.37
29932.86
11835.278
22915.604
19753.479
13395.4795
19690.434
13767.413
17586.02
15451.375
15706.889
16039.746
14512.588
16179.937
14103.169
16100.047
13762.667
15697.398
13622.639
15292.591
13561.977
14669.693
13516.56
14057.424
13559.63
13442.487
13534.07
12877.321
13351.953
12553.796
12906.382
12543.902
12223.975
12515.202
11894.822
11899.276
11999.732
11486.0625
11382.313
11550.733
11340.281
10965.956
10917.72
11107.621
11244.814
11266.562
11203.389
11149.178
11120.287
11138.154
11209.143
11385.33
11735.0
12465.218
13666.768
15847.533
18336.219
21848.764
22317.355
21030.125
15044.955
11120.18
12244.497
14936.904
14288.807
11399.633
11984.578
13874.067
12525.97
11113.188
12152.863
12738.762
11609.964
11001.716
11818.197
12210.553
11368.464
10775.005
11122.873
11667.737
11716.591
11217.203
10738.916
10576.369
10742.14
11101.765
11509.995
11993.562
12478.832
13212.883
13993.314
15295.635
16377.075
17910.553
17847.688
17184.652
14278.492
11626.689
10605.444
11693.151
13108.552
12715.203
11344.796
10666.468
11328.387
12129.344
11831.601
10992.316
10532.453
10812.791
11368.661
11582.622
11423.014
10989.234
10610.135
10392.2705
10359.308
10469.95
10690.156
11040.205
11555.016
12460.571
13840.328
16476.615
19949.852
26136.2
29725.246
32689.44
22708.15
12773.572
11980.596
17706.734
16281.108
11192.868
15275.809
15516.139
11408.224
14993.382
14141.539
11678.069
14811.711
12852.896
12026.767
14151.714
11962.066
12138.388
13293.856
11509.979
11862.697
12624.084
11300.631
11300.825
12106.966
11388.529
10701.114
11292.568
11650.272
10965.933
10394.98
10569.852
11080.606
11416.688
11338.769
11106.53
10810.059
10596.028
10448.803
10366.848
10325.3125
10319.407
10348.098
10433.312
10600.773
10930.781
11472.553
12456.22
13832.562
16181.156
18487.596
21755.678
21840.459
20543.773
14775.676
10730.811
11274.092
14045.534
14235.877
11281.302
10814.85
12779.497
12599.289
10864.619
10742.819
11948.207
11933.384
10680.476
10441.022
11261.401
11543.494
10961.387
10250.041
10188.525
10652.515
11127.726
11388.778
11312.046
11161.54
10942.182
10811.038
10729.404
10770.649
10905.883
11256.574
11831.198
12968.027
14578.408
17525.8
20523.086
25053.61
24912.16
22593.508
14367.686
10276.263
13152.078
15514.037
12896.028
10575.449
13066.713
13691.839
10880.633
11627.517
13199.994
11287.425
10788.766
12259.993
11599.572
10419.095
11030.22
11599.655
10868.477
10164.405
10558.578
11149.576
10939.556
10324.192
9910.3
9976.741
10371.779
10854.445
11416.787
11999.327
12999.526
14355.646
17095.793
20507.955
26770.455
29858.969
31965.625
20995.348
11393.452
12181.04
17401.428
14683.786
10731.12
15108.437
14205.621
10949.876
14602.3955
13003.555
11306.914
14129.25
11897.372
11615.845
13292.058
11177.384
11619.021
12421.772
10814.001
11268.242
11810.941
10627.063
10679.78
11352.278
10716.714
10090.64
10566.234
10932.449
10415.722
9847.404
9842.176
10247.606
10680.694
10870.028
10961.8
10949.127
11056.445
11243.24
11759.012
12556.748
14167.854
16215.594
19771.262
22097.494
24440.281
20097.275
14149.689
9935.752
12101.506
15266.145
12528.037
10121.725
12073.621
12742.102
10684.2
10545.19
11990.971
11299.325
10095.048
10959.086
11496.323
10356.166
9964.62
10740.343
10873.065
10157.027
9665.056
9950.171
10472.875
10577.941
10313.713
9881.436
9575.869
9457.782
9504.861
9681.23
9980.479
10491.748
11314.138
12898.848
15386.949
20267.662
25760.082
34371.3
32630.258
25494.299
11586.602
12927.591
20287.29
12986.422
11816.035
16542.145
11367.98
13125.008
14420.21
10894.843
14276.613
12208.264
11830.599
13492.084
10932.626
12493.218
11796.098
10957.351
12198.584
10765.319
11202.095
11518.628
10351.228
11051.858
11005.869
10061.217
10554.803
10769.971
9923.001
9792.938
10328.831
10268.342
9716.097
9367.785
9516.272
9924.404
10293.69
10621.965
10879.158
11350.308
12031.516
13483.451
15605.719
19791.484
23994.328
30094.262
27482.566
20760.367
10699.787
11863.306
17645.062
12938.857
10341.205
14284.238
12000.5625
10536.844
13051.133
10993.334
10906.409
12290.326
10425.255
11131.479
11609.403
10156.7
11016.303
11113.007
9949.583
10626.758
10823.613
9791.759
9986.897
10544.494
9954.591
9388.142
9673.487
10076.45
9971.065
9481.879
9154.957
9166.17
9432.022
9833.941
10291.19
10947.0
11809.506
13406.008
15570.6875
19590.574
23154.504
27870.861
24480.453
17785.658
9969.73
11599.305
16387.117
12479.35
9847.32
13128.593
12058.977
9883.948
11856.863
11329.253
9907.748
11233.117
10788.677
9830.161
10707.18
10453.555
9657.217
10154.15
10241.272
9551.664
9522.205
9912.142
9728.589
9226.325
9164.089
9462.774
9612.622
9488.8545
9208.189
8995.069
8909.689
8944.088
9069.786
9284.465
9652.239
10267.433
11469.307
13476.643
17491.83
22663.363
31352.404
32870.492
29872.676
14086.143
10186.131
18090.486
14477.101
9994.815
14424.543
12038.829
10698.028
13375.236
10469.375
11930.61
12015.83
10419.978
12299.516
10678.691
10935.141
11489.754
10095.815
11037.518
10539.491
9972.582
10693.589
9947.85
9777.161
10239.799
9637.39
9378.273
9767.04
9565.83
9072.155
9071.458
9344.701
9379.201
9098.747
8828.068
8727.957
8810.156
9020.392
9337.215
9859.59
10722.416
12481.336
15502.799
21875.734
29789.688
42547.758
38565.836
25664.82
9562.98
18531.018
22299.422
10134.242
19369.547
15817.643
12610.172
18248.527
10915.158
16110.13
11979.475
13845.01
13459.744
12112.125
14053.423
11068.27
13659.534
10932.126
12912.272
11318.523
11797.628
11687.413
10806.692
11771.059
10322.3125
11379.818
10404.861
10479.549
10672.033
9806.897
10314.657
9940.244
9468.662
9928.459
9472.937
9100.675
9422.571
9304.876
8838.237
8766.588
9001.099
9122.475
8948.747
8715.756
8555.558
8528.473
8594.287
8748.411
9011.902
9480.039
10418.258
12125.436
15641.984
20787.398
29899.152
33748.848
33546.207
16360.059
9219.726
17144.21
14916.428
9591.124
13999.467
11669.633
10528.701
13018.854
9973.139
12155.503
11149.464
10611.264
11879.126
9986.306
11337.406
10354.295
10328.487
10827.219
9731.546
10593.646
9950.768
9714.3125
10214.473
9395.46
9539.813
9719.883
9073.884
9134.118
9364.282
8933.031
8654.935
8892.663
8995.637
8692.126
8408.386
8396.826
8592.125
8839.938
9039.151
9252.729
9494.366
9952.112
10671.803
12128.969
14282.092
18306.93
22182.082
27233.887
23985.977
16970.475
9063.509
11242.45
15830.38
11090.142
9444.948
13019.636
10507.708
9535.917
11812.973
9734.668
9835.946
11071.119
9284.725
10005.939
10445.504
9070.202
9876.498
10007.896
8899.2295
9505.653
9749.27
8782.765
8917.47
9466.264
8948.766
8407.858
8660.698
9033.776
8912.474
8447.977
8175.8833
8252.28
8541.049
8893.046
9201.051
9566.186
9962.428
10672.527
11608.728
13350.49
15292.805
18399.572
19583.125
19883.893
14842.387
9795.103
8497.128
11296.186
12528.26
9546.057
8706.449
10749.51
10327.084
8619.566
9211.694
10086.332
9117.17
8498.326
9344.906
9502.36
8570.972
8434.754
9071.482
9078.834
8480.204
8144.6636
8407.919
8796.325
8828.232
8569.086
8219.893
8002.6777
7962.4775
8064.481
8273.455
8577.484
9059.542
9781.605
11129.033
13173.522
17109.652
21667.771
28918.605
28850.871
24325.824
11381.252
9509.878
16297.182
12602.197
8916.204
12894.113
10798.253
9406.985
11884.752
9479.63
10248.173
10912.078
9127.03
10719.207
9837.648
9335.622
10395.619
9157.148
9409.52
9804.372
8795.144
9190.4375
9318.304
8552.989
8749.826
8989.939
8455.723
8220.314
8542.243
8600.34
8196.224
7918.1577
8008.4194
8266.844
8480.337
8549.619
8582.924
8605.467
8747.506
9037.089
9724.053
10980.81
13717.654
18071.324
26657.414
33581.395
40298.734
24319.139
9550.895
12882.042
17575.684
10561.036
11640.259
13950.807
9405.309
12599.514
10658.136
10522.913
11843.699
9606.182
11830.023
9824.949
10737.723
10423.054
9699.733
10657.783
9328.123
10261.356
9572.321
9426.72
9825.823
8924.27
9421.665
9074.122
8689.546
9066.008
8617.786
8394.275
8672.84
8372.801
8035.4854
8199.11
8267.852
8003.243
7752.4946
7774.6045
7953.9194
8115.7314
8217.421
8270.779
8377.646
8579.004
9047.391
9943.974
11953.818
15510.717
23036.037
31792.91
44378.277
34556.188
16672.0
9340.1455
20230.871
15578.811
10478.986
17873.594
10770.035
13478.798
13086.908
10448.823
13940.906
9752.495
13568.653
10175.867
12137.52
10814.724
10789.934
11341.291
9944.746
11413.101
9553.939
10894.103
9600.185
10151.297
9846.417
9381.241
9909.897
8939.501
9498.108
8984.958
8804.396
9061.681
8477.557
8556.447
8664.476
8101.954
8213.471
8347.86
7932.111
7743.429
7957.8843
7998.02
7795.892
7547.4897
7492.6904
7601.05
7811.4824
8088.627
8472.575
9146.963
10314.437
12808.018
16977.17
25484.61
33899.81
43843.324
28790.117
10922.044
11762.5205
18687.166
11025.82
11713.583
14311.706
9275.383
13114.713
10148.38
11277.237
11430.382
10011.802
11899.693
9453.227
11445.316
9540.112
10705.862
9935.651
9867.38
10189.427
9224.837
10103.606
8992.547
9684.72
9082.797
9009.821
9197.907
8520.724
8927.27
8517.563
8325.372
8546.769
8116.7856
8018.2993
8213.309
7854.9204
7666.7705
7836.9
7800.4297
7526.4746
7389.2134
7465.3726
7625.2056
7700.82
7713.9443
7675.7935
7667.115
7689.2656
7794.8545
8017.335
8522.377
9491.964
11560.105
15003.958
21724.688
28228.19
35678.016
25858.18
12110.311
8916.827
16698.508
13271.962
8808.558
14821.895
10326.494
10545.022
12528.324
8730.627
11867.427
9328.742
10394.008
10407.398
9179.489
10779.07
8791.203
10158.207
9109.3545
9221.313
9528.694
8566.182
9441.615
8570.45
8689.114
8882.944
8106.0107
8579.947
8303.237
7867.076
8246.551
7971.289
7589.71
7818.1187
7825.23
7457.6724
7318.2754
7499.8984
7614.57
7475.6626
7262.2466
7126.7935
7118.8623
7213.168
7386.579
7675.49
8164.9033
9164.82
11068.792
15337.957
22516.52
37024.047
45935.043
48559.566
16570.773
11097.855
24106.553
9987.207
16231.515
14683.756
11805.792
15636.807
10453.959
14878.381
10428.174
13757.088
11415.186
12100.886
12213.194
10806.567
12223.669
10521.018
11850.627
10197.34
11573.169
9859.438
11243.919
9775.463
10574.359
9849.594
9875.707
9875.584
9368.999
9763.073
9005.432
9494.041
8789.648
9123.523
8684.45
8656.022
8609.272
8227.85
8419.697
8013.487
8033.2593
7947.2173
7707.302
7649.609
7671.538
7370.708
7340.2466
7372.859
7275.3916
7076.4805
7050.5986
7083.757
7177.8896
7195.8965
7222.128
7214.1265
7266.9946
7359.451
7602.589
8085.4795
9215.727
11486.016
16611.588
24794.902
40307.7
45239.91
39492.145
10669.838
15680.91
23934.332
8801.082
19741.104
12964.625
13531.916
15048.818
10351.583
15569.928
9536.925
15106.228
10017.197
13502.824
10609.721
12338.337
10818.0205
11668.685
10725.882
10874.096
10954.751
10135.429
10936.256
9683.077
10572.329
9476.356
10153.115
9272.829
9752.876
9091.307
9353.659
8996.4
8912.746
8908.266
8478.208
8754.895
8181.835
8455.821
8072.7173
8008.23
8019.205
7669.8716
7725.039
7622.6616
7349.5835
7395.547
7352.425
7104.383
7048.2124
7119.6436
7068.1772
6907.973
6813.5967
6818.421
6904.634
7004.518
7122.141
7281.921
7558.238
8099.289
9148.414
11495.619
15805.371
25061.977
35926.914
50947.195
35427.7
12525.043
11611.621
20294.465
10375.34
13073.627
13229.7705
9678.957
13504.932
9207.005
12982.389
9545.871
11991.174
9947.075
11018.992
10422.845
10151.66
10631.934
9479.589
10560.665
9182.127
10324.953
8984.996
9948.61
8861.559
9552.04
8773.97
9083.24
8703.978
8630.55
8630.582
8270.088
8447.883
8064.261
8095.285
8002.586
7688.5483
7885.272
7497.6113
7509.658
7516.662
7198.98
7222.1113
7242.131
6970.5786
6898.1567
6972.2505
6932.7485
6755.177
6658.8813
6681.6963
6780.004
6854.329
6926.806
6985.5835
7102.6514
7300.0264
7743.463
8597.597
10502.034
13987.821
21554.62
31328.93
46403.586
38565.33
19243.918
7958.9717
20983.197
14906.285
10558.228
17173.465
9133.688
13995.453
10430.7
11604.421
11720.52
10254.213
12050.671
9547.186
11775.636
9327.369
11446.821
9119.354
10961.933
8997.15
10479.121
9076.023
9848.098
9141.4375
9254.465
9166.694
8763.363
9058.737
8388.693
8833.4375
8171.093
8503.931
8080.656
8075.7856
8042.159
7678.711
7892.759
7499.592
7520.8574
7512.2476
7170.1924
7288.531
7189.137
6898.1675
6987.9087
6968.3833
6740.2275
6635.005
6729.05
6750.8804
6647.413
6505.3296
6445.32
6464.6924
6543.1636
6666.0503
6845.6753
7167.9136
7750.665
9018.384
11493.361
17161.268
26354.64
44308.934
50371.17
43736.582
9769.161
18715.832
24647.064
9254.905
21804.596
11385.349
15175.862
13860.916
11383.967
14913.894
10814.501
13930.76
10949.564
13435.408
10149.078
13523.126
9899.69
12422.628
10227.762
11933.453
9798.715
11649.07
9778.777
10888.482
9881.102
10434.463
9541.681
10155.2295
9399.45
9651.594
9352.267
9205.995
9169.904
8920.365
8889.316
8651.526
8635.077
8369.758
8404.264
8120.5522
8148.502
7926.7188
7848.0073
7783.5996
7544.8184
7617.183
7319.8086
7340.833
7219.8564
7018.8384
7070.73
6885.3936
6769.689
6771.1616
6685.207
6525.7407
6509.3135
6515.531
6463.655
6356.105
6305.0786
6300.567
6342.618
6389.464
6451.8594
6538.041
6692.383
7000.1357
7620.3477
9032.488
11878.904
18492.533
29305.115
50286.668
53930.5
40580.688
7746.796
24257.887
22367.637
11949.061
21424.328
11191.02
16251.596
12524.9795
14166.123
12168.378
14126.654
11709.599
12655.75
12589.239
11813.464
11814.938
11679.294
11709.965
10792.661
11708.259
10603.646
11071.577
10393.486
11029.806
9842.003
10674.412
9776.6045
10221.494
9458.052
10050.668
9127.321
9708.115
8998.961
9288.045
8816.017
9003.203
8544.995
8752.702
8305.025
8462.905
8139.6587
8144.82
7983.01
7831.632
7814.893
7554.32
7614.4917
7328.2656
7366.4985
7167.163
7094.5747
7019.9517
6885.056
6795.99
6764.1055
6594.5493
6558.2393
6512.1484
6403.9604
6316.4526
6310.258
6273.5967
6218.4717
6147.9697
6125.2095
6122.215
6146.6626
6168.2188
6210.67
6266.7407
6380.5605
6607.448
7088.9097
8178.791
10471.037
15932.339
25673.062
45976.97
56869.734
55638.49
11805.221
19383.414
26951.922
10061.906
22585.262
11834.129
15420.639
14282.518
12580.736
13472.516
13573.888
12337.91
12186.963
13303.678
11741.649
11965.266
11774.164
12211.695
10838.503
11757.147
11088.055
11341.082
10468.851
11287.459
10422.426
10691.943
10116.532
10613.192
9761.753
10140.756
9697.311
9861.311
9281.705
9704.42
9058.797
9322.508
8899.741
9024.013
8608.911
8810.555
8347.768
8525.053
8171.5303
8202.024
8009.4834
7906.1567
7826.013
7642.8647
7631.877
7406.812
7431.116
7199.7812
7206.5605
7036.0176
6952.4033
6898.2554
6725.063
6712.2983
6590.435
6484.549
6445.9546
6368.231
6250.7373
6221.6445
6184.608
6107.9077
6032.2114
6012.858
6006.7295
6001.578
5975.385
5951.1357
5926.231
5914.001
5903.9023
5900.332
5895.2095
5892.2456
5886.9805
5883.6787
5882.2056
5891.487
5925.1885
6022.5405
6265.1963
6869.595
8236.294
11514.226
17866.957
31952.045
46629.043
63029.344
29925.611
6778.5044
21242.783
12163.353
11694.097
13569.642
10387.719
12681.395
10043.645
12271.74
9411.715
12186.004
9674.959
11153.7
10300.6
10240.504
10147.935
10212.054
9810.615
9703.461
10016.383
9212.131
9805.305
9148.953
9425.94
8907.843
9314.003
8523.522
9125.589
8359.851
8798.771
8259.384
8478.918
8085.8604
8230.237
7879.1763
7973.9087
7692.2593
7699.527
7537.71
7436.8145
7373.4067
7212.37
7168.4253
7041.394
6926.379
6904.255
6703.296
6720.639
6572.5273
6468.1167
6462.6797
6307.2817
6233.618
6210.8916
6114.742
6007.567
5985.175
5965.7114
5895.1206
5815.506
5777.16
5774.362
5786.8535
5801.1396
5817.7734
5847.667
5914.926
6063.1934
6406.329
7190.228
9203.861
13896.007
26421.117
49286.668
96923.055
81744.0
28437.123
19106.18
30880.5
14910.635
18682.793
17752.887
16204.27
14145.146
17261.91
14771.281
14120.002
13636.871
15425.621
14081.259
14019.4
12728.458
14132.218
13090.338
13898.087
12278.82
13280.353
12250.348
13313.83
11972.22
12757.025
11678.057
12622.019
11534.356
12097.201
11099.956
11778.859
11060.768
11468.144
10657.862
11020.968
10494.392
10796.954
10216.105
10371.681
9942.534
10076.498
9666.306
9779.708
9449.528
9466.114
9144.231
9193.198
8932.616
8894.165
8682.762
8633.436
8417.267
8387.792
8205.173
8132.1743
7982.6934
7887.4316
7757.4287
7669.1104
7544.4336
7449.8257
7336.4727
7234.512
7143.0083
7035.725
6951.6914
6846.642
6757.5737
6670.9473
6572.0635
6502.718
6403.3433
6327.5947
6253.83
6164.2573
6103.903
6032.593
5959.416
5901.0093
5851.418
5791.8823
5742.557
5705.301
5674.689
5641.4805
5612.6094
5589.5957
5576.0923
5567.6265
5564.5137
5563.5117
5566.8516
5574.6753
5593.6196
5633.901
5726.339
5930.9033
6412.2373
7478.227
10060.486
15367.414
27888.918
44902.387
72019.22
48579.87
12750.875
15275.305
21735.514
8899.116
15702.791
10886.785
11837.167
12571.033
10179.399
12279.896
10153.175
11646.372
9959.095
11820.074
9213.572
11319.531
9452.319
10717.989
9122.988
10653.445
8894.549
10172.196
8974.0
9816.822
8675.881
9635.682
8509.848
9195.774
8449.59
8906.389
8230.735
8675.607
8059.8125
8350.267
7971.648
8019.2603
7825.089
7758.7466
7644.1553
7542.5303
7467.727
7316.5083
7304.403
7095.387
7134.169
6893.736
6942.459
6725.6504
6731.461
6588.689
6519.3213
6450.5293
6342.787
6274.3364
6216.34
6088.765
6075.662
5972.31
5894.8213
5857.547
5793.4663
5702.809
5673.9893
5633.506
5580.2505
5516.825
5492.9185
5476.657
5463.971
5435.1636
5411.732
5386.548
5374.368
5363.086
5361.269
5358.2495
5363.1855
5371.63
5399.801
5464.716
5634.3145
6049.126
7128.4365
9711.716
16538.488
30498.79
63439.906
83230.516
81902.7
8890.33
41049.863
26951.068
24568.643
21062.947
16405.422
25584.41
9417.472
22843.027
13259.664
20622.432
10991.521
18345.389
12831.946
17953.432
12352.64
15876.564
12580.223
15465.216
13130.519
14154.6045
12811.634
13463.062
13290.72
12988.783
12987.759
12209.598
12781.339
12013.811
12621.589
11534.311
12060.221
11200.608
11895.732
11076.894
11482.151
10664.804
11058.395
10485.64
10781.822
10205.427
10373.284
9920.201
10063.086
9684.921
9762.075
9443.889
9450.05
9148.706
9166.813
8933.366
8901.334
8665.189
8632.288
8429.106
8377.603
8210.649
8148.5493
7967.9814
7915.0894
7751.1597
7694.092
7549.152
7479.37
7341.64
7274.7705
7147.205
7081.15
6962.194
6886.222
6782.5938
6699.212
6614.056
6522.9805
6448.559
6354.9155
6283.8633
6200.9204
6124.6484
6055.1157
5974.647
5909.207
5841.6895
5770.411
5714.357
5652.137
5591.7
5540.273
5493.299
5443.228
5399.941
5364.0684
5332.7114
5301.412
5274.364
5252.0957
5236.085
5223.815
5214.889
5207.7295
5202.896
5199.7563
5199.7393
5204.713
5220.6377
5260.5967
5354.719
5581.266
6105.7544
7401.753
10308.676
17617.281
31178.16
60986.227
73079.75
63943.6
7611.3564
34288.316
25600.535
18557.328
21013.871
14765.124
19516.322
10086.068
21476.496
9637.977
17239.23
10932.748
17514.605
9993.782
14915.373
11033.635
15027.935
10432.924
13251.111
10747.754
13347.199
10781.852
12097.51
10580.543
11983.155
10812.99
11220.456
10350.3545
10904.308
10480.482
10498.122
10042.891
10126.383
10040.917
9862.407
9628.789
9549.847
9526.919
9276.5205
9163.74
9038.04
9003.937
8737.882
8703.212
8584.0205
8460.445
8297.323
8268.83
8089.6274
7995.9697
7899.1177
7788.468
7657.7876
7597.491
7459.107
7372.6914
7291.1367
7153.9395
7113.2925
6965.3516
6925.9717
6791.9424
6744.084
6623.6274
6570.4487
6459.4434
6401.7637
6303.11
6235.3433
6155.356
6075.5356
6010.5356
5930.284
5862.6704
5800.3184
5720.3394
5670.6406
5600.5854
5538.8584
5486.952
5433.0996
5372.3315
5331.593
5286.7466
5243.036
5199.5874
5170.2983
5141.9185
5116.053
5088.4033
5067.7646
5050.3403
5040.0264
5031.247
5026.9204
5023.447
5025.078
5031.3726
5051.335
5096.3335
5204.8984
5453.5293
6063.247
7473.4404
11080.631
18862.066
38369.945
63636.812
100265.27
43967.56
6804.3755
30208.156
9773.098
18667.408
13938.807
11478.01
17225.426
8814.162
14594.444
11308.274
13581.914
9586.011
13442.164
11126.016
12090.359
9926.385
12089.15
10810.775
11404.9375
10006.835
11080.374
10549.886
10821.136
10009.25
10388.572
10205.051
10246.123
9714.983
9794.009
9746.034
9712.271
9365.805
9315.173
9294.671
9195.082
8935.643
8906.15
8823.735
8663.588
8496.483
8489.604
8347.169
8194.484
8110.588
8053.763
7856.321
7830.2915
7695.374
7592.804
7482.012
7426.3584
7264.4585
7241.4614
7088.775
7029.617
6925.774
6838.2764
6752.41
6667.364
6576.209
6504.1323
6411.6807
6342.2183
6259.2754
6180.5723
6111.724
6025.327
5966.3906
5883.0376
5819.6206
5751.259
5678.3535
5621.3936
5553.801
5490.0693
5438.1494
5374.353
5320.0947
5272.338
5220.9414
5169.4243
5130.935
5090.7954
5051.2554
5014.2007
4986.7144
4961.7007
4939.2007
4916.369
4897.894
4882.2803
4871.3833
4862.7783
4857.187
4853.2134
4852.317
4855.4946
4867.5425
4898.8857
4974.1597
5157.9023
5593.862
6698.9346
9285.38
16056.737
29787.754
62708.227
84215.08
88063.84
9963.088
38972.285
29495.014
23138.967
21502.223
16650.14
24486.137
8687.481
23328.006
12397.184
19788.828
10106.393
18317.883
12229.473
17158.12
11359.403
15265.131
12092.102
14775.399
12412.312
13202.07
12285.855
12671.58
12804.188
12043.058
12426.052
11370.496
12323.525
11217.129
12037.194
10725.243
11515.609
10558.14
11349.551
10411.302
10853.142
10072.505
10498.454
9968.189
10196.218
9678.11
9790.775
9450.029
9526.784
9245.157
9226.1
9002.838
8940.953
8747.612
8689.415
8544.005
8442.315
8284.119
8194.647
8077.446
7974.593
7857.158
7764.8003
7634.0503
7547.413
7440.5454
7350.4995
7239.1587
7157.7935
7044.2173
6971.813
6868.5923
6791.9526
6692.985
6617.126
6521.448
6454.331
6360.009
6295.351
6204.192
6139.0645
6057.844
5988.9497
5918.6035
5843.42
5781.9287
5706.467
5648.8203
5580.6343
5518.4614
5460.4966
5397.195
5341.9097
5288.3604
5230.475
5181.7944
5132.956
5083.0547
5039.2886
4999.6846
4958.334
4920.4155
4887.788
4858.7524
4830.3765
4804.228
4781.725
4763.549
4748.146
4735.0464
4723.2334
4712.9717
4703.975
4696.4565
4689.94
4684.507
4680.1035
4677.485
4678.292
4687.1484
4714.396
4787.361
4968.535
5429.84
6541.3213
9435.592
15940.23
32745.4
58035.805
102558.32
60749.562
9332.618
24907.129
16218.004
13815.684
15191.477
11317.436
16292.08
8116.4663
15876.134
9437.38
13354.549
9405.91
13894.1875
9449.363
12053.866
9477.85
12327.635
9420.449
11233.914
9340.853
11252.277
9409.404
10547.14
9234.103
10472.898
9270.703
9880.1455
8943.239
9732.635
8963.287
9316.561
8666.281
9138.137
8604.495
8783.972
8365.653
8620.318
8174.566
8287.826
8010.9023
8124.452
7775.6553
7869.0786
7644.5586
7639.3467
7427.9976
7476.2666
7230.7505
7249.468
7080.0015
7049.399
6902.1147
6882.0415
6719.449
6703.0156
6566.895
6516.1646
6423.9
6338.601
6276.763
6179.257
6129.808
6031.5054
5984.235
5889.6865
5840.3193
5756.095
5699.185
5630.53
5560.9873
5508.8423
5433.201
5385.416
5319.7134
5261.602
5210.851
5151.7515
5098.875
5053.9844
4999.4004
4952.451
4912.414
4867.119
4824.0425
4788.9033
4756.0815
4721.1523
4689.0225
4662.866
4641.227
4620.678
4600.8223
4582.62
4567.2114
4554.8525
4545.134
4537.6123
4531.8906
4528.1797
4527.1904
4531.1226
4545.315
4582.835
4676.693
4903.9487
5483.9287
6894.468
10658.9
19227.596
41954.777
73457.05
122440.33
47653.426
8404.265
34888.742
10478.328
19871.363
17401.234
10700.767
17315.066
13282.483
13341.711
11287.41
14643.002
12402.548
12485.061
11083.658
12809.047
12228.715
12066.774
11195.569
11181.974
11690.549
11496.298
11538.008
10655.306
11114.241
10656.601
11252.705
10381.195
10712.776
9993.215
10578.627
9984.016
10292.453
9598.924
9952.825
9521.997
9787.593
9238.377
9372.997
9030.519
9219.782
8837.182
8878.263
8585.161
8682.955
8405.462
8401.025
8183.2217
8198.536
7961.109
7942.214
7780.8257
7748.1455
7554.8887
7526.102
7387.076
7315.187
7192.514
7137.846
6999.116
6940.743
6836.311
6756.2236
6666.0703
6588.5015
6493.1616
6424.8315
6337.198
6261.208
6189.057
6102.419
6042.9897
5955.7817
5900.204
5817.9116
5758.9185
5685.798
5622.5854
5559.7466
5492.3423
5436.8486
5369.1333
5316.355
5254.4917
5199.865
5145.018
5090.4673
5037.939
4989.5703
4937.4365
4892.4365
4846.72
4801.766
4760.245
4722.09
4683.1006
4647.476
4614.933
4585.2485
4556.012
4529.8174
4506.411
4486.346
4467.8477
4451.4346
4436.392
4423.616
4412.4023
4403.164
4394.986
4388.2383
4382.1484
4377.1465
4373.0444
4371.033
4372.7144
4383.568
4415.4463
4500.5005
4713.882
5268.495
6633.765
10298.097
18672.008
40911.785
71943.52
121555.59
49328.63
7517.7505
34074.074
10323.666
19203.932
17258.945
9832.096
18253.613
11584.159
13837.402
10390.413
15390.85
10880.311
12729.509
10226.04
13430.9
11009.139
12124.389
10096.523
11672.306
10823.943
11637.213
10419.1455
10770.999
10341.639
10836.242
10419.832
10288.318
9957.855
10007.844
9995.808
9842.76
9628.965
9456.647
9483.6455
9367.282
9241.716
8989.194
8953.688
8862.682
8779.276
8564.496
8481.374
8389.439
8310.8955
8144.842
8050.1445
7967.652
7840.288
7724.976
7636.8564
7558.692
7415.3613
7338.8047
7243.9087
7155.8647
7035.066
6988.4985
6853.0205
6793.1904
6690.3047
6623.232
6515.5806
6464.236
6349.8223
6299.772
6203.7397
6137.355
6060.3623
5984.0845
5917.159
5842.094
5779.175
5706.164
5645.1846
5574.2974
5516.3574
5449.1577
5391.316
5329.6455
5269.998
5215.106
5155.4297
5103.709
5048.213
4995.025
4946.1895
4893.816
4846.6743
4800.5884
4753.4375
4710.1357
4669.3853
4626.9844
4588.931
4552.9873
4517.992
4484.1333
4454.228
4426.4473
4400.1685
4375.183
4353.125
4333.718
4316.6455
4301.196
4287.2075
4274.7275
4263.74
4254.2617
4245.8984
4238.579
4231.915
4225.9453
4220.2188
4214.9634
4209.7817
4205.076
4201.13
4199.4883
4203.4697
4222.3833
4281.2383
4445.2
4902.9336
6118.1626
9572.164
18096.625
42172.312
79870.87
146307.88
57402.043
9287.93
37216.746
13827.402
17510.09
21621.375
11979.535
15513.349
14812.867
16462.734
11765.225
13280.609
12818.592
14656.127
12766.97
12707.801
12191.819
12742.957
12821.13
12134.675
12217.7295
11585.107
12469.962
11596.549
12267.35
11059.557
11879.039
11003.258
11805.035
10759.258
11218.028
10379.547
10978.152
10394.362
10751.489
10093.134
10289.887
9838.4375
10074.594
9696.837
9760.307
9373.078
9421.152
9163.19
9205.095
8959.143
8933.303
8695.968
8662.363
8471.455
8441.64
8260.275
8193.163
8010.1616
7963.4653
7820.1255
7762.2905
7605.518
7539.279
7403.64
7337.0947
7211.3394
7147.7373
7022.1577
6949.345
6842.4956
6775.0513
6671.483
6599.7495
6502.8667
6426.563
6344.333
6268.259
6189.6284
6113.338
6038.9106
5964.6523
5897.8413
5823.208
5759.417
5685.889
5624.873
5556.799
5496.6187
5433.2363
5372.0728
5313.5576
5253.3975
5198.9517
5140.6265
5087.2817
5032.708
4979.99
4929.893
4878.648
4830.473
4782.693
4735.4
4691.3296
4647.095
4604.368
4563.8984
4524.1743
4485.695
4449.879
4415.199
4381.704
4350.3223
4321.2446
4293.6323
4267.644
4243.6626
4221.9355
4202.037
4183.8604
4167.2383
4152.338
4139.0566
4127.3516
4117.048
4107.9062
4099.792
4092.5645
4086.1313
4080.5981
4076.1228
4073.4424
4074.3794
4083.3774
4111.9004
4187.518
4386.0415
4886.9595
6231.4785
9555.65
18808.13
38102.01
86368.74
104826.08
86936.84
6678.4673
59635.215
23537.453
28928.477
29353.28
10900.594
29925.434
14982.969
23025.607
10808.776
20681.145
14794.971
18697.57
13365.389
15177.847
14143.906
13883.16
14996.742
13001.719
14994.137
11901.801
14399.616
11180.059
13901.697
11443.095
13698.32
11641.639
12678.811
11348.649
11758.978
11470.179
11451.036
11558.724
10938.562
11199.152
10446.451
10925.834
10221.01
10707.205
10032.748
10358.093
9745.556
9966.196
9525.609
9691.734
9368.678
9384.657
9091.46
9063.363
8901.778
8848.718
8693.537
8555.24
8435.804
8334.805
8246.177
8103.767
8008.6396
7887.0537
7812.3623
7674.913
7592.333
7484.305
7406.673
7279.938
7202.2114
7102.4365
7022.5776
6915.969
6843.8564
6747.729
6664.343
6582.5225
6505.0024
6417.9014
6343.912
6265.797
6187.6274
6118.2163
6042.5747
5972.0513
5901.803
5833.752
5765.003
5703.0513
5633.0244
5575.573
5507.4883
5452.217
5388.499
5333.024
5273.9077
5218.1313
5163.616
5108.3057
5057.4004
5003.308
4954.5166
4903.258
4855.449
4807.8896
4760.689
4716.092
4670.948
4627.7847
4586.064
4544.369
4504.681
4466.29
4428.0366
4392.29
4357.3506
4323.458
4291.106
4260.721
4231.0645
4203.0645
4176.8105
4152.291
4128.854
4107.0625
4086.899
4068.5889
4051.6008
4035.9797
4021.6084
4008.6414
3996.9243
3986.4116
3976.9087
3968.388
3960.5842
3953.539
3947.1047
3941.3228
3936.2551
3932.3499
3930.582
3933.2166
3946.1267
3982.9924
4079.9878
4322.3335
4954.2866
6514.5503
10749.878
20428.59
46455.41
80517.086
131132.39
40914.625
12965.932
37055.164
12674.566
20019.121
18557.012
13682.3125
13358.173
16774.121
13126.575
12744.098
11529.152
14397.703
12192.503
12616.149
10489.691
12905.134
11168.279
12741.424
10080.649
11926.482
10148.156
12153.966
10210.555
11513.629
9797.163
11124.597
9956.448
10822.658
9669.934
10233.802
9573.165
10059.84
9525.383
9639.437
9220.447
9322.294
9139.583
9122.936
8875.358
8746.833
8635.601
8568.232
8481.493
8315.424
8211.026
8077.6904
8018.4785
7881.358
7804.558
7666.1045
7585.94
7452.4463
7384.105
7282.7715
7198.4985
7078.753
6998.8994
6908.193
6823.7476
6730.61
6647.796
6560.3125
6471.173
6403.485
6317.3867
6244.7876
6159.8853
6093.0903
6008.6914
5951.009
5868.119
5807.6455
5731.018
5671.591
5600.8945
5544.0444
5474.5137
5418.4067
5353.075
5297.8403
5238.874
5182.055
5127.8745
5070.3286
5020.7593
4964.9946
4917.2466
4864.2734
4816.3286
4767.836
4720.181
4675.367
4629.116
4585.3174
4542.595
4499.479
4459.5874
4419.1167
4379.6816
4342.6875
4305.2793
4269.685
4235.8076
4202.382
4169.975
4139.7715
4110.504
4082.163
4055.5032
4030.6965
4006.8716
3984.3477
3963.3633
3944.1465
3926.3313
3909.7593
3894.3816
3880.2944
3867.5532
3856.0913
3845.7112
3836.3374
3827.8076
3820.1165
3813.0771
3806.7512
3801.1987
3796.721
3794.0474
3795.0083
3804.0088
3832.4539
3907.6755
4105.232
4605.393
5956.6475
9329.073
18825.559
38930.156
90042.95
109684.12
90111.55
6700.381
62999.89
22292.793
30040.281
29237.996
12088.367
27454.072
17588.475
21362.82
12721.978
17657.916
16592.934
16659.867
16074.844
12995.981
15830.662
11580.146
16250.065
11612.483
15832.442
11546.109
14524.994
11313.706
13042.396
11926.313
12423.095
12628.908
11678.413
12358.888
10788.967
11950.641
10647.912
11728.41
10679.028
11236.821
10487.577
10640.915
10330.925
10206.487
10238.199
9932.1045
10065.254
9583.773
9732.98
9279.656
9483.471
9123.583
9236.153
8867.966
8904.877
8654.874
8682.799
8485.351
8414.426
8239.254
8170.3384
8060.822
7957.2866
7841.6875
7728.1333
7652.747
7537.049
7444.9336
7328.921
7265.7856
7152.665
7071.116
6960.66
6898.4336
6793.1304
6718.7505
6625.7627
6557.1006
6459.7974
6394.23
6310.1084
6239.008
6156.135
6092.4585
6011.767
5946.913
5876.4155
5808.3813
5741.146
5677.68
5611.424
5551.107
5488.594
5427.5957
5370.1167
5309.958
5255.5693
5197.979
5144.719
5090.1255
5038.236
4986.5054
4936.293
4886.8213
4838.149
4791.031
4743.934
4699.1104
4653.6313
4610.567
4567.2134
4525.3267
4484.656
4443.847
4405.35
4366.412
4329.2256
4292.8237
4257.053
4222.5503
4189.0747
4156.0903
4124.666
4094.1577
4064.394
4035.9822
4008.7688
3982.4338
3957.2578
3933.4526
3910.8113
3889.1836
3868.7678
3849.7344
3831.8582
3815.1243
3799.4443
3784.9397
3771.569
3759.2803
3747.9546
3737.552
3727.9539
3719.1255
3711.0176
3703.5234
3696.587
3690.1196
3684.0776
3678.3726
3673.031
3667.9094
3663.1577
3658.8145
3655.2876
3653.6006
3656.2876
3669.8884
3712.086
3828.2437
4149.016
5000.203
7412.4424
13548.082
31307.676
64671.156
138114.34
94048.31
16552.527
30192.05
20626.486
17152.838
20306.086
9047.187
23517.77
8801.95
17292.453
8901.861
18023.46
9496.658
14674.551
9175.334
14781.898
10325.417
13287.641
9752.613
11867.426
10403.169
11642.701
10813.547
10639.48
10574.46
10116.047
10746.065
9825.262
10522.604
9411.589
10223.636
9233.324
9969.896
9034.922
9611.576
8911.823
9351.908
8766.981
8983.353
8545.508
8697.748
8433.017
8457.691
8220.152
8146.6143
8015.456
7955.4575
7863.168
7729.6797
7631.0474
7500.964
7447.1797
7321.3955
7261.002
7124.1646
7061.603
6937.565
6889.241
6776.7773
6714.9385
6597.088
6536.4043
6439.262
6378.675
6285.249
6220.5864
6130.7124
6066.701
5989.531
5925.512
5849.401
5783.244
5713.317
5648.684
5587.193
5521.354
5461.9263
5397.0327
5341.728
5279.8296
5227.739
5166.2046
5115.98
5057.0376
5009.266
4954.0845
4906.4404
4854.4043
4806.639
4758.9116
4711.6562
4667.2676
4620.37
4578.1724
4533.264
4492.3564
4450.5425
4409.69
4370.706
4330.6646
4293.613
4256.05
4219.5054
4184.543
4149.2974
4115.608
4083.1199
4050.538
4019.6016
3989.5525
3959.871
3931.5925
3904.5298
3877.9043
3852.3945
3828.2603
3805.0562
3782.6282
3761.442
3741.508
3722.611
3704.617
3687.693
3671.9653
3657.3557
3643.7112
3630.9932
3619.1328
3608.1697
3598.055
3588.7456
3580.1736
3572.3032
3565.0227
3558.2324
3551.9531
3546.1677
3540.9722
3536.5337
3533.4968
3533.3167
3539.5698
3561.5251
3621.7534
3782.5698
4196.544
5325.5967
8202.4375
16408.434
34693.984
83347.305
114542.41
116910.34
6110.834
68932.445
26631.744
34869.918
31254.61
12030.387
30624.521
19160.17
22510.434
13757.445
17227.598
18083.992
16542.402
18757.941
12884.787
17745.416
11172.5205
16800.57
11964.303
15957.775
13629.983
14273.623
13877.208
12099.605
13727.73
11554.096
13856.599
12015.829
13151.601
12159.371
12005.698
12125.091
11270.292
11995.375
10988.911
11784.462
10970.146
11328.881
10797.8125
10674.287
10572.278
10294.842
10499.487
10068.386
10244.566
9751.951
9863.788
9519.313
9582.415
9354.126
9291.061
9137.603
8990.689
8911.038
8734.225
8692.636
8499.295
8471.763
8279.815
8240.198
8058.531
8010.388
7857.4297
7805.8843
7667.9116
7591.7617
7463.9717
7387.439
7285.78
7205.523
7103.714
7012.8164
6922.5117
6838.9336
6757.1655
6670.92
6589.915
6504.596
6428.5527
6349.672
6277.916
6198.59
6126.7803
6051.6797
5984.345
5912.8726
5847.3477
5777.8457
5713.0347
5647.6787
5586.215
5523.483
5463.4614
5402.774
5344.5938
5287.444
5231.5312
5176.5156
5122.156
5069.206
5017.02
4966.723
4916.2944
4867.9473
4819.0596
4772.742
4725.974
4681.457
4636.5854
4593.379
4550.5264
4508.783
4468.004
4427.641
4388.5664
4349.6816
4312.146
4275.0493
4238.8574
4203.492
4168.609
4134.807
4101.5596
4069.11
4037.5679
4006.5437
3976.4275
3947.1433
3918.4888
3890.7708
3863.8325
3837.6191
3812.302
3787.8865
3764.2312
3741.4402
3719.5981
3698.5925
3678.46
3659.2585
3640.9917
3623.5945
3607.0703
3591.4536
3576.734
3562.8945
3549.9036
3537.6978
3526.294
3515.6392
3505.7437
3496.5024
3487.9402
3479.9353
3472.4636
3465.504
3458.994
3452.8647
3447.121
3441.6907
3436.561
3431.738
3427.2278
3423.2222
3420.0845
3418.8052
3421.777
3435.2412
3474.7676
3583.2444
3868.2666
4649.9385
6678.7407
12476.012
26143.977
64114.445
105421.32
148515.58
17786.758
50027.26
35258.36
33106.918
24815.973
13479.5205
33519.094
13075.108
21933.887
10723.684
20670.309
15586.15
17743.543
14974.602
13873.234
15622.371
11773.563
15955.004
12062.217
16186.836
12814.019
14455.596
12451.581
12476.265
13130.455
12104.225
13694.758
11886.956
13036.68
11724.856
12200.535
11800.836
11484.605
11766.547
11108.411
11731.763
10963.051
11311.982
10635.709
10709.599
10468.373
10404.485
10414.084
10089.118
10141.685
9743.773
9844.247
9514.7295
9572.318
9294.603
9275.612
9082.85
8997.678
8858.286
8721.297
8632.657
8486.65
8431.241
8263.115
8194.833
8023.8115
7969.2827
7826.4106
7771.2197
7627.8496
7552.013
7421.286
7352.6084
7243.4126
7168.3975
7058.807
6975.097
6876.8247
6799.8594
6711.4834
6631.48
6543.2437
6463.057
6382.643
6308.195
6231.5054
6156.123
6080.442
6008.147
5937.7617
5869.378
5800.8545
5733.403
5666.726
5602.9385
5539.8926
5478.7246
5417.056
5357.568
5298.317
5242.017
5185.408
5131.076
5076.0615
5023.7275
4971.126
4921.2227
4870.686
4822.4062
4773.684
4727.2754
4680.8423
4636.2104
4591.6743
4548.4053
4505.8
4464.1367
4423.4966
4383.31
4344.2783
4305.5874
4268.1064
4231.1484
4195.0615
4159.695
4124.895
4091.0684
4057.7473
4025.3071
3993.541
3962.3545
3932.0415
3902.3308
3873.3533
3845.1562
3817.5618
3790.732
3764.6714
3739.2769
3714.66
3690.8018
3667.6724
3645.2783
3623.7104
3602.8936
3582.8313
3563.5884
3545.1472
3527.4902
3510.6238
3494.5588
3479.2913
3464.806
3451.0723
3438.1035
3425.8728
3414.347
3403.5283
3393.3733
3383.8325
3374.8872
3366.5347
3358.676
3351.311
3344.4016
3337.8813
3331.7405
3325.9475
3320.4111
3315.1416
3310.124
3305.322
3300.7263
3296.435
3292.5269
3289.5188
3288.4893
3292.4011
3309.3767
3360.9092
3509.331
3919.898
5109.7617
8340.065
18069.988
40817.234
103358.59
132849.53
111782.75
8596.416
77536.32
22847.43
31689.453
33223.9
21841.8
19361.06
24849.934
17480.498
24374.656
12007.788
21262.873
11125.699
22130.938
12705.93
19178.094
14068.259
14904.184
15256.576
12253.755
16065.434
12039.454
15720.027
13130.537
13892.385
13654.087
11994.15
13645.055
11618.693
13255.515
12060.0
12369.278
12348.161
11508.688
12163.478
10996.664
11688.295
10948.846
11221.059
11048.364
10736.994
10862.151
10262.38
10526.393
10013.99
10215.104
9893.1
9877.696
9716.363
9513.234
9484.429
9204.863
9244.127
8978.338
9010.301
8771.553
8739.102
8544.508
8465.607
8342.422
8240.52
8153.2153
8013.718
7936.6855
7789.3716
7732.251
7598.591
7540.759
7406.5
7337.7124
7216.0806
7149.1685
7044.2427
6971.0986
6870.9946
6791.7427
6701.569
6624.6577
6543.5093
6464.818
6385.6636
6306.6494
6233.492
6158.854
6089.4014
6015.147
5947.017
5875.5356
5811.2617
5743.3423
5680.8965
5614.554
5553.633
5490.6465
5432.5034
5372.1953
5315.5337
5257.1904
5202.429
5146.9653
5094.3594
5041.0596
4989.926
4938.683
4889.4556
4840.651
4793.1396
4746.2095
4700.2085
4655.252
4611.0234
4567.987
4525.3237
4483.924
4442.792
4403.0806
4363.617
4325.415
4287.481
4250.625
4214.2876
4178.7915
4144.007
4109.7744
4076.4019
4043.4805
4011.4429
3979.9314
3949.0806
3918.929
3889.2847
3860.413
3832.0813
3804.3894
3777.3616
3750.8755
3725.057
3699.8918
3675.2864
3651.35
3628.0466
3605.3223
3583.2852
3561.8894
3541.1082
3520.9883
3501.5393
3482.736
3464.579
3447.1123
3430.3079
3414.1584
3398.679
3383.8738
3369.7231
3356.2227
3343.3633
3331.1318
3319.5354
3308.5344
3298.148
3288.3015
3279.0132
3270.243
3261.9663
3254.1755
3246.8381
3239.8638
3233.3035
3227.1133
3221.2278
3215.649
3210.3381
3205.2852
3200.4622
3195.8845
3191.591
3187.656
3184.3618
3182.3696
3183.4587
3191.8606
3218.9602
3293.6597
3497.7993
4037.312
5551.8145
9479.935
20952.729
45674.723
109048.38
119734.5
75051.016
11636.874
60381.996
16927.969
27890.082
23356.25
20463.826
14684.123
23008.877
13569.489
20174.936
9410.973
18833.746
10641.022
19125.045
10132.932
15923.641
10311.517
13668.931
11769.769
12222.188
12916.491
10825.928
12941.594
9868.477
12255.211
9859.661
11729.634
10466.419
10931.18
10593.178
9885.208
10446.864
9441.726
10379.113
9360.81
10047.65
9198.316
9504.169
9070.938
9063.953
9017.977
8780.521
8899.007
8467.152
8622.313
8195.243
8381.2295
8062.0947
8163.254
7874.1577
7866.861
7686.0474
7645.622
7545.714
7428.1436
7345.1797
7207.4824
7176.0103
7031.6367
6995.518
6843.9307
6817.4575
6683.5166
6643.0063
6512.0405
6475.4443
6366.1343
6315.245
6206.7544
6155.2256
6067.485
6009.2764
5922.941
5865.902
5788.1997
5726.615
5655.976
5598.0796
5528.8057
5468.398
5406.738
5348.6333
5287.3335
5233.017
5174.0
5119.284
5064.7065
5012.5684
4958.8
4909.3877
4857.34
4809.2075
4760.5293
4713.804
4666.6807
4622.3047
4576.1343
4534.26
4489.8066
4449.3975
4406.932
4367.5723
4327.2256
4289.1626
4250.6426
4213.7925
4176.8994
4141.291
4106.1055
4071.6792
4038.0625
4004.784
3972.5208
3940.5981
3909.5159
3879.0288
3848.9377
3819.8022
3790.8828
3762.8489
3735.3042
3708.2017
3681.9492
3655.949
3630.737
3606.054
3581.837
3558.2822
3535.2751
3512.7378
3490.906
3469.5793
3448.7576
3428.5776
3408.976
3389.8865
3371.4001
3353.5386
3336.2178
3319.438
3303.2783
3287.7224
3272.7139
3258.2659
3244.3916
3231.104
3218.3577
3206.1392
3194.4385
3183.2864
3172.6157
3162.4404
3152.6978
3143.3936
3134.5164
3126.008
3117.8496
3110.019
3102.515
3095.2407
3088.1943
3081.3516
3074.6892
3068.143
3061.7043
3055.359
3049.118
3043.0117
3037.213
3032.0513
3028.7693
3030.1445
3044.1177
3091.6494
3234.2112
3636.287
4821.6143
8104.9395
18210.248
42576.133
111202.59
143552.73
116503.09
10618.397
80337.91
23104.809
31915.459
30400.574
29734.068
14956.9375
27999.031
12624.585
28558.44
10893.16
23031.766
11380.078
20171.703
15253.372
15948.593
17879.705
12447.339
17841.012
11979.473
15375.357
13702.809
12992.641
15400.27
12359.349
14870.096
12588.238
12914.426
13176.671
11778.718
13276.495
11699.2
12510.372
12063.259
11614.089
12110.561
11018.591
11642.738
10910.051
11089.831
11027.248
10626.907
10873.896
10249.28
10482.639
10055.822
10068.964
9932.829
9716.87
9763.992
9434.523
9504.905
9190.059
9182.888
8985.068
8902.839
8815.067
8652.676
8602.408
8397.495
8361.468
8181.557
8143.328
7995.5225
7921.8984
7798.3516
7697.117
7605.741
7498.3013
7426.38
7308.957
7237.4814
7120.18
7053.5596
6949.4204
6881.639
6782.167
6708.1343
6618.2173
6544.45
6463.435
6387.1445
6310.907
6234.7314
6163.129
6088.1294
6021.2314
5948.772
5883.6763
5812.336
5749.9155
5682.6
5622.1177
5556.798
5498.0244
5435.353
5378.365
5318.789
5263.7197
5206.096
5152.4844
5097.577
5045.769
4993.0938
4943.126
4892.2344
4843.952
4795.296
4748.7373
4701.9897
4657.05
4611.9966
4568.753
4525.548
4483.8594
4442.372
4402.1206
4362.2505
4323.556
4285.244
4247.9956
4211.1455
4175.26
4139.893
4105.313
4071.376
4038.0532
4005.4546
3973.3564
3942.048
3911.191
3881.0623
3851.4102
3822.4067
3793.9663
3766.0486
3738.7524
3711.9148
3685.692
3659.9573
3634.7527
3610.1099
3585.9229
3562.2898
3539.1418
3516.495
3494.3767
3472.7385
3451.604
3430.9712
3410.8308
3391.198
3372.0579
3353.4048
3335.2622
3317.6257
3300.4678
3283.8333
3267.6892
3252.0503
3236.9116
3222.2705
3208.149
3194.5007
3181.3691
3168.7197
3156.567
3144.8909
3133.697
3122.9792
3112.7083
3102.891
3093.5344
3084.5996
3076.0715
3067.9631
3060.244
3052.876
3045.8713
3039.2295
3032.8762
3026.8345
3021.0837
3015.5852
3010.3384
3005.3157
3000.512
2995.9045
2991.463
2987.182
2983.0735
2979.0776
2975.2112
2971.463
2967.8188
2964.2383
2960.8267
2957.543
2954.5703
2952.2212
2951.4502
2954.9932
2970.271
3018.2603
3161.2803
3572.537
4805.919
8282.395
19087.535
45132.03
117820.984
144704.11
104850.57
13500.398
74948.055
21519.074
31535.246
25251.799
32692.875
12025.646
28583.908
10745.353
28318.684
10664.71
21819.973
11823.472
18012.064
15986.095
14255.633
17987.777
11502.785
17137.732
11757.923
14436.741
13608.434
12140.109
14924.244
11768.781
14214.564
12157.308
12268.1045
12668.005
11218.434
12753.309
11195.689
12001.082
11497.804
11089.639
11546.328
10506.196
11158.547
10381.195
10646.474
10483.665
10174.552
10352.443
9756.521
10006.898
9543.973
9647.358
9439.762
9303.648
9281.149
8989.561
9047.921
8736.269
8770.224
8541.065
8510.289
8373.539
8255.708
8173.0747
8000.68
7959.956
7792.6333
7763.5356
7605.999
7551.131
7412.8125
7339.9175
7236.889
7152.2505
7066.9336
6964.743
6888.6934
6784.8853
6720.931
6622.1855
6558.185
6460.536
6394.946
6305.875
6241.563
6159.8794
6092.674
6015.4834
5947.6367
5876.6777
5810.293
5744.042
5677.6587
5613.853
5549.019
5489.127
5426.7993
5368.8647
5308.036
5252.0723
5193.7495
5140.2437
5084.3394
5032.308
4978.2646
4928.05
4876.4697
4828.0776
4778.5356
4731.5957
4683.9165
4638.765
4593.138
4549.6045
4505.716
4463.629
4421.4956
4381.012
4340.611
4301.565
4262.7207
4225.0454
4187.8037
4151.543
4115.805
4080.8274
4046.4827
4012.7915
3979.8315
3947.4058
3915.726
3884.4873
3854.0352
3823.9858
3794.6992
3765.8313
3737.6074
3709.8828
3682.692
3656.0864
3629.9182
3604.3394
3579.2024
3554.583
3530.46
3506.787
3483.6387
3460.9092
3438.6663
3416.8965
3395.543
3374.6794
3354.2405
3334.247
3314.72
3295.617
3276.95
3258.7349
3240.9504
3223.5815
3206.6816
3190.1956
3174.1382
3158.5193
3143.3381
3128.5696
3114.2422
3100.3398
3086.871
3073.8054
3061.1792
3048.9585
3037.1548
3025.7485
3014.752
3004.1443
2993.9375
2984.0981
2974.6174
2965.5093
2956.7595
2948.3445
2940.2407
2932.4595
2924.9695
2917.7651
2910.8308
2904.1409
2897.6838
2891.46
2885.4324
2879.6035
2873.9346
2868.3955
2863.0286
2857.7832
2852.6223
2847.5825
2842.6077
2837.74
2832.9849
2828.384
2824.1252
2820.698
2819.2612
2823.0469
2840.4258
2895.0176
3050.057
3495.983
4728.3135
8399.145
18021.012
47029.27
95303.266
183028.12
55101.684
19019.443
39735.97
22322.53
17502.072
17277.715
25037.383
8847.332
17555.008
10129.006
19197.719
11241.732
15764.475
10316.897
13668.738
11415.97
11969.1875
12712.756
11702.4375
13506.243
10676.073
12284.928
10024.488
11779.321
11081.7
11475.936
11400.333
10508.819
11136.234
10119.943
10912.534
10056.665
10424.367
10092.502
10079.102
10107.026
9630.053
9754.754
9227.525
9509.046
9174.451
9303.425
9001.603
8903.307
8767.904
8617.98
8611.378
8385.234
8380.317
8139.093
8148.8374
7941.6104
7913.0293
7731.7007
7677.871
7551.4844
7476.4175
7364.546
7249.475
7157.1235
7050.793
6987.554
6875.8696
6801.883
6681.723
6616.655
6515.4146
6456.24
6354.221
6285.0137
6187.3135
6123.1235
6037.736
5974.371
5890.3086
5823.129
5744.1997
5681.5664
5610.0635
5547.2827
5476.042
5413.6426
5347.5557
5288.7446
5226.0596
5168.061
5106.9077
5050.5225
4993.116
4939.866
4884.397
4832.058
4778.525
4728.479
4677.7754
4629.9365
4580.853
4534.282
4487.3237
4442.869
4398.056
4355.257
4311.9146
4270.6235
4229.2886
4189.7236
4150.2046
4111.9365
4073.9326
4037.124
4000.8506
3965.4568
3930.6702
3896.4749
3863.1309
3830.2712
3798.346
3766.7512
3736.0076
3705.636
3676.0518
3646.9763
3618.4768
3590.5615
3563.0872
3536.2737
3509.8813
3484.0916
3458.7432
3433.8667
3409.5156
3385.5935
3362.1792
3339.1943
3316.6414
3294.5513
3272.8696
3251.6187
3230.8076
3210.3794
3190.3647
3170.7617
3151.5413
3132.7178
3114.2817
3096.206
3078.522
3061.2112
3044.2522
3027.6587
3011.4285
2995.5413
2979.9907
2964.7925
2949.927
2935.3804
2921.148
2907.228
2893.6226
2880.298
2867.2598
2854.4973
2842.0037
2829.758
2817.7478
2805.9724
2794.4
2783.0486
2771.8762
2760.8726
2750.028
2739.3506
2728.799
2718.3757
2708.0652
2697.857
2687.739
2677.7122
2667.7576
2657.883
2648.081
2638.3206
2628.6565
2619.0444
2609.5527
2600.2014
2591.1736
2582.9087
2576.5786
2575.731
2590.3374
2651.7893
2853.009
3506.6582
5521.452
12243.32
31017.125
91003.05
156875.02
206484.34
6099.0186
113623.92
36708.297
35823.18
52465.79
31795.877
26554.783
31390.68
14997.377
33593.32
12864.1875
28181.73
16010.074
20137.61
22910.406
14770.496
23567.145
17283.781
17901.559
21140.725
15090.479
18335.824
17778.703
14851.552
18317.953
16542.738
15702.765
17769.213
15633.753
15808.469
16738.52
14856.371
15542.058
15597.955
14413.551
15333.025
14810.073
14239.912
14796.172
13940.701
13911.173
14037.508
13307.981
13555.884
13262.507
12920.533
13123.761
12640.202
12616.532
12484.214
12106.274
12168.128
11835.99
11738.81
11641.608
11361.069
11357.227
11100.4795
10998.093
10860.478
10646.04
10585.146
10367.779
10287.952
10133.856
9991.031
9890.762
9714.712
9629.19
9464.403
9360.159
9228.362
9101.811
8998.264
8860.592
8766.333
8631.367
8533.947
8414.123
8311.401
8206.24
8097.029
8000.284
7889.327
7797.4785
7690.8916
7601.5913
7501.4526
7412.0547
7317.8354
7228.0767
7139.7593
7051.6997
6968.5347
6882.241
6801.9106
6717.738
6640.0366
6559.3604
6484.0776
6406.4004
6332.8076
6258.1953
6186.6055
6114.989
6045.185
5976.0674
5908.18
5841.5166
5775.545
5711.1196
5647.231
5585.0117
5523.048
5462.715
5402.7905
5344.461
5286.478
5229.9624
5173.8833
5119.18
5064.932
5012.0063
4959.645
4908.4194
4857.7925
4808.3145
4759.4185
4711.559
4664.361
4618.1445
4572.573
4527.952
4484.005
4440.9385
4398.552
4357.019
4316.1475
4276.1113
4236.712
4198.1245
4160.174
4122.981
4086.425
4050.6152
4015.406
3980.9019
3947.0088
3913.779
3881.1687
3849.1787
3817.7803
3786.9797
3756.7644
3727.128
3698.0417
3669.5024
3641.5198
3614.0464
3587.1116
3560.6714
3534.73
3509.2837
3484.3225
3459.8188
3435.7812
3412.2
3389.0574
3366.3655
3344.093
3322.2424
3300.8003
3279.7776
3259.1626
3238.9104
3219.0679
3199.5996
3180.5051
3161.786
3143.435
3125.4287
3107.794
3090.5044
3073.5647
3056.958
3040.6929
3024.7688
3009.1746
2993.8901
2978.9417
2964.3164
2949.9937
2935.9863
2922.2896
2908.8984
2895.7979
2882.9976
2870.487
2858.2668
2846.3176
2834.6501
2823.2478
2812.1238
2801.2507
2790.6304
2780.2588
2770.1174
2760.2122
2750.5342
2741.0642
2731.8142
2722.748
2713.8625
2705.1807
2696.6494
2688.2842
2680.0718
2671.9822
2664.0234
2656.1897
2648.4753
2640.8472
2633.3035
2625.8494
2618.4333
2611.116
2603.8179
2596.5784
2589.3716
2582.1655
2575.0022
2567.8213
2560.661
2553.4983
2546.3184
2539.1646
2532.0383
2524.999
2518.2078
2512.0745
2507.64
2507.6975
2519.4783
2563.4165
2694.0564
