5.4079843
5.4079003
5.4078164
5.4077325
5.407648
5.407564
5.4074802
5.4073963
5.4073124
5.4072285
5.4071445
5.4070606
5.4069767
5.406893
5.406809
5.406725
5.4066415
5.406557
5.406473
5.4063897
5.406306
5.406222
5.406138
5.406054
5.40597
5.405886
5.4058022
5.4057183
5.405635
5.405551
5.405467
5.405383
5.405299
5.4052153
5.4051313
5.4050474
5.4049635
5.404879
5.404795
5.4047112
5.4046273
5.404543
5.404459
5.404375
5.404291
5.404207
5.404123
5.404039
5.403955
5.403871
5.4037867
5.4037027
5.403619
5.403535
5.403451
5.403367
5.403283
5.403199
5.4031153
5.4030313
5.402947
5.402863
5.402779
5.402695
5.4026113
5.4025273
5.4024434
5.4023595
5.4022756
5.4021916
5.4021077
5.402024
5.40194
5.401856
5.401772
5.401688
5.401604
5.4015207
5.401437
5.401353
5.401269
5.401185
5.401101
5.401017
5.4009333
5.4008493
5.400766
5.400682
5.400598
5.400514
5.40043
5.4003468
5.400263
5.400179
5.400095
5.400011
5.3999276
5.3998437
5.39976
5.399676
5.3995924
5.3995085
5.3994246
5.399341
5.399257
5.3991733
5.39909
5.399006
5.3989224
5.3988385
5.3987546
5.398671
5.398587
5.398504
5.39842
5.398336
5.3982525
5.3981686
5.398085
5.398001
5.3979177
5.397834
5.39775
5.3976665
5.3975825
5.397499
5.3974156
5.3973317
5.3972483
5.3971643
5.397081
5.396997
5.3969135
5.39683
5.396746
5.3966627
5.396579
5.3964953
5.3964114
5.396328
5.3962445
5.3961606
5.396077
5.3959937
5.39591
5.3958263
5.395743
5.395659
5.3955755
5.395492
5.395408
5.3953247
5.3952413
5.395158
5.3950744
5.394991
5.394907
5.3948236
5.39474
5.394656
5.3945727
5.3944893
5.394406
5.3943224
5.394239
5.3941555
5.3940716
5.393988
5.3939047
5.3938212
5.393738
5.3936543
5.393571
5.3934875
5.393404
5.3933206
5.393237
5.3931537
5.39307
5.392987
5.3929033
5.39282
5.3927364
5.392653
5.3925695
5.392486
5.3924026
5.392319
5.3922358
5.3921523
5.392069
5.3919854
5.391902
5.3918185
5.3917356
5.391652
5.3915687
5.391485
5.391402
5.3913183
5.3912354
5.391152
5.3910685
5.390985
5.3909016
5.3908186
5.390735
5.3906517
5.3905683
5.3904853
5.390402
5.3903184
5.390235
5.3901515
5.3900685
5.389985
5.389902
5.3898187
5.389735
5.3896523
5.389569
5.3894854
5.3894024
5.389319
5.3892355
5.3891525
5.389069
5.388986
5.3889027
5.3888197
5.3887362
5.388653
5.38857
5.3884864
5.3884034
5.3883204
5.388237
5.3881536
5.3880706
5.387987
5.387904
5.3878207
5.3877378
5.3876543
5.3875713
5.3874884
5.387405
5.387322
5.3872385
5.3871555
5.3870726
5.386989
5.386906
5.386823
5.3867397
5.3866568
5.386574
5.3864903
5.3864074
5.3863244
5.386241
5.386158
5.386075
5.385992
5.3859086
5.3858256
5.3857427
5.3856597
5.3855762
5.3854933
5.3854103
5.3853273
5.3852444
5.385161
5.385078
5.384995
5.384912
5.384829
5.384746
5.384663
5.3845797
5.3844967
5.3844137
5.3843307
5.384248
5.384165
5.384082
5.383999
5.383916
5.383833
5.38375
5.383667
5.383584
5.383501
5.383418
5.383335
5.383252
5.383169
5.383086
5.383003
5.3829203
5.3828373
5.3827543
5.3826714
5.3825884
5.3825054
5.382423
5.38234
5.382257
5.382174
5.382091
5.382008
5.381925
5.3818426
5.3817596
5.3816767
5.3815937
5.3815107
5.3814282
5.3813453
5.3812623
5.3811793
5.381097
5.381014
5.380931
5.380848
5.3807654
5.3806825
5.3805995
5.380517
5.380434
5.380351
5.3802686
5.3801856
5.3801026
5.38002
5.379937
5.379854
5.3797717
5.3796887
5.379606
5.3795233
5.379441
5.379358
5.379275
5.3791924
5.3791094
5.379027
5.378944
5.3788614
5.3787785
5.378696
5.378613
5.3785305
5.3784475
5.378365
5.378282
5.3781996
5.378117
5.378034
5.3779516
5.3778687
5.377786
5.3777037
5.3776207
5.377538
5.377455
5.3773727
5.3772902
5.3772073
5.377125
5.3770423
5.3769593
5.376877
5.3767943
5.376712
5.376629
5.3765464
5.376464
5.376381
5.3762984
5.376216
5.3761334
5.376051
5.375968
5.3758855
5.375803
5.3757205
5.375638
5.3755555
5.375473
5.37539
5.3753076
5.375225
5.3751426
5.37506
5.3749776
5.374895
5.3748126
5.3747296
5.374647
5.3745646
5.374482
5.3743997
5.374317
5.3742347
5.374152
5.3740697
5.373987
5.3739047
5.373822
5.3737397
5.373657
5.3735747
5.3734927
5.37341
5.3733273
5.3732452
5.3731627
5.3730803
5.3729978
5.3729153
5.372833
5.3727503
5.3726683
5.372586
5.3725033
5.372421
5.3723383
5.372256
5.3721733
5.3720913
5.372009
5.3719263
5.371844
5.371762
5.3716793
5.371597
5.3715143
5.3714323
5.37135
5.371268
5.3711853
5.371103
5.3710203
5.3709383
5.370856
5.3707733
5.3706913
5.370609
5.3705263
5.3704443
5.370362
5.37028
5.3701973
5.370115
5.370033
5.3699503
5.3698683
5.369786
5.369704
5.3696213
5.369539
5.369457
5.3693748
5.3692923
5.3692102
5.3691278
5.3690457
5.3689632
5.368881
5.3687987
5.3687167
5.368634
5.368552
5.36847
5.3683877
5.3683057
5.368223
5.368141
5.368059
5.3679767
5.3678946
5.367812
5.36773
5.367648
5.367566
5.3674836
5.3674016
5.3673196
5.367237
5.367155
5.367073
5.3669906
5.3669086
5.3668265
5.3667445
5.3666625
5.3665805
5.366498
5.366416
5.366334
5.366252
5.36617
5.366088
5.3660054
5.3659234
5.3658414
5.3657594
5.3656774
5.3655953
5.365513
5.3654313
5.365349
5.365267
5.365185
5.365103
5.3650208
5.3649387
5.3648567
5.3647747
5.3646927
5.3646107
5.3645287
5.3644466
5.3643646
5.3642826
5.3642006
5.3641186
5.3640366
5.3639545
5.363873
5.3637905
5.3637085
5.363627
5.363545
5.363463
5.363381
5.363299
5.363217
5.363135
5.3630533
5.3629713
5.3628893
5.3628073
5.3627253
5.3626437
5.3625617
5.3624797
5.3623977
5.3623157
5.362234
5.362152
5.36207
5.3619885
5.3619065
5.3618245
5.361743
5.361661
5.361579
5.361497
5.3614154
5.3613334
5.3612514
5.36117
5.361088
5.361006
5.3609242
5.360842
5.3607607
5.3606787
5.3605967
5.360515
5.360433
5.3603516
5.3602695
5.360188
5.360106
5.3600245
5.3599424
5.359861
5.359779
5.3596973
5.3596153
5.359534
5.359452
5.35937
5.359288
5.3592067
5.359125
5.359043
5.3589616
5.3588796
5.358798
5.358716
5.3586345
5.358553
5.358471
5.3583894
5.358308
5.3582263
5.3581443
5.3580627
5.357981
5.357899
5.3578176
5.357736
5.357654
5.3575726
5.357491
5.357409
5.3573275
5.357246
5.3571644
5.357083
5.357001
5.3569193
5.3568377
5.356756
5.3566747
5.356593
5.356511
5.3564296
5.356348
5.3562665
5.356185
5.3561034
5.356022
5.35594
5.3558583
5.355777
5.3556952
5.3556137
5.355532
5.3554506
5.355369
5.3552876
5.355206
5.3551245
5.355043
5.3549614
5.35488
5.3547983
5.354717
5.3546352
5.3545537
5.354472
5.354391
5.3543096
5.3542275
5.3541465
5.354065
5.3539834
5.353902
5.3538203
5.353739
5.3536572
5.353576
5.3534946
5.353413
5.3533316
5.35325
5.353169
5.3530874
5.353006
5.3529243
5.3528433
5.3527617
5.35268
5.3525987
5.3525176
5.352436
5.3523545
5.352273
5.352192
5.3521104
5.352029
5.351948
5.3518662
5.3517847
5.3517036
5.351622
5.3515406
5.3514595
5.351378
5.3512964
5.3512154
5.3511343
5.3510528
5.350971
5.3508897
5.3508086
5.3507276
5.350646
5.3505645
5.3504834
5.350402
5.350321
5.3502398
5.350158
5.350077
5.3499956
5.3499146
5.349833
5.349752
5.3496704
5.3495893
5.349508
5.3494267
5.3493457
5.349264
5.349183
5.349102
5.3490205
5.3489394
5.348858
5.348777
5.3486958
5.348614
5.348533
5.348452
5.348371
5.3482895
5.3482084
5.3481274
5.3480463
5.347965
5.3478837
5.3478026
5.3477216
5.34764
5.347559
5.347478
5.3473964
5.3473153
5.3472342
5.347153
5.347072
5.346991
5.34691
5.346829
5.3467474
5.3466663
5.3465853
5.346504
5.346423
5.346342
5.346261
5.34618
5.3460984
5.346018
5.3459363
5.3458557
5.345774
5.345693
5.3456125
5.345531
5.34545
5.3453693
5.345288
5.3452067
5.345126
5.345045
5.3449636
5.344883
5.344802
5.344721
5.34464
5.3445587
5.3444777
5.3443966
5.3443155
5.3442345
5.344154
5.344073
5.3439918
5.3439107
5.3438296
5.3437486
5.343668
5.343587
5.343506
5.343425
5.343344
5.343263
5.343182
5.343101
5.3430204
5.3429394
5.3428583
5.3427773
5.3426967
5.3426156
5.3425345
5.342454
5.342373
5.342292
5.3422112
5.34213
5.342049
5.3419685
5.3418875
5.341807
5.341726
5.341645
5.341564
5.341483
5.3414025
5.3413215
5.341241
5.34116
5.3410788
5.340998
5.3409176
5.3408365
5.3407555
5.340675
5.340594
5.340513
5.340432
5.3403516
5.3402705
5.34019
5.3401093
5.3400283
5.3399477
5.3398666
5.339786
5.3397055
5.3396244
5.339544
5.3394628
5.339382
5.3393016
5.339221
5.33914
5.3390594
5.338979
5.3388977
5.338817
5.3387365
5.3386555
5.338575
5.3384943
5.3384137
5.3383327
5.338252
5.3381715
5.338091
5.33801
5.3379292
5.3378487
5.337768
5.3376875
5.3376064
5.337526
5.3374453
5.3373647
5.337284
5.3372035
5.337123
5.3370423
5.3369613
5.3368807
5.3368
5.3367195
5.336639
5.3365583
5.3364778
5.336397
5.3363166
5.336236
5.3361554
5.336075
5.3359942
5.3359137
5.335833
5.3357525
5.335672
5.3355913
5.3355107
5.33543
5.3353496
5.335269
5.3351884
5.335108
5.335027
5.334947
5.334866
5.334786
5.3347054
5.334625
5.334544
5.3344636
5.334383
5.3343024
5.3342223
5.3341417
5.334061
5.3339806
5.3339
5.33382
5.3337393
5.3336587
5.333578
5.333498
5.3334174
5.333337
5.3332562
5.333176
5.3330956
5.3330154
5.332935
5.3328543
5.3327737
5.3326936
5.332613
5.3325324
5.3324523
5.3323717
5.332291
5.332211
5.3321304
5.3320503
5.3319697
5.3318896
5.331809
5.3317285
5.3316483
5.331568
5.3314877
5.331407
5.331327
5.3312464
5.3311663
5.3310857
5.3310056
5.330925
5.330845
5.3307643
5.330684
5.3306036
5.3305235
5.330443
5.330363
5.3302827
5.330202
5.330122
5.3300414
5.3299613
5.329881
5.3298006
5.3297205
5.3296404
5.32956
5.3294797
5.3293996
5.3293195
5.329239
5.329159
5.3290787
5.328998
5.328918
5.328838
5.3287573
5.328677
5.328597
5.328517
5.3284364
5.3283563
5.328276
5.328196
5.328116
5.328036
5.3279557
5.327875
5.327795
5.327715
5.327635
5.3275547
5.3274746
5.3273945
5.327314
5.327234
5.3271537
5.3270736
5.3269935
5.3269134
5.3268332
5.326753
5.326673
5.326593
5.326513
5.3264327
5.3263526
5.3262725
5.3261924
5.3261123
5.326032
5.325952
5.325872
5.325792
5.3257117
5.3256316
5.3255515
5.3254714
5.3253913
5.3253117
5.3252316
5.3251514
5.3250713
5.324991
5.324911
5.324831
5.3247514
5.3246713
5.324591
5.324511
5.324431
5.3243513
5.324271
5.324191
5.324111
5.324031
5.3239512
5.323871
5.323791
5.323711
5.3236313
5.323551
5.323471
5.3233914
5.3233113
5.323231
5.3231516
5.3230715
5.3229914
5.3229117
5.3228316
5.3227515
5.322672
5.322592
5.322512
5.322432
5.3223524
5.3222723
5.322192
5.3221126
5.3220325
5.3219523
5.3218727
5.3217926
5.321713
5.321633
5.321553
5.3214736
5.3213935
5.3213134
5.3212337
5.3211536
5.321074
5.3209944
5.3209143
5.3208346
5.3207545
5.320675
5.320595
5.320515
5.3204355
5.3203554
5.320276
5.320196
5.320116
5.3200364
5.3199563
5.3198767
5.319797
5.3197174
5.3196373
5.3195577
5.319478
5.319398
5.3193183
5.3192387
5.319159
5.319079
5.3189993
5.3189197
5.31884
5.31876
5.3186803
5.3186007
5.318521
5.3184414
5.3183618
5.3182817
5.318202
5.3181224
5.3180428
5.317963
5.3178835
5.317804
5.317724
5.317644
5.3175645
5.317485
5.317405
5.3173256
5.317246
5.3171663
5.3170867
5.317007
5.3169274
5.316848
5.316768
5.3166885
5.316609
5.3165293
5.3164496
5.31637
5.3162904
5.3162107
5.316131
5.3160515
5.315972
5.315892
5.3158126
5.315733
5.3156533
5.315574
5.3154945
5.315415
5.3153353
5.3152556
5.315176
5.3150964
5.315017
5.3149376
5.314858
5.3147783
5.314699
5.314619
5.31454
5.3144603
5.3143806
5.3143015
5.314222
5.314142
5.3140626
5.3139834
5.313904
5.313824
5.313745
5.3136654
5.3135858
5.313506
5.313427
5.3133473
5.3132677
5.3131886
5.313109
5.31303
5.31295
5.3128705
5.3127913
5.3127117
5.312632
5.312553
5.3124733
5.312394
5.3123145
5.3122354
5.3121557
5.3120766
5.311997
5.311918
5.311838
5.311759
5.3116794
5.3116
5.3115206
5.3114414
5.311362
5.3112826
5.311203
5.311124
5.3110447
5.310965
5.310886
5.3108068
5.310727
5.310648
5.3105683
5.310489
5.31041
5.3103304
5.310251
5.310172
5.3100924
5.3100133
5.309934
5.3098545
5.3097754
5.309696
5.3096166
5.3095374
5.3094583
5.309379
5.3093
5.3092203
5.309141
5.309062
5.308983
5.308903
5.308824
5.308745
5.3086658
5.3085866
5.308507
5.308428
5.3083487
5.3082695
5.3081903
5.308111
5.308032
5.307953
5.3078737
5.3077946
5.3077154
5.307636
5.3075566
5.3074775
5.3073983
5.307319
5.30724
5.307161
5.3070817
5.3070025
5.3069234
5.306844
5.306765
5.306686
5.306607
5.3065276
5.3064485
5.3063693
5.30629
5.3062115
5.3061323
5.306053
5.305974
5.305895
5.3058157
5.3057365
5.3056574
5.305578
5.3054996
5.3054204
5.3053412
5.305262
5.305183
5.3051043
5.305025
5.304946
5.304867
5.3047876
5.3047085
5.30463
5.3045506
5.304472
5.304393
5.3043137
5.3042345
5.304156
5.3040767
5.3039975
5.3039184
5.3038397
5.3037605
5.3036814
5.3036027
5.3035235
5.303445
5.3033657
5.3032866
5.303208
5.3031287
5.30305
5.302971
5.3028917
5.302813
5.302734
5.302655
5.302576
5.3024974
5.302418
5.302339
5.3022604
5.3021817
5.3021026
5.3020234
5.3019447
5.301866
5.301787
5.301708
5.301629
5.3015504
5.301471
5.3013926
5.3013134
5.3012347
5.301156
5.301077
5.300998
5.300919
5.3008404
5.3007617
5.3006825
5.300604
5.300525
5.300446
5.3003674
5.3002887
5.30021
5.300131
5.300052
5.299973
5.2998943
5.2998157
5.299737
5.2996583
5.299579
5.2995005
5.299422
5.299343
5.2992644
5.2991853
5.2991066
5.299028
5.2989492
5.2988706
5.2987914
5.2987127
5.298634
5.2985554
5.2984767
5.298398
5.2983193
5.2982407
5.2981615
5.298083
5.298004
5.2979255
5.297847
5.297768
5.2976894
5.2976108
5.297532
5.2974534
5.2973747
5.297296
5.2972174
5.2971387
5.29706
5.2969813
5.2969027
5.296824
5.2967453
5.2966666
5.296588
5.2965093
5.2964306
5.296352
5.296273
5.296195
5.2961164
5.2960377
5.295959
5.2958803
5.2958016
5.295723
5.2956448
5.295566
5.2954874
5.2954087
5.29533
5.295252
5.295173
5.2950945
5.295016
5.294937
5.294859
5.2947803
5.2947016
5.2946234
5.2945447
5.294466
5.294388
5.294309
5.2942305
5.2941523
5.2940736
5.293995
5.293916
5.293838
5.2937593
5.293681
5.2936025
5.293524
5.2934456
5.293367
5.293288
5.29321
5.2931314
5.293053
5.2929745
5.2928963
5.2928176
5.2927394
5.2926607
5.292582
5.292504
5.292425
5.292347
5.2922688
5.29219
5.2921114
5.292033
5.291955
5.2918763
5.291798
5.2917194
5.291641
5.291563
5.2914844
5.291406
5.2913275
5.2912493
5.2911706
5.2910924
5.291014
5.2909355
5.2908573
5.290779
5.2907004
5.290622
5.290544
5.2904654
5.290387
5.290309
5.2902308
5.290152
5.290074
5.2899957
5.2899175
5.289839
5.2897606
5.2896824
5.2896037
5.2895255
5.2894473
5.289369
5.289291
5.2892127
5.289134
5.289056
5.2889776
5.2888994
5.288821
5.288743
5.288665
5.2885866
5.2885084
5.2884297
5.2883515
5.2882733
5.288195
5.288117
5.2880387
5.2879605
5.2878823
5.287804
5.287726
5.2876477
5.2875695
5.2874913
5.287413
5.287335
5.2872567
5.2871785
5.2871003
5.287022
5.286944
5.2868657
5.2867875
5.2867093
5.286631
5.286553
5.286475
5.286397
5.286319
5.2862406
5.2861624
5.286084
5.286006
5.285928
5.28585
5.285772
5.2856936
5.2856154
5.2855372
5.2854595
5.2853813
5.285303
5.285225
5.2851467
5.285069
5.284991
5.2849126
5.284835
5.2847567
5.2846785
5.2846003
5.2845225
5.2844443
5.284366
5.2842884
5.28421
5.284132
5.2840543
5.283976
5.283898
5.28382
5.283742
5.2836637
5.283586
5.283508
5.28343
5.283352
5.283274
5.283196
5.2831182
5.28304
5.2829623
5.282884
5.2828064
5.282728
5.28265
5.2825723
5.282494
5.2824163
5.2823386
5.2822604
5.282182
5.2821045
5.282027
5.2819486
5.281871
5.2817926
5.281715
5.281637
5.281559
5.2814813
5.2814035
5.2813253
5.2812476
5.2811694
5.2810917
5.281014
5.280936
5.280858
5.2807803
5.280702
5.2806244
5.2805467
5.2804685
5.2803907
5.280313
5.2802353
5.280157
5.2800794
5.2800016
5.2799234
5.279846
5.279768
5.2796903
5.2796125
5.279535
5.279457
5.279379
5.279301
5.2792234
5.2791457
5.279068
5.2789903
5.278912
5.2788343
5.2787566
5.278679
5.278601
5.2785234
5.2784457
5.278368
5.2782903
5.2782125
5.278135
5.278057
5.277979
5.277901
5.277824
5.277746
5.2776685
5.2775908
5.277513
5.277435
5.277357
5.2772794
5.277202
5.2771244
5.2770467
5.276969
5.276891
5.2768135
5.276736
5.276658
5.2765803
5.2765026
5.276425
5.2763476
5.27627
5.276192
5.2761145
5.2760367
5.2759595
5.275882
5.275804
5.2757263
5.2756486
5.2755713
5.2754936
5.275416
5.275338
5.2752604
5.275183
5.2751055
5.2750278
5.27495
5.274873
5.274795
5.2747173
5.27464
5.2745624
5.2744846
5.2744074
5.2743297
5.274252
5.2741747
5.274097
5.2740192
5.273942
5.2738643
5.273787
5.2737093
5.273632
5.2735543
5.2734766
5.2733994
5.2733216
5.2732444
5.2731667
5.2730894
5.2730117
5.272934
5.2728567
5.272779
5.2727017
5.2726245
5.272547
5.2724695
5.272392
5.2723145
5.272237
5.2721596
5.272082
5.2720046
5.2719274
5.2718496
5.2717724
5.2716947
5.2716174
5.2715397
5.2714624
5.271385
5.271308
5.27123
5.271153
5.2710757
5.270998
5.2709208
5.2708435
5.270766
5.2706885
5.2706113
5.2705336
5.2704563
5.270379
5.270302
5.2702246
5.270147
5.2700696
5.2699924
5.269915
5.269838
5.26976
5.269683
5.2696056
5.2695284
5.2694507
5.2693734
5.269296
5.269219
5.2691417
5.2690644
5.268987
5.26891
5.268832
5.268755
5.2686777
5.2686005
5.268523
5.268446
5.2683687
5.2682915
5.268214
5.268137
5.2680597
5.2679825
5.267905
5.267828
5.2677507
5.2676735
5.2675962
5.267519
5.2674417
5.2673645
5.2672873
5.26721
5.2671328
5.2670555
5.2669783
5.2669015
5.2668242
5.266747
5.2666698
5.2665925
5.2665153
5.266438
5.2663608
5.266284
5.2662067
5.2661295
5.2660522
5.265975
5.2658978
5.265821
5.2657437
5.2656665
5.265589
5.265512
5.265435
5.265358
5.2652807
5.2652035
5.2651267
5.2650495
5.264972
5.2648954
5.264818
5.264741
5.264664
5.264587
5.2645097
5.264433
5.2643557
5.2642784
5.2642016
5.2641244
5.2640476
5.2639704
5.263893
5.2638164
5.263739
5.263662
5.263585
5.2635083
5.263431
5.2633543
5.263277
5.2632
5.263123
5.263046
5.262969
5.262892
5.262815
5.2627378
5.262661
5.2625837
5.262507
5.2624297
5.262353
5.2622757
5.262199
5.262122
5.262045
5.261968
5.261891
5.261814
5.2617373
5.26166
5.2615833
5.2615066
5.2614293
5.2613525
5.261276
5.2611985
5.2611217
5.261045
5.2609677
5.260891
5.260814
5.2607374
5.26066
5.2605834
5.2605066
5.2604294
5.2603526
5.260276
5.260199
5.2601223
5.260045
5.2599683
5.2598915
5.2598147
5.2597375
5.2596607
5.259584
5.259507
5.2594304
5.2593536
5.2592764
5.2592
5.259123
5.259046
5.2589693
5.2588925
5.258816
5.258739
5.258662
5.2585855
5.2585087
5.258432
5.258355
5.258278
5.2582016
5.258125
5.258048
5.257971
5.2578945
5.2578177
5.257741
5.2576637
5.2575874
5.2575107
5.257434
5.257357
5.2572803
5.2572036
5.257127
5.25705
5.2569733
5.2568965
5.2568197
5.2567434
5.2566667
5.25659
5.256513
5.2564363
5.2563596
5.256283
5.2562065
5.2561297
5.256053
5.255976
5.2558994
5.255823
5.2557464
5.2556696
5.255593
5.2555165
5.2554398
5.255363
5.255286
5.25521
5.255133
5.2550564
5.2549796
5.2549033
5.2548265
5.2547503
5.2546735
5.2545967
5.25452
5.2544436
5.254367
5.25429
5.254214
5.254137
5.2540607
5.253984
5.2539077
5.253831
5.253754
5.253678
5.253601
5.253525
5.253448
5.2533712
5.253295
5.2532187
5.253142
5.2530656
5.252989
5.2529125
5.2528358
5.2527595
5.2526827
5.2526064
5.2525296
5.2524533
5.2523766
5.2523003
5.2522235
5.252147
5.252071
5.251994
5.251918
5.251841
5.251765
5.2516885
5.2516117
5.2515354
5.251459
5.2513824
5.251306
5.25123
5.251153
5.2510767
5.2510004
5.250924
5.2508473
5.250771
5.2506948
5.250618
5.2505417
5.2504654
5.250389
5.250313
5.250236
5.2501597
5.2500834
5.250007
5.2499304
5.249854
5.249778
5.2497015
5.249625
5.249549
5.2494726
5.249396
5.2493196
5.2492433
5.249167
5.2490907
5.2490144
5.248938
5.248862
5.2487855
5.248709
5.248633
5.2485566
5.24848
5.2484035
5.2483273
5.248251
5.2481747
5.2480984
5.248022
5.247946
5.2478695
5.247793
5.247717
5.2476406
5.247565
5.247488
5.2474117
5.247336
5.2472596
5.2471833
5.247107
5.2470307
5.2469544
5.246878
5.246802
5.2467256
5.2466497
5.2465734
5.246497
5.246421
5.2463446
5.2462683
5.2461925
5.246116
5.24604
5.2459636
5.2458873
5.2458115
5.245735
5.245659
5.2455826
5.245507
5.2454305
5.245354
5.245278
5.245202
5.245126
5.2450495
5.2449737
5.2448974
5.244821
5.2447453
5.244669
5.2445927
5.244517
5.2444406
5.2443643
5.2442884
5.244212
5.244136
5.24406
5.2439837
5.243908
5.2438316
5.243756
5.2436795
5.243603
5.2435274
5.243451
5.2433753
5.243299
5.243223
5.243147
5.243071
5.242995
5.242919
5.242843
5.242767
5.242691
5.2426147
5.242539
5.2424626
5.242387
5.2423105
5.2422347
5.2421584
5.2420826
5.242007
5.2419305
5.2418547
5.241779
5.2417026
5.2416267
5.241551
5.2414746
5.241399
5.2413225
5.2412467
5.241171
5.2410946
5.241019
5.240943
5.240867
5.240791
5.240715
5.240639
5.2405634
5.240487
5.2404113
5.2403355
5.2402596
5.240184
5.2401075
5.2400317
5.239956
5.23988
5.2398043
5.2397285
5.239652
5.2395763
5.2395005
5.2394247
5.239349
5.2392726
5.239197
5.2391214
5.239045
5.2389693
5.2388935
5.2388177
5.238742
5.238666
5.2385902
5.2385144
5.2384386
5.238363
5.238287
5.238211
5.2381353
5.2380595
5.2379837
5.237908
5.237832
5.2377563
5.2376804
5.2376046
5.237529
5.237453
5.237377
5.2373013
5.2372255
5.2371497
5.237074
5.236998
5.2369227
5.236847
5.236771
5.2366953
5.2366195
5.2365437
5.236468
5.2363925
5.2363167
5.236241
5.236165
5.236089
5.236014
5.235938
5.2358623
5.2357864
5.235711
5.2356353
5.2355595
5.2354836
5.2354083
5.2353325
5.2352567
5.235181
5.2351055
5.2350297
5.234954
5.2348785
5.2348027
5.234727
5.2346516
5.2345757
5.2345
5.2344246
5.234349
5.234273
5.2341976
5.234122
5.2340465
5.2339706
5.2338953
5.2338195
5.2337437
5.2336683
5.2335925
5.233517
5.2334414
5.233366
5.23329
5.233215
5.233139
5.2330637
5.232988
5.2329125
5.2328367
5.2327614
5.2326856
5.23261
5.2325344
5.232459
5.2323833
5.232308
5.232232
5.2321568
5.2320814
5.2320056
5.2319303
5.231855
5.231779
5.2317038
5.2316284
5.2315526
5.2314773
5.2314014
5.231326
5.231251
5.2311754
5.2310996
5.2310243
5.230949
5.230873
5.230798
5.2307224
5.230647
5.2305713
5.230496
5.2304206
5.2303452
5.2302694
5.230194
5.2301188
5.2300434
5.229968
5.2298927
5.229817
5.2297416
5.229666
5.229591
5.2295156
5.2294397
5.2293644
5.2292895
5.2292137
5.2291384
5.229063
5.2289877
5.2289124
5.228837
5.2287617
5.2286863
5.228611
5.2285357
5.2284603
5.2283845
5.228309
5.228234
5.2281585
5.228083
5.228008
5.2279325
5.227857
5.227782
5.2277064
5.2276316
5.227556
5.227481
5.2274055
5.22733
5.227255
5.2271795
5.227104
5.227029
5.2269535
5.226878
5.2268033
5.226728
5.2266526
5.2265773
5.226502
5.2264266
5.2263517
5.2262764
5.226201
5.2261257
5.2260504
5.2259755
5.2259
5.225825
5.2257495
5.225674
5.2255993
5.225524
5.2254486
5.2253733
5.2252984
5.225223
5.2251477
5.225073
5.2249975
5.224922
5.224847
5.224772
5.2246966
5.224622
5.2245464
5.224471
5.2243958
5.224321
5.2242455
5.2241707
5.2240953
5.2240205
5.223945
5.2238703
5.223795
5.2237196
5.2236447
5.2235694
5.2234945
5.223419
5.223344
5.223269
5.223194
5.223119
5.223044
5.2229686
5.222893
5.2228184
5.2227435
5.222668
5.2225933
5.222518
5.222443
5.222368
5.222293
5.222218
5.2221427
5.222068
5.2219925
5.2219176
5.2218423
5.2217674
5.2216926
5.2216177
5.2215424
5.2214675
5.2213926
5.2213173
5.2212424
5.221167
5.221092
5.2210174
5.2209425
5.220867
5.2207923
5.2207174
5.220642
5.220567
5.2204924
5.2204175
5.2203426
5.2202673
5.2201924
5.2201176
5.2200427
5.219968
5.2198925
5.2198176
5.219743
5.219668
5.219593
5.219518
5.2194433
5.219368
5.219293
5.2192183
5.2191434
5.2190685
5.2189937
5.218919
5.218844
5.2187686
5.2186937
5.2186193
5.218544
5.218469
5.2183943
5.2183194
5.2182446
5.2181697
5.218095
5.21802
5.217945
5.21787
5.2177954
5.2177205
5.2176456
5.217571
5.217496
5.2174215
5.2173467
5.217272
5.217197
5.217122
5.217047
5.2169724
5.2168975
5.2168226
5.2167478
5.216673
5.2165985
5.2165236
5.216449
5.216374
5.216299
5.2162247
5.21615
5.216075
5.216
5.215925
5.2158504
5.215776
5.215701
5.2156262
5.215552
5.215477
5.215402
5.2153273
5.215253
5.215178
5.215103
5.2150283
5.214954
5.214879
5.2148046
5.21473
5.214655
5.21458
5.2145057
5.214431
5.214356
5.2142816
5.2142067
5.2141323
5.2140574
5.2139826
5.213908
5.2138333
5.213759
5.213684
5.2136097
5.213535
5.21346
5.2133856
5.2133107
5.2132363
5.2131615
5.213087
5.213012
5.212938
5.212863
5.2127886
5.2127137
5.2126393
5.2125645
5.21249
5.2124157
5.212341
5.2122664
5.2121916
5.212117
5.212043
5.211968
5.2118936
5.2118187
5.2117443
5.21167
5.211595
5.2115207
5.2114463
5.2113714
5.211297
5.2112226
5.211148
5.2110734
5.210999
5.210924
5.21085
5.2107754
5.2107005
5.210626
5.2105517
5.2104774
5.2104025
5.210328
5.2102537
5.2101793
5.210105
5.21003
5.2099557
5.2098813
5.209807
5.2097325
5.2096577
5.2095833
5.209509
5.2094345
5.20936
5.2092857
5.2092113
5.2091365
5.2090626
5.2089877
5.2089133
5.208839
5.2087646
5.20869
5.208616
5.2085414
5.208467
5.2083926
5.208318
5.208244
5.2081695
5.208095
5.2080207
5.2079463
5.2078714
5.2077975
5.207723
5.2076488
5.2075744
5.2075
5.2074256
5.207351
5.207277
5.2072024
5.207128
5.2070537
5.2069793
5.206905
5.2068305
5.2067566
5.206682
5.206608
5.2065334
5.206459
5.2063847
5.2063103
5.2062364
5.206162
5.2060876
5.206013
5.205939
5.205865
5.2057905
5.205716
5.2056417
5.205568
5.2054935
5.205419
5.2053447
5.2052703
5.2051964
5.205122
5.205048
5.2049737
5.2048993
5.204825
5.204751
5.2046766
5.2046022
5.2045283
5.204454
5.2043796
5.2043056
5.2042313
5.2041574
5.204083
5.2040086
5.2039347
5.2038603
5.203786
5.203712
5.2036376
5.2035637
5.2034893
5.203415
5.203341
5.203267
5.2031927
5.203119
5.2030444
5.2029705
5.202896
5.202822
5.202748
5.202674
5.2025995
5.2025256
5.202451
5.2023773
5.202303
5.202229
5.2021546
5.2020807
5.202007
5.2019324
5.2018585
5.201784
5.20171
5.2016363
5.201562
5.201488
5.201414
5.2013397
5.201266
5.201192
5.2011175
5.2010436
5.200969
5.2008953
5.2008214
5.2007475
5.200673
5.200599
5.2005253
5.2004514
5.200377
5.200303
5.200229
5.2001553
5.2000813
5.200007
5.199933
5.199859
5.199785
5.199711
5.199637
5.199563
5.199489
5.199415
5.1993413
5.1992674
5.1991935
5.199119
5.199045
5.1989713
5.1988974
5.1988235
5.1987495
5.1986756
5.1986012
5.1985273
5.1984534
5.1983795
5.1983056
5.1982317
5.198158
5.198084
5.19801
5.197936
5.197862
5.1977882
5.1977143
5.1976404
5.1975665
5.1974926
5.1974187
5.197345
5.1972713
5.197197
5.1971235
5.1970496
5.1969757
5.196902
5.196828
5.196754
5.19668
5.196606
5.1965327
5.1964583
5.196385
5.196311
5.196237
5.196163
5.1960893
5.196016
5.195942
5.195868
5.195794
5.19572
5.195647
5.195573
5.195499
5.195425
5.1953516
5.1952777
5.195204
5.19513
5.1950564
5.1949825
5.1949086
5.1948347
5.1947613
5.1946874
5.1946135
5.19454
5.194466
5.194392
5.194319
5.194245
5.194171
5.1940975
5.1940236
5.1939497
5.1938763
5.1938024
5.193729
5.193655
5.1935816
5.1935077
5.193434
5.1933603
5.1932864
5.193213
5.193139
5.1930656
5.1929917
5.1929183
5.1928444
5.192771
5.192697
5.1926236
5.1925497
5.1924763
5.1924024
5.192329
5.192255
5.1921816
5.192108
5.1920342
5.191961
5.191887
5.1918135
5.1917396
5.191666
5.1915927
5.191519
5.1914454
5.191372
5.191298
5.1912246
5.1911507
5.191077
5.191004
5.19093
5.1908565
5.190783
5.1907096
5.1906357
5.1905622
5.1904883
5.190415
5.1903415
5.190268
5.1901946
5.1901207
5.1900473
5.189974
5.1899004
5.1898265
5.189753
5.1896796
5.189606
5.1895328
5.1894593
5.189386
5.189312
5.1892385
5.189165
5.1890917
5.1890182
5.188945
5.188871
5.1887975
5.188724
5.1886506
5.188577
5.1885037
5.1884303
5.188357
5.1882834
5.18821
5.1881366
5.1880627
5.1879897
5.187916
5.187843
5.187769
5.187696
5.187622
5.187549
5.1874757
5.1874022
5.187329
5.1872554
5.187182
5.1871085
5.187035
5.1869617
5.186888
5.186815
5.1867414
5.186668
5.1865945
5.1865215
5.186448
5.1863747
5.186301
5.186228
5.1861544
5.186081
5.1860075
5.1859345
5.185861
5.1857877
5.1857142
5.185641
5.185568
5.1854944
5.185421
5.1853476
5.185274
5.185201
5.1851277
5.1850543
5.1849813
5.184908
5.1848345
5.184761
5.184688
5.1846147
5.184541
5.1844683
5.184395
5.1843214
5.1842484
5.184175
5.1841016
5.1840286
5.183955
5.1838818
5.183809
5.1837354
5.1836624
5.183589
5.1835155
5.1834426
5.183369
5.183296
5.183223
5.18315
5.1830764
5.183003
5.18293
5.1828566
5.1827836
5.18271
5.182637
5.182564
5.182491
5.1824174
5.1823444
5.182271
5.182198
5.1821246
5.1820517
5.1819787
5.1819053
5.1818323
5.181759
5.181686
5.1816125
5.1815395
5.181466
5.181393
5.18132
5.1812468
5.181174
5.181101
5.181028
5.1809545
5.1808815
5.180808
5.180735
5.180662
5.180589
5.180516
5.180443
5.1803694
5.1802964
5.1802235
5.1801505
5.1800776
5.180004
5.179931
5.179858
5.1797853
5.179712
5.179639
5.179566
5.179493
5.17942
5.1793466
5.1792736
5.1792006
5.1791277
5.1790547
5.178982
5.178909
5.1788354
5.1787624
5.1786895
5.1786165
5.1785436
5.1784706
5.1783977
5.1783247
5.1782517
5.178179
5.1781054
5.1780324
5.1779594
5.1778865
5.1778135
5.1777406
5.1776676
5.1775947
5.1775217
5.1774487
5.177376
5.177303
5.17723
5.177157
5.177084
5.177011
5.176938
5.176865
5.176792
5.176719
5.1766467
5.1765738
5.176501
5.176428
5.176355
5.176282
5.176209
5.1761365
5.1760635
5.1759906
5.1759176
5.1758447
5.1757717
5.1756988
5.1756263
5.1755533
5.1754804
5.1754074
5.1753345
5.175262
5.175189
5.175116
5.175043
5.1749706
5.1748977
5.1748247
5.1747518
5.1746793
5.1746063
5.1745334
5.1744604
5.174388
5.174315
5.174242
5.1741695
5.1740966
5.1740236
5.173951
5.173878
5.173805
5.1737328
5.17366
5.173587
5.1735144
5.1734414
5.173369
5.173296
5.1732235
5.1731505
5.1730776
5.173005
5.172932
5.1728597
5.1727867
5.172714
5.1726413
5.172569
5.172496
5.1724234
5.1723504
5.172278
5.172205
5.172132
5.1720595
5.171987
5.171914
5.1718416
5.1717687
5.171696
5.1716237
5.1715508
5.171478
5.1714053
5.171333
5.17126
5.1711874
5.1711144
5.171042
5.1709695
5.1708965
5.170824
5.1707516
5.170679
5.170606
5.1705337
5.1704607
5.170388
5.1703157
5.170243
5.1701703
5.170098
5.1700253
5.169953
5.16988
5.1698074
5.169735
5.169662
5.1695895
5.169517
5.1694446
5.169372
5.169299
5.1692266
5.169154
5.1690817
5.169009
5.1689367
5.168864
5.1687913
5.168719
5.1686463
5.168574
5.1685014
5.1684284
5.168356
5.1682835
5.168211
5.1681385
5.168066
5.1679935
5.167921
5.1678486
5.167776
5.1677036
5.167631
5.1675587
5.167486
5.167413
5.167341
5.1672688
5.1671963
5.167124
5.1670513
5.166979
5.1669064
5.166834
5.1667614
5.166689
5.1666164
5.166544
5.1664715
5.166399
5.1663265
5.166254
5.1661816
5.1661096
5.166037
5.1659646
5.165892
5.1658196
5.165747
5.1656747
5.1656027
5.16553
5.1654577
5.1653852
5.165313
5.1652403
5.165168
5.165096
5.1650233
5.164951
5.1648784
5.1648064
5.164734
5.1646614
5.1645894
5.164517
5.1644444
5.164372
5.1643
5.1642275
5.164155
5.1640825
5.1640105
5.163938
5.1638656
5.1637936
5.163721
5.1636486
5.1635766
5.163504
5.1634316
5.1633596
5.163287
5.163215
5.1631427
5.16307
5.162998
5.1629257
5.1628532
5.1627812
5.162709
5.1626368
5.1625643
5.1624923
5.16242
5.162348
5.1622753
5.1622033
5.162131
5.162059
5.1619864
5.1619143
5.161842
5.16177
5.1616974
5.1616254
5.161553
5.161481
5.161409
5.1613364
5.1612644
5.161192
5.16112
5.161048
5.1609755
5.1609035
5.160831
5.160759
5.160687
5.1606145
5.1605425
5.16047
5.160398
5.160326
5.160254
5.1601815
5.1601095
5.1600375
5.159965
5.159893
5.159821
5.159749
5.1596766
5.1596045
5.1595325
5.1594605
5.159388
5.159316
5.159244
5.159172
5.1590996
5.1590276
5.1589556
5.1588836
5.1588116
5.158739
5.158667
5.158595
5.158523
5.158451
5.158379
5.158307
5.1582346
5.1581626
5.1580906
5.1580186
5.1579466
5.1578746
5.1578026
5.1577306
5.1576586
5.157586
5.1575146
5.157442
5.1573706
5.157298
5.157226
5.157154
5.157082
5.15701
5.156938
5.156866
5.156794
5.156722
5.15665
5.156578
5.1565065
5.156434
5.156362
5.1562905
5.1562185
5.1561465
5.1560745
5.1560025
5.1559305
5.1558585
5.1557865
5.1557145
5.155643
5.155571
5.155499
5.155427
5.155355
5.155283
5.155211
5.1551394
5.1550674
5.1549954
5.1549234
5.1548514
5.15478
5.154708
5.154636
5.154564
5.154492
5.1544204
5.1543484
5.1542764
5.1542044
5.154133
5.154061
5.153989
5.1539173
5.1538453
5.1537733
5.153702
5.15363
5.153558
5.1534863
5.1534142
5.1533422
5.1532702
5.1531987
5.1531267
5.153055
5.152983
5.152911
5.1528397
5.1527677
5.152696
5.152624
5.152552
5.1524806
5.1524086
5.152337
5.152265
5.1521935
5.1521215
5.15205
5.151978
5.1519065
5.1518345
5.1517625
5.151691
5.1516194
5.1515474
5.151476
5.151404
5.1513324
5.1512604
5.151189
5.151117
5.1510453
5.1509733
5.150902
5.1508303
5.1507583
5.1506867
5.150615
5.150543
5.1504717
5.1503997
5.150328
5.1502566
5.1501846
5.150113
5.1500416
5.1499696
5.149898
5.1498265
5.1497545
5.149683
5.1496115
5.14954
5.149468
5.1493964
5.149325
5.149253
5.1491814
5.14911
5.1490383
5.1489663
5.148895
5.1488233
5.1487517
5.1486797
5.1486087
5.1485367
5.148465
5.1483936
5.148322
5.1482506
5.1481786
5.148107
5.1480355
5.147964
5.1478925
5.147821
5.1477494
5.1476774
5.147606
5.1475344
5.147463
5.1473913
5.14732
5.1472483
5.1471767
5.147105
5.1470337
5.146962
5.1468906
5.146819
5.1467476
5.146676
5.1466045
5.146533
5.1464615
5.14639
5.1463184
5.146247
5.1461754
5.146104
5.1460323
5.145961
5.1458893
5.1458178
5.145746
5.1456747
5.145603
5.145532
5.1454606
5.145389
5.1453176
5.145246
5.1451745
5.145103
5.145032
5.1449604
5.144889
5.1448174
5.144746
5.144675
5.144603
5.1445317
5.14446
5.1443887
5.144317
5.144246
5.1441746
5.144103
5.1440315
5.1439605
5.143889
5.1438174
5.143746
5.143675
5.1436033
5.143532
5.1434608
5.143389
5.1433177
5.1432467
5.143175
5.1431036
5.143032
5.142961
5.1428895
5.1428185
5.142747
5.1426754
5.1426044
5.142533
5.1424613
5.1423903
5.1423187
5.1422477
5.142176
5.1421046
5.1420336
5.141962
5.141891
5.1418195
5.1417484
5.1416774
5.141606
5.1415343
5.1414633
5.1413918
5.1413207
5.141249
5.141178
5.1411066
5.1410356
5.1409645
5.140893
5.140822
5.1407504
5.1406794
5.140608
5.140537
5.1404653
5.140394
5.140323
5.1402516
5.1401806
5.140109
5.140038
5.139967
5.139896
5.1398244
5.1397533
5.1396823
5.139611
5.1395397
5.139468
5.139397
5.139326
5.1392546
5.1391835
5.1391125
5.1390414
5.13897
5.138899
5.138828
5.1387568
5.138685
5.138614
5.138543
5.138472
5.138401
5.1383295
5.1382585
5.1381874
5.1381164
5.1380453
5.137974
5.1379027
5.1378317
5.1377606
5.1376896
5.1376185
5.1375475
5.137476
5.137405
5.137334
5.137263
5.137192
5.1371207
5.1370497
5.1369786
5.1369076
5.1368365
5.1367655
5.1366944
5.136623
5.136552
5.1364813
5.1364098
5.1363387
5.136268
5.1361966
5.1361256
5.136055
5.1359835
5.135913
5.135842
5.135771
5.1356997
5.1356287
5.1355577
5.1354866
5.1354156
5.1353445
5.1352735
5.1352024
5.1351314
5.135061
5.1349897
5.1349187
5.1348476
5.1347766
5.1347055
5.1346345
5.1345634
5.1344924
5.134422
5.134351
5.1342797
5.1342087
5.1341376
5.134067
5.133996
5.133925
5.1338544
5.1337833
5.1337123
5.1336412
5.13357
5.133499
5.1334286
5.1333575
5.1332865
5.133216
5.133145
5.133074
5.133003
5.132932
5.132861
5.1327906
5.1327195
5.1326485
5.1325774
5.132507
5.132436
5.132365
5.132294
5.132223
5.1321526
5.1320815
5.132011
5.13194
5.1318693
5.1317983
5.131727
5.1316566
5.1315856
5.131515
5.131444
5.1313734
5.1313024
5.1312313
5.1311607
5.1310897
5.131019
5.130948
5.1308775
5.130807
5.130736
5.1306653
5.1305943
5.1305237
5.1304526
5.130382
5.130311
5.1302404
5.1301694
5.130099
5.1300282
5.129957
5.1298866
5.1298156
5.129745
5.1296744
5.129604
5.129533
5.1294622
5.129391
5.1293206
5.12925
5.129179
5.1291084
5.129038
5.1289673
5.128896
5.1288257
5.128755
5.128684
5.1286135
5.128543
5.128472
5.1284013
5.1283307
5.12826
5.1281896
5.1281185
5.128048
5.1279774
5.127907
5.127836
5.127765
5.1276946
5.127624
5.1275535
5.127483
5.127412
5.1273413
5.1272707
5.1272
5.1271296
5.127059
5.1269884
5.1269174
5.126847
5.126776
5.1267056
5.126635
5.1265645
5.126494
5.1264234
5.126353
5.126282
5.1262116
5.126141
5.1260705
5.126
5.1259294
5.125859
5.125788
5.1257176
5.125647
5.1255765
5.125506
5.1254354
5.125365
5.125294
5.1252236
5.125153
5.1250825
5.125012
5.1249413
5.124871
5.1248
5.1247296
5.1246595
5.124589
5.1245184
5.124448
5.1243773
5.1243067
5.124236
5.124166
5.1240954
5.124025
5.1239543
5.1238837
5.1238136
5.123743
5.1236725
5.123602
5.1235313
5.1234612
5.1233907
5.12332
5.1232495
5.1231794
5.123109
5.1230383
5.1229677
5.1228976
5.122827
5.1227565
5.122686
5.122616
5.1225452
5.1224747
5.1224046
5.122334
5.1222634
5.1221933
5.122123
5.122052
5.121982
5.1219115
5.1218414
5.121771
5.1217003
5.12163
5.1215596
5.121489
5.121419
5.1213484
5.1212783
5.1212077
5.1211376
5.121067
5.120997
5.1209264
5.1208563
5.1207857
5.120715
5.120645
5.120575
5.1205044
5.1204343
5.1203637
5.120293
5.120223
5.1201525
5.1200824
5.120012
5.1199417
5.1198716
5.119801
5.119731
5.1196604
5.1195903
5.11952
5.11945
5.1193795
5.1193094
5.119239
5.1191688
5.119098
5.119028
5.118958
5.1188874
5.1188173
5.118747
5.118677
5.1186066
5.1185365
5.1184664
5.118396
5.1183257
5.1182556
5.118185
5.118115
5.118045
5.1179748
5.117904
5.117834
5.117764
5.117694
5.117624
5.117553
5.117483
5.117413
5.117343
5.117273
5.1172023
5.117132
5.117062
5.116992
5.116922
5.1168513
5.116781
5.116711
5.116641
5.116571
5.116501
5.1164308
5.1163607
5.1162906
5.11622
5.11615
5.11608
5.1160097
5.1159396
5.1158695
5.1157994
5.1157293
5.115659
5.115589
5.115519
5.115449
5.115379
5.115309
5.1152387
5.1151686
5.1150985
5.1150284
5.1149583
5.114888
5.114818
5.114748
5.114678
5.114608
5.114538
5.114468
5.1143975
5.114328
5.114258
5.1141877
5.1141176
5.1140475
5.1139774
5.1139073
5.1138377
5.1137676
5.1136975
5.1136274
5.1135573
5.1134872
5.1134176
5.1133475
5.1132774
5.1132073
5.1131372
5.113067
5.1129975
5.1129274
5.1128573
5.1127877
5.1127176
5.1126475
5.1125774
5.1125073
5.1124377
5.1123676
5.1122975
5.112228
5.112158
5.1120877
5.1120176
5.111948
5.111878
5.111808
5.111738
5.111668
5.1115985
5.1115284
5.1114583
5.1113887
5.1113186
5.1112485
5.111179
5.111109
5.1110387
5.110969
5.110899
5.1108294
5.1107593
5.1106896
5.1106195
5.11055
5.11048
5.11041
5.11034
5.1102705
5.1102004
5.1101303
5.1100607
5.109991
5.109921
5.1098514
5.1097813
5.1097116
5.1096416
5.109572
5.109502
5.109432
5.109362
5.1092925
5.109223
5.109153
5.109083
5.109013
5.1089435
5.108874
5.1088037
5.108734
5.108664
5.1085944
5.108525
5.1084547
5.108385
5.1083155
5.108246
5.1081758
5.108106
5.1080365
5.1079664
5.107897
5.107827
5.107757
5.1076875
5.107618
5.1075478
5.107478
5.1074085
5.107339
5.1072693
5.107199
5.1071296
5.10706
5.1069903
5.1069207
5.1068506
5.106781
5.1067114
5.106642
5.106572
5.106502
5.1064324
5.106363
5.106293
5.1062236
5.106154
5.1060843
5.1060147
5.1059446
5.105875
5.1058054
5.105736
5.105666
5.1055965
5.105527
5.1054573
5.1053877
5.1053176
5.1052485
5.105179
5.1051087
5.105039
5.10497
5.1049
5.1048303
5.104761
5.104691
5.104622
5.1045523
5.104482
5.104413
5.1043434
5.104274
5.104204
5.1041346
5.104065
5.1039953
5.1039257
5.103856
5.1037865
5.103717
5.1036477
5.1035776
5.1035085
5.103439
5.103369
5.1032996
5.10323
5.1031604
5.1030912
5.1030216
5.102952
5.1028824
5.102813
5.1027436
5.102674
5.1026044
5.102535
5.102465
5.102396
5.1023264
5.102257
5.102187
5.102118
5.1020484
5.101979
5.101909
5.10184
5.1017704
5.101701
5.1016316
5.101562
5.1014924
5.1014233
5.1013536
5.101284
5.1012144
5.1011453
5.1010756
5.1010065
5.100937
5.1008673
5.100798
5.1007285
5.1006594
5.1005898
5.10052
5.100451
5.1003814
5.1003118
5.1002426
5.100173
5.100104
5.100034
5.099965
5.0998955
5.0998263
5.0997567
5.0996876
5.099618
5.099549
5.099479
5.09941
5.0993404
5.0992713
5.0992017
5.0991325
5.099063
5.098994
5.098924
5.098855
5.098786
5.0987163
5.098647
5.0985775
5.0985084
5.0984387
5.0983696
5.0983005
5.098231
5.0981617
5.098092
5.098023
5.097954
5.0978847
5.097815
5.097746
5.0976763
5.097607
5.097538
5.0974684
5.097399
5.09733
5.097261
5.0971913
5.097122
5.097053
5.096984
5.0969143
5.096845
5.096776
5.096707
5.0966377
5.096568
5.096499
5.09643
5.0963607
5.0962915
5.096222
5.096153
5.0960836
5.0960145
5.095945
5.0958757
5.0958066
5.0957375
5.0956683
5.095599
5.09553
5.095461
5.0953913
5.095322
5.095253
5.095184
5.0951147
5.0950456
5.0949764
5.0949073
5.094838
5.094769
5.0947
5.0946307
5.0945616
5.0944924
5.0944233
5.094354
5.094285
5.094216
5.0941467
5.0940776
5.0940084
5.0939393
5.09387
5.093801
5.093732
5.0936627
5.0935936
5.0935245
5.0934553
5.093386
5.093317
5.093248
5.0931787
5.0931096
5.093041
5.092972
5.0929027
5.0928335
5.0927644
5.092695
5.0926266
5.0925574
5.0924883
5.092419
5.09235
5.092281
5.092212
5.092143
5.092074
5.092005
5.0919356
5.091867
5.091798
5.0917287
5.0916595
5.091591
5.0915217
5.0914526
5.0913835
5.091315
5.0912457
5.0911765
5.0911074
5.0910387
5.0909696
5.0909004
5.0908318
5.0907626
5.090694
5.090625
5.0905557
5.0904865
5.090418
5.0903487
5.09028
5.090211
5.0901423
5.090073
5.090004
5.0899353
5.089866
5.0897975
5.0897284
5.089659
5.0895905
5.0895214
5.0894527
5.0893836
5.089315
5.089246
5.0891767
5.089108
5.0890393
5.08897
5.088901
5.0888324
5.088763
5.0886946
5.088626
5.088557
5.088488
5.088419
5.0883503
5.088281
5.0882125
5.088144
5.0880747
5.088006
5.087937
5.087868
5.0877995
5.0877304
5.0876617
5.0875926
5.087524
5.087455
5.087386
5.0873175
5.087249
5.0871797
5.087111
5.0870423
5.086973
5.0869045
5.0868354
5.0867667
5.086698
5.0866294
5.0865607
5.0864916
5.086423
5.0863543
5.086285
5.0862164
5.086148
5.086079
5.0860105
5.0859413
5.0858727
5.085804
5.0857353
5.085666
5.0855975
5.085529
5.08546
5.0853915
5.0853224
5.085254
5.085185
5.0851164
5.0850477
5.084979
5.0849104
5.0848417
5.084773
5.084704
5.0846353
5.0845666
5.084498
5.0844293
5.0843606
5.084292
5.0842233
5.0841546
5.084086
5.0840173
5.0839486
5.08388
5.0838113
5.0837426
5.083674
5.0836053
5.0835366
5.083468
5.0833993
5.0833306
5.083262
5.0831933
5.0831246
5.083056
5.0829873
5.0829186
5.08285
5.0827813
5.0827127
5.0826445
5.082576
5.082507
5.0824385
5.08237
5.082301
5.0822325
5.082164
5.0820956
5.082027
5.0819583
5.0818896
5.081821
5.0817523
5.081684
5.0816154
5.081547
5.081478
5.08141
5.081341
5.0812726
5.081204
5.0811353
5.0810666
5.0809984
5.0809298
5.080861
5.080793
5.0807242
5.0806556
5.080587
5.0805187
5.08045
5.0803814
5.080313
5.0802445
5.080176
5.080107
5.080039
5.0799704
5.079902
5.0798335
5.079765
5.0796967
5.079628
5.07956
5.079491
5.0794225
5.079354
5.0792856
5.079217
5.079149
5.07908
5.079012
5.0789433
5.078875
5.0788064
5.0787377
5.0786695
5.078601
5.0785327
5.078464
5.078396
5.0783277
5.078259
5.0781903
5.078122
5.0780535
5.0779853
5.077917
5.0778484
5.07778
5.0777116
5.0776434
5.0775747
5.0775065
5.0774384
5.0773697
5.0773015
5.077233
5.0771646
5.0770965
5.077028
5.0769596
5.0768914
5.0768228
5.0767546
5.076686
5.0766177
5.0765495
5.0764813
5.0764127
5.0763445
5.076276
5.0762076
5.0761395
5.076071
5.0760026
5.0759344
5.075866
5.075798
5.0757294
5.075661
5.075593
5.075525
5.075456
5.075388
5.07532
5.0752516
5.075183
5.0751147
5.0750465
5.0749784
5.07491
5.074842
5.0747733
5.074705
5.074637
5.0745687
5.0745
5.074432
5.0743637
5.0742955
5.0742273
5.074159
5.074091
5.074023
5.0739546
5.0738864
5.073818
5.07375
5.0736814
5.073613
5.073545
5.073477
5.0734086
5.0733404
5.073272
5.073204
5.073136
5.0730677
5.0729995
5.0729313
5.072863
5.072795
5.0727267
5.0726585
5.0725904
5.072522
5.072454
5.072386
5.072318
5.0722494
5.0721817
5.0721135
5.0720453
5.071977
5.071909
5.071841
5.0717726
5.0717044
5.0716367
5.071568
5.0715003
5.071432
5.071364
5.0712957
5.0712276
5.0711594
5.0710917
5.0710235
5.0709553
5.070887
5.0708194
5.070751
5.070683
5.070615
5.0705466
5.070479
5.0704107
5.0703425
5.0702744
5.0702066
5.0701385
5.0700703
5.0700026
5.0699344
5.069866
5.069798
5.0697303
5.069662
5.069594
5.069526
5.069458
5.06939
5.069322
5.069254
5.0691857
5.069118
5.06905
5.0689816
5.068914
5.0688457
5.068778
5.06871
5.0686417
5.068574
5.068506
5.068438
5.06837
5.0683017
5.068234
5.068166
5.068098
5.06803
5.067962
5.067894
5.0678263
5.067758
5.0676904
5.067622
5.0675545
5.0674863
5.0674186
5.0673504
5.0672827
5.0672145
5.067147
5.0670786
5.067011
5.0669427
5.066875
5.0668073
5.066739
5.0666714
5.066603
5.0665355
5.066468
5.0663996
5.066332
5.066264
5.066196
5.0661283
5.06606
5.0659924
5.0659246
5.0658565
5.0657887
5.065721
5.065653
5.065585
5.0655174
5.0654497
5.0653815
5.065314
5.065246
5.065178
5.06511
5.0650425
5.064975
5.0649066
5.064839
5.064771
5.0647035
5.0646358
5.0645676
5.0645
5.064432
5.0643644
5.0642962
5.0642285
5.064161
5.064093
5.0640254
5.0639577
5.0638895
5.063822
5.063754
5.0636864
5.0636187
5.063551
5.063483
5.0634155
5.063348
5.0632796
5.063212
5.063144
5.0630765
5.063009
5.062941
5.0628734
5.0628057
5.062738
5.06267
5.0626025
5.062535
5.062467
5.0623994
5.0623317
5.062264
5.0621963
5.0621285
5.062061
5.061993
5.0619254
5.0618577
5.06179
5.0617223
5.0616546
5.061587
5.061519
5.0614514
5.0613837
5.0613165
5.061249
5.061181
5.0611134
5.0610456
5.060978
5.06091
5.0608425
5.0607753
5.0607076
5.06064
5.060572
5.0605044
5.0604367
5.060369
5.0603013
5.060234
5.0601664
5.0600986
5.060031
5.0599637
5.059896
5.0598283
5.0597606
5.0596933
5.0596256
5.059558
5.05949
5.059423
5.0593553
5.0592875
5.05922
5.0591526
5.059085
5.059017
5.05895
5.058882
5.0588145
5.058747
5.0586796
5.058612
5.0585446
5.058477
5.058409
5.058342
5.0582743
5.0582066
5.0581393
5.0580716
5.0580044
5.0579367
5.057869
5.0578017
5.057734
5.057667
5.057599
5.057532
5.057464
5.057397
5.057329
5.0572615
5.057194
5.0571265
5.0570593
5.0569916
5.0569243
5.0568566
5.0567894
5.0567217
5.0566545
5.0565867
5.0565195
5.056452
5.0563846
5.0563173
5.0562496
5.0561824
5.0561147
5.0560474
5.0559797
5.0559125
5.0558453
5.0557775
5.0557103
5.0556426
5.0555754
5.055508
5.0554404
5.055373
5.055306
5.0552382
5.055171
5.055104
5.0550365
5.054969
5.0549016
5.054834
5.0547667
5.0546994
5.054632
5.0545645
5.0544972
5.05443
5.054363
5.054295
5.054228
5.0541606
5.0540934
5.0540257
5.0539584
5.053891
5.0538235
5.0537567
5.053689
5.053622
5.0535545
5.0534873
5.05342
5.0533524
5.053285
5.053218
5.0531507
5.0530834
5.053016
5.0529485
5.0528812
5.052814
5.052747
5.0526795
5.0526123
5.052545
5.052478
5.0524106
5.052343
5.0522757
5.052209
5.052141
5.052074
5.0520067
5.0519395
5.0518723
5.051805
5.051738
5.0516706
5.0516033
5.051536
5.051469
5.0514016
5.0513344
5.051267
5.0512
5.0511327
5.0510654
5.050998
5.050931
5.0508637
5.0507965
5.0507298
5.0506625
5.0505953
5.050528
5.050461
5.0503936
5.0503263
5.050259
5.050192
5.0501246
5.050058
5.0499907
5.0499234
5.049856
5.049789
5.0497217
5.049655
5.0495877
5.0495205
5.0494533
5.0493865
5.049319
5.049252
5.049185
5.0491176
5.049051
5.0489836
5.0489163
5.048849
5.048782
5.048715
5.048648
5.0485806
5.0485134
5.0484467
5.0483794
5.0483127
5.0482454
5.048178
5.048111
5.048044
5.047977
5.0479097
5.047843
5.0477757
5.0477085
5.0476418
5.0475745
5.047508
5.0474405
5.0473733
5.0473065
5.0472393
5.047172
5.0471053
5.047038
5.0469713
5.046904
5.0468373
5.04677
5.046703
5.046636
5.046569
5.046502
5.046435
5.046368
5.046301
5.046234
5.046167
5.0461
5.046033
5.045966
5.045899
5.045832
5.045765
5.045698
5.045631
5.045564
5.0454974
5.04543
5.0453634
5.045296
5.0452294
5.0451627
5.0450954
5.0450287
5.0449615
5.0448947
5.044828
5.0447607
5.044694
5.044627
5.04456
5.044493
5.044426
5.044359
5.0442924
5.044225
5.0441585
5.0440917
5.0440245
5.0439577
5.043891
5.043824
5.043757
5.04369
5.0436234
5.0435567
5.0434895
5.0434227
5.043356
5.0432887
5.043222
5.043155
5.0430884
5.0430217
5.042955
5.0428877
5.042821
5.042754
5.0426874
5.04262
5.0425534
5.0424867
5.04242
5.042353
5.0422864
5.0422196
5.042153
5.042086
5.042019
5.041952
5.0418854
5.0418186
5.041752
5.041685
5.0416183
5.0415516
5.0414844
5.0414176
5.041351
5.041284
5.0412173
5.0411506
5.041084
5.041017
5.0409503
5.0408835
5.040817
5.04075
5.0406833
5.0406165
5.0405498
5.040483
5.0404162
5.0403495
5.0402827
5.040216
5.0401497
5.0400825
5.0400157
5.0399494
5.0398827
5.039816
5.039749
5.0396824
5.0396156
5.039549
5.039482
5.039416
5.0393486
5.0392823
5.0392156
5.039149
5.039082
5.0390153
5.0389485
5.0388823
5.0388155
5.0387487
5.038682
5.038615
5.038549
5.038482
5.0384154
5.0383487
5.038282
5.0382156
5.038149
5.038082
5.038016
5.037949
5.0378823
5.0378156
5.0377493
5.0376825
5.037616
5.037549
5.0374827
5.037416
5.037349
5.037283
5.037216
5.0371494
5.0370827
5.0370164
5.0369496
5.0368834
5.0368166
5.03675
5.0366836
5.036617
5.03655
5.036484
5.036417
5.0363507
5.036284
5.0362177
5.036151
5.0360847
5.036018
5.035951
5.035885
5.035818
5.035752
5.035685
5.035619
5.035552
5.0354857
5.035419
5.035352
5.035286
5.0352197
5.035153
5.035086
5.03502
5.0349536
5.034887
5.0348206
5.034754
5.0346875
5.034621
5.0345545
5.034488
5.0344214
5.034355
5.0342884
5.034222
5.0341554
5.034089
5.034023
5.033956
5.03389
5.033823
5.0337567
5.0336905
5.033624
5.0335574
5.033491
5.033425
5.033358
5.033292
5.033225
5.033159
5.0330925
5.033026
5.0329595
5.032893
5.032827
5.0327606
5.032694
5.0326276
5.0325613
5.032495
5.0324283
5.032362
5.0322957
5.0322294
5.032163
5.032097
5.03203
5.031964
5.0318975
5.0318313
5.031765
5.031698
5.031632
5.0315657
5.0314994
5.031433
5.0313663
5.0313
5.031234
5.0311675
5.031101
5.031035
5.0309687
5.0309024
5.030836
5.03077
5.0307035
5.030637
5.0305705
5.030504
5.030438
5.0303717
5.0303054
5.030239
5.030173
5.0301065
5.0300403
5.029974
5.0299077
5.0298414
5.029775
5.029709
5.0296426
5.0295763
5.02951
5.0294437
5.0293775
5.029311
5.029245
5.029179
5.0291123
5.0290465
5.0289803
5.028914
5.0288477
5.0287814
5.028715
5.028649
5.0285826
5.0285163
5.0284505
5.028384
5.028318
5.0282516
5.0281854
5.028119
5.028053
5.027987
5.0279207
5.0278544
5.027788
5.0277224
5.027656
5.02759
5.0275235
5.027457
5.027391
5.027325
5.027259
5.0271926
5.0271263
5.0270605
5.026994
5.026928
5.0268617
5.026796
5.0267296
5.0266633
5.0265975
5.026531
5.0264654
5.026399
5.026333
5.0262666
5.026201
5.0261345
5.026068
5.0260024
5.025936
5.0258703
5.025804
5.025738
5.025672
5.0256057
5.0255394
5.0254736
5.0254073
5.0253415
5.025275
5.0252094
5.025143
5.0250773
5.025011
5.0249453
5.024879
5.0248127
5.024747
5.0246806
5.024615
5.0245485
5.0244823
5.0244164
5.0243506
5.0242844
5.0242186
5.0241523
5.0240865
5.02402
5.0239544
5.0238886
5.0238223
5.023756
5.02369
5.0236244
5.023558
5.0234923
5.0234265
5.0233603
5.0232944
5.023228
5.0231624
5.0230966
5.0230303
5.0229645
5.0228987
5.0228324
5.0227666
5.0227003
5.0226345
5.0225687
5.0225024
5.0224366
5.022371
5.0223045
5.0222387
5.022173
5.022107
5.022041
5.021975
5.021909
5.021843
5.021777
5.0217113
5.0216455
5.0215797
5.0215135
5.0214477
5.021382
5.021316
5.0212502
5.021184
5.021118
5.0210524
5.0209866
5.0209203
5.0208545
5.0207887
5.020723
5.020657
5.0205913
5.020525
5.0204597
5.0203934
5.0203276
5.020262
5.020196
5.02013
5.0200644
5.0199986
5.0199323
5.019867
5.0198007
5.0197353
5.019669
5.0196033
5.0195374
5.0194716
5.019406
5.01934
5.019274
5.0192084
5.0191426
5.019077
5.019011
5.018945
5.0188794
5.0188136
5.018748
5.018682
5.018616
5.0185504
5.0184846
5.018419
5.018353
5.018287
5.018222
5.018156
5.0180902
5.0180244
5.0179586
5.017893
5.017827
5.017761
5.0176954
5.0176296
5.0175643
5.0174985
5.0174327
5.017367
5.017301
5.0172353
5.0171695
5.0171037
5.0170383
5.0169725
5.0169067
5.0168414
5.0167756
5.01671
5.016644
5.016578
5.016513
5.016447
5.0163813
5.0163155
5.0162497
5.0161843
5.0161185
5.0160527
5.0159874
5.0159216
5.015856
5.0157905
5.0157247
5.015659
5.015593
5.0155272
5.015462
5.015396
5.015331
5.015265
5.015199
5.015134
5.015068
5.0150023
5.014937
5.014871
5.014806
5.01474
5.014674
5.0146084
5.014543
5.0144777
5.014412
5.014346
5.014281
5.014215
5.0141497
5.014084
5.014018
5.0139527
5.0138874
5.0138216
5.013756
5.0136905
5.0136247
5.0135593
5.0134935
5.013428
5.0133624
5.013297
5.0132313
5.013166
5.0131006
5.013035
5.0129695
5.0129037
5.0128384
5.0127726
5.012707
5.0126414
5.012576
5.012511
5.012445
5.0123796
5.0123143
5.0122485
5.012183
5.0121174
5.012052
5.0119863
5.011921
5.0118556
5.0117903
5.0117245
5.011659
5.0115933
5.011528
5.0114627
5.0113974
5.0113316
5.011266
5.011201
5.011135
5.01107
5.0110044
5.010939
5.0108733
5.010808
5.0107427
5.0106773
5.0106115
5.010546
5.010481
5.0104156
5.01035
5.0102844
5.010219
5.010154
5.0100884
5.010023
5.0099573
5.009892
5.0098267
5.0097613
5.009696
5.0096307
5.0095654
5.0094995
5.009434
5.009369
5.0093036
5.0092382
5.009173
5.0091076
5.009042
5.008977
5.0089116
5.008846
5.0087805
5.008715
5.00865
5.0085845
5.008519
5.008454
5.0083885
5.008323
5.008258
5.0081925
5.008127
5.008062
5.0079966
5.007931
5.007866
5.0078006
5.0077353
5.00767
5.0076046
5.0075393
5.007474
5.0074086
5.0073433
5.007278
5.0072126
5.007148
5.0070825
5.007017
5.006952
5.0068865
5.006821
5.006756
5.0066905
5.006625
5.0065603
5.006495
5.0064297
5.0063643
5.006299
5.0062337
5.0061684
5.0061035
5.006038
5.005973
5.0059075
5.005842
5.0057774
5.005712
5.0056467
5.0055814
5.005516
5.005451
5.005386
5.0053205
5.005255
5.0051904
5.005125
5.0050597
5.004995
5.0049295
5.004864
5.004799
5.004734
5.0046687
5.0046034
5.0045385
5.004473
5.004408
5.004343
5.0042777
5.0042124
5.0041475
5.004082
5.0040174
5.003952
5.0038867
5.003822
5.0037565
5.0036917
5.0036263
5.003561
5.003496
5.003431
5.0033655
5.0033007
5.0032353
5.0031705
5.003105
5.0030403
5.002975
5.00291
5.002845
5.00278
5.0027146
5.00265
5.0025845
5.002519
5.0024543
5.002389
5.002324
5.0022593
5.002194
5.002129
5.0020638
5.001999
5.0019336
5.0018687
5.001804
5.0017385
5.0016737
5.0016084
5.0015435
5.001478
5.0014133
5.0013485
5.001283
5.0012183
5.0011535
5.001088
5.0010233
5.000958
5.000893
5.0008283
5.000763
5.000698
5.0006332
5.0005684
5.000503
5.000438
5.000373
5.000308
5.000243
5.0001783
5.000113
5.000048
4.9999833
4.999918
4.999853
4.9997883
4.9997234
4.9996586
4.9995933
4.9995284
4.9994636
4.9993987
4.9993334
4.9992685
4.9992037
4.999139
4.999074
4.9990087
4.998944
4.998879
4.998814
4.9987493
4.9986844
4.998619
4.998554
4.9984894
4.9984245
4.9983597
4.998295
4.99823
4.998165
4.9981003
4.9980354
4.9979706
4.9979053
4.9978404
4.9977756
4.9977107
4.997646
4.997581
4.997516
4.9974513
4.9973865
4.9973216
4.9972568
4.997192
4.997127
4.997062
4.9969974
4.9969325
4.9968677
4.996803
4.996738
4.996673
4.9966083
4.9965434
4.9964786
4.9964137
4.996349
4.9962845
4.996219
4.996155
4.99609
4.996025
4.99596
4.9958954
4.9958305
4.9957657
4.995701
4.995636
4.9955716
4.995507
4.995442
4.995377
4.995312
4.9952474
4.995183
4.995118
4.9950533
4.9949884
4.9949236
4.9948587
4.9947944
4.9947295
4.9946647
4.9946
4.994535
4.9944706
4.9944057
4.994341
4.994276
4.9942117
4.994147
4.994082
4.9940176
4.9939528
4.993888
4.993823
4.9937587
4.993694
4.993629
4.9935646
4.9934998
4.993435
4.9933705
4.9933057
4.993241
4.993176
4.9931116
4.9930468
4.9929824
4.9929175
4.9928527
4.9927883
4.9927235
4.992659
4.9925942
4.9925294
4.992465
4.9924
4.992336
4.992271
4.9922066
4.9921417
4.992077
4.9920125
4.991948
4.9918833
4.9918184
4.991754
4.991689
4.991625
4.99156
4.9914956
4.9914308
4.9913664
4.991302
4.991237
4.9911723
4.991108
4.991043
4.9909787
4.990914
4.9908495
4.990785
4.9907203
4.990656
4.9905915
4.9905267
4.9904623
4.9903975
4.990333
4.990268
4.990204
4.9901395
4.9900746
4.9900103
4.989946
4.989881
4.9898167
4.9897523
4.9896874
4.989623
4.9895587
4.989494
4.9894295
4.989365
4.9893007
4.989236
4.9891715
4.989107
4.9890423
4.988978
4.9889135
4.9888487
4.9887843
4.98872
4.9886556
4.988591
4.9885263
4.988462
4.9883976
4.988333
4.988269
4.988204
4.9881396
4.9880753
4.988011
4.9879465
4.9878817
4.9878173
4.987753
4.9876885
4.987624
4.98756
4.9874954
4.9874306
4.987366
4.987302
4.9872375
4.987173
4.9871087
4.9870443
4.9869795
4.986915
4.986851
4.9867864
4.986722
4.9866576
4.9865932
4.986529
4.9864645
4.9864
4.9863358
4.9862714
4.986207
4.9861426
4.9860783
4.986014
4.9859495
4.985885
4.985821
4.9857564
4.985692
4.9856277
4.9855633
4.985499
4.9854345
4.98537
4.985306
4.985242
4.985177
4.985113
4.985049
4.9849844
4.98492
4.9848557
4.9847913
4.984727
4.9846625
4.984598
4.984534
4.98447
4.9844055
4.984341
4.984277
4.9842124
4.9841485
4.984084
4.9840198
4.9839554
4.983891
4.9838266
4.9837627
4.9836984
4.983634
4.9835696
4.9835057
4.9834414
4.983377
4.9833126
4.9832487
4.9831843
4.98312
4.9830556
4.9829917
4.9829273
4.982863
4.9827986
4.982734
4.9826703
4.982606
4.9825416
4.9824777
4.9824133
4.982349
4.982285
4.9822206
4.9821568
4.9820924
4.982028
4.9819636
4.9818997
4.9818354
4.9817715
4.981707
4.981643
4.981579
4.9815145
4.9814506
4.981386
4.9813223
4.981258
4.9811935
4.9811296
4.9810653
4.9810014
4.980937
4.980873
4.9808087
4.980745
4.9806805
4.9806166
4.980552
4.9804883
4.980424
4.98036
4.9802957
4.9802313
4.9801674
4.9801035
4.980039
4.979975
4.979911
4.979847
4.9797826
4.9797187
4.9796543
4.9795904
4.9795265
4.979462
4.9793983
4.979334
4.97927
4.979206
4.9791417
4.979078
4.9790134
4.9789495
4.9788857
4.9788218
4.9787574
4.9786935
4.9786296
4.978565
4.9785013
4.978437
4.978373
4.978309
4.9782453
4.978181
4.978117
4.978053
4.977989
4.977925
4.977861
4.977797
4.9777327
4.977669
4.977605
4.977541
4.9774766
4.9774127
4.977349
4.977285
4.9772205
4.9771566
4.9770927
4.977029
4.976965
4.976901
4.9768367
4.976773
4.976709
4.976645
4.976581
4.976517
4.9764533
4.976389
4.976325
4.976261
4.9761972
4.9761333
4.9760695
4.9760056
4.975941
4.975878
4.9758134
4.9757495
4.9756856
4.9756217
4.975558
4.975494
4.97543
4.975366
4.975302
4.9752383
4.9751744
4.9751105
4.9750466
4.9749827
4.974919
4.974855
4.974791
4.974727
4.9746633
4.9745994
4.9745355
4.9744716
4.9744077
4.974344
4.97428
4.974216
4.974152
4.974088
4.9740243
4.9739604
4.973897
4.973833
4.973769
4.9737053
4.9736414
4.9735775
4.9735136
4.97345
4.9733863
4.9733224
4.9732585
4.9731946
4.9731307
4.973067
4.9730034
4.9729395
4.9728756
4.9728117
4.972748
4.972684
4.9726205
4.9725566
4.9724927
4.972429
4.972365
4.9723015
4.9722376
4.9721737
4.97211
4.9720464
4.9719825
4.9719186
4.9718547
4.9717913
4.9717274
4.9716635
4.9716
4.971536
4.9714723
4.971409
4.971345
4.971281
4.9712176
4.9711537
4.97109
4.9710264
4.9709625
4.9708986
4.970835
4.9707713
4.9707074
4.970644
4.97058
4.970516
4.970453
4.970389
4.9703255
4.9702616
4.970198
4.9701343
4.9700704
4.970007
4.9699435
4.9698796
4.9698157
4.9697523
4.9696884
4.969625
4.969561
4.9694977
4.969434
4.96937
4.9693065
4.969243
4.969179
4.9691157
4.969052
4.9689884
4.9689245
4.968861
4.968797
4.968734
4.9686704
4.9686065
4.968543
4.968479
4.9684157
4.9683523
4.9682884
4.968225
4.968161
4.9680977
4.9680343
4.9679704
4.967907
4.967843
4.9677796
4.9677157
4.9676523
4.967589
4.9675255
4.9674616
4.967398
4.9673343
4.967271
4.9672074
4.967144
4.96708
4.9670167
4.9669533
4.9668894
4.966826
4.9667625
4.966699
4.966635
4.966572
4.9665084
4.9664445
4.9663815
4.9663177
4.966254
4.966191
4.966127
4.9660635
4.966
4.9659367
4.9658732
4.96581
4.965746
4.9656825
4.965619
4.9655557
4.9654922
4.965429
4.965365
4.9653015
4.965238
4.9651747
4.9651113
4.965048
4.964984
4.964921
4.9648576
4.9647937
4.9647303
4.964667
4.9646034
4.96454
4.9644766
4.964413
4.9643497
4.9642863
4.964223
4.9641595
4.964096
4.9640326
4.963969
4.963906
4.9638424
4.9637785
4.963715
4.963652
4.9635887
4.9635253
4.963462
4.9633985
4.963335
4.9632716
4.963208
4.963145
4.9630814
4.963018
4.9629545
4.962891
4.9628277
4.9627643
4.962701
4.962638
4.9625745
4.962511
4.9624476
4.962384
4.962321
4.9622574
4.962194
4.9621305
4.9620676
4.962004
4.961941
4.9618773
4.961814
4.961751
4.9616876
4.961624
4.9615607
4.9614973
4.9614344
4.961371
4.9613075
4.961244
4.9611807
4.9611177
4.9610543
4.960991
4.9609275
4.9608645
4.960801
4.9607377
4.9606743
4.9606113
4.960548
4.9604845
4.960421
4.960358
4.9602947
4.960232
4.9601684
4.960105
4.960042
4.9599786
4.959915
4.959852
4.959789
4.9597254
4.9596624
4.959599
4.9595356
4.9594727
4.959409
4.9593463
4.959283
4.9592195
4.9591565
4.959093
4.95903
4.9589667
4.9589033
4.9588404
4.958777
4.958714
4.9586506
4.9585876
4.958524
4.9584613
4.958398
4.958335
4.9582715
4.9582086
4.958145
4.958082
4.958019
4.9579554
4.9578924
4.957829
4.957766
4.957703
4.9576397
4.9575768
4.9575133
4.9574504
4.957387
4.957324
4.957261
4.9571977
4.9571347
4.9570713
4.9570084
4.9569454
4.956882
4.956819
4.956756
4.9566927
4.9566298
4.9565663
4.9565034
4.95644
4.9563775
4.956314
4.956251
4.9561877
4.956125
4.956062
4.9559984
4.9559355
4.9558725
4.9558096
4.955746
4.955683
4.9556203
4.9555573
4.955494
4.955431
4.9553676
4.9553046
4.9552417
4.9551787
4.955116
4.9550524
4.9549894
4.9549265
4.9548635
4.9548006
4.9547377
4.9546742
4.9546113
4.9545484
4.9544854
4.954422
4.954359
4.954296
4.954233
4.95417
4.9541073
4.954044
4.953981
4.953918
4.953855
4.953792
4.953729
4.953666
4.9536033
4.9535403
4.953477
4.953414
4.953351
4.953288
4.953225
4.953162
4.9530993
4.9530363
4.9529734
4.9529104
4.9528475
4.9527845
4.9527216
4.9526587
4.9525957
4.952533
4.95247
4.952407
4.952344
4.952281
4.952218
4.952155
4.952092
4.952029
4.951967
4.9519033
4.9518404
4.951778
4.951715
4.951652
4.951589
4.951526
4.951463
4.9514003
4.9513373
4.9512744
4.9512115
4.951149
4.951086
4.951023
4.95096
4.950897
4.9508343
4.950772
4.9507084
4.950646
4.950583
4.95052
4.950457
4.9503946
4.9503317
4.9502687
4.950206
4.950143
4.9500804
4.9500175
4.9499545
4.9498916
4.9498286
4.949766
4.949703
4.9496403
4.9495773
4.949515
4.949452
4.949389
4.949326
4.9492636
4.9492006
4.9491377
4.949075
4.9490123
4.9489493
4.948887
4.948824
4.948761
4.9486985
4.9486356
4.9485726
4.94851
4.948447
4.9483843
4.948322
4.948259
4.9481964
4.9481335
4.9480705
4.948008
4.947945
4.9478827
4.9478197
4.947757
4.9476943
4.9476314
4.947569
4.947506
4.9474435
4.9473805
4.947318
4.947255
4.9471927
4.9471297
4.9470673
4.9470043
4.9469414
4.946879
4.9468164
4.9467535
4.9466906
4.946628
4.9465656
4.9465027
4.94644
4.9463773
4.946315
4.9462523
4.9461894
4.9461265
4.946064
4.946001
4.9459386
4.945876
4.9458137
4.9457507
4.9456882
4.9456253
4.945563
4.9455
4.9454374
4.945375
4.9453125
4.9452496
4.945187
4.945124
4.9450617
4.944999
4.9449363
4.944874
4.9448113
4.9447484
4.944686
4.9446235
4.9445605
4.944498
4.9444356
4.944373
4.94431
4.9442477
4.9441853
4.944123
4.94406
4.9439974
4.943935
4.9438725
4.94381
4.943747
4.9436846
4.943622
4.9435596
4.9434967
4.9434342
4.943372
4.9433093
4.943247
4.9431844
4.943122
4.943059
4.9429965
4.942934
4.9428716
4.942809
4.9427466
4.9426837
4.942621
4.942559
4.9424963
4.942434
4.9423714
4.942309
4.9422464
4.942184
4.942121
4.9420586
4.941996
4.941934
4.941871
4.9418087
4.941746
4.941684
4.9416213
4.941559
4.9414964
4.941434
4.9413714
4.941309
4.9412465
4.941184
4.9411216
4.941059
4.9409966
4.940934
4.9408717
4.9408092
4.940747
4.940685
4.940622
4.94056
4.940497
4.940435
4.9403725
4.94031
4.9402475
4.940185
4.9401226
4.94006
4.9399977
4.939935
4.939873
4.9398108
4.9397483
4.939686
4.9396234
4.939561
4.939499
4.939436
4.939374
4.9393115
4.939249
4.9391866
4.939124
4.939062
4.9389997
4.938937
4.9388747
4.9388123
4.9387503
4.938688
4.9386253
4.9385633
4.938501
4.9384384
4.938376
4.9383135
4.9382515
4.938189
4.9381266
4.9380646
4.938002
4.9379396
4.937877
4.937815
4.9377527
4.9376903
4.9376283
4.937566
4.9375033
4.9374413
4.937379
4.937317
4.9372544
4.937192
4.9371295
4.9370675
4.937005
4.936943
4.9368806
4.936818
4.936756
4.9366937
4.9366317
4.936569
4.9365067
4.9364448
4.9363823
4.9363203
4.936258
4.936196
4.9361334
4.9360714
4.936009
4.9359465
4.9358845
4.935822
4.93576
4.9356976
4.9356356
4.9355736
4.935511
4.935449
4.9353867
4.9353247
4.935262
4.9352
4.9351377
4.9350758
4.9350133
4.9349513
4.9348893
4.934827
4.934765
4.9347024
4.9346404
4.934578
4.934516
4.9344535
4.9343915
4.9343295
4.934267
4.934205
4.934143
4.9340806
4.9340186
4.933956
4.933894
4.933832
4.9337697
4.9337077
4.9336457
4.9335837
4.9335213
4.9334593
4.9333973
4.933335
4.933273
4.9332104
4.9331484
4.9330864
4.9330244
4.9329624
4.9329
4.932838
4.932776
4.932714
4.9326515
4.9325895
4.9325275
4.9324656
4.932403
4.932341
4.932279
4.932217
4.932155
4.932093
4.9320307
4.9319687
4.9319067
4.9318447
4.9317827
4.9317203
4.9316583
4.9315963
4.9315343
4.9314723
4.9314103
4.9313483
4.9312863
4.931224
4.931162
4.9311
4.931038
4.930976
4.930914
4.930852
4.93079
4.930728
4.930666
4.930604
4.9305415
4.93048
4.9304175
4.930356
4.9302936
4.9302316
4.9301696
4.9301076
4.9300456
4.929984
4.9299216
4.9298596
4.9297976
4.9297357
4.929674
4.9296117
4.92955
4.929488
4.9294257
4.929364
4.929302
4.92924
4.929178
4.9291162
4.9290543
4.9289923
4.9289303
4.9288683
4.9288063
4.9287443
4.928683
4.928621
4.928559
4.928497
4.928435
4.928373
4.928311
4.9282494
4.9281874
4.9281254
4.9280634
4.9280014
4.9279394
4.9278774
4.927816
4.927754
4.927692
4.92763
4.927568
4.9275064
4.9274445
4.9273825
4.9273205
4.927259
4.927197
4.927135
4.927073
4.9270115
4.9269495
4.9268875
4.9268255
4.926764
4.926702
4.92664
4.926578
4.9265165
4.9264545
4.926393
4.926331
4.926269
4.9262075
4.9261456
4.9260836
4.926022
4.92596
4.925898
4.9258366
4.9257746
4.9257126
4.925651
4.925589
4.9255276
4.9254656
4.9254036
4.925342
4.92528
4.9252186
4.9251566
4.925095
4.925033
4.924971
4.9249096
4.9248476
4.924786
4.924724
4.9246626
4.9246006
4.924539
4.924477
4.924415
4.9243536
4.9242916
4.92423
4.9241686
4.9241066
4.924045
4.923983
4.9239216
4.9238596
4.923798
4.923736
4.9236746
4.9236126
4.923551
4.9234896
4.9234276
4.923366
4.923304
4.9232426
4.9231806
4.923119
4.9230576
4.9229956
4.922934
4.9228725
4.9228106
4.922749
4.922687
4.9226255
4.922564
4.922502
4.9224405
4.922379
4.922317
4.9222555
4.922194
4.922132
4.9220705
4.922009
4.9219475
4.9218855
4.921824
4.9217625
4.9217005
4.921639
4.9215775
4.921516
4.921454
4.9213924
4.921331
4.9212694
4.9212074
4.921146
4.9210844
4.921023
4.920961
4.9208994
4.920838
4.9207764
4.920715
4.9206533
4.9205914
4.92053
4.9204683
4.920407
4.9203453
4.920284
4.920222
4.9201603
4.920099
4.9200373
4.9199758
4.9199142
4.9198527
4.919791
4.919729
4.9196677
4.919606
4.9195447
4.919483
4.9194217
4.91936
4.9192986
4.919237
4.9191756
4.919114
4.9190526
4.918991
4.9189296
4.918868
4.9188066
4.918745
4.918683
4.918622
4.9185605
4.918499
4.918437
4.918376
4.9183145
4.918253
4.9181914
4.91813
4.9180684
4.918007
4.9179454
4.917884
4.9178224
4.917761
4.9176993
4.917638
4.9175763
4.917515
4.9174533
4.917392
4.9173307
4.917269
4.9172077
4.917146
4.9170847
4.917023
4.916962
4.9169006
4.916839
4.9167776
4.916716
4.9166546
4.916593
4.916532
4.9164705
4.916409
4.9163475
4.9162865
4.916225
4.9161634
4.916102
4.9160404
4.9159794
4.915918
4.9158564
4.915795
4.9157333
4.9156723
4.915611
4.9155493
4.9154882
4.9154267
4.915365
4.915304
4.9152427
4.915181
4.9151196
4.915058
4.914997
4.9149356
4.9148746
4.914813
4.9147515
4.9146905
4.914629
4.9145675
4.9145064
4.914445
4.914384
4.9143224
4.914261
4.9142
4.9141383
4.9140773
4.914016
4.9139543
4.913893
4.9138317
4.91377
4.913709
4.9136477
4.9135866
4.913525
4.913464
4.9134026
4.913341
4.91328
4.913219
4.9131575
4.913096
4.913035
4.912974
4.9129124
4.912851
4.91279
4.9127283
4.9126673
4.912606
4.9125447
4.9124837
4.912422
4.912361
4.9122996
4.9122386
4.912177
4.912116
4.912055
4.9119935
4.9119325
4.911871
4.91181
4.9117484
4.9116874
4.9116263
4.911565
4.911504
4.9114423
4.9113812
4.91132
4.9112587
4.9111977
4.9111366
4.911075
4.911014
4.910953
4.9108915
4.9108305
4.9107695
4.9107084
4.910647
4.910586
4.910525
4.9104633
4.9104023
4.9103413
4.9102798
4.9102187
4.9101577
4.9100966
4.910035
4.909974
4.909913
4.909852
4.9097905
4.9097295
4.9096684
4.9096074
4.9095464
4.909485
4.909424
4.909363
4.9093018
4.9092407
4.909179
4.909118
4.909057
4.908996
4.908935
4.908874
4.908813
4.9087515
4.9086905
4.9086294
4.9085684
4.9085073
4.9084463
4.908385
4.908324
4.908263
4.9082017
4.9081407
4.9080796
4.9080186
4.9079576
4.9078965
4.9078355
4.9077744
4.9077134
4.9076524
4.9075913
4.9075303
4.907469
4.9074078
4.9073467
4.907286
4.907225
4.907164
4.907103
4.907042
4.906981
4.90692
4.906859
4.906798
4.906737
4.906676
4.906615
4.9065537
4.9064927
4.9064317
4.9063706
4.9063096
4.9062486
4.9061875
4.906127
4.906066
4.906005
4.905944
4.905883
4.905822
4.905761
4.9056997
4.9056387
4.9055777
4.905517
4.905456
4.905395
4.905334
4.905273
4.905212
4.905151
4.9050903
4.9050293
4.9049683
4.904907
4.904846
4.9047856
4.9047246
4.9046636
4.9046025
4.9045415
4.904481
4.90442
4.904359
4.904298
4.9042373
4.904176
4.9041157
4.904054
4.9039936
4.9039326
4.9038715
4.903811
4.90375
4.9036894
4.903628
4.9035673
4.9035063
4.9034452
4.9033847
4.9033237
4.9032626
4.903202
4.903141
4.9030805
4.9030194
4.902959
4.902898
4.902837
4.902776
4.902715
4.902654
4.9025936
4.9025326
4.9024715
4.902411
4.90235
4.9022894
4.9022284
4.902168
4.902107
4.9020457
4.901985
4.901924
4.9018636
4.9018025
4.901742
4.901681
4.9016204
4.9015594
4.901499
4.9014378
4.901377
4.901316
4.9012556
4.9011946
4.901134
4.901073
4.9010124
4.900952
4.900891
4.9008303
4.900769
4.9007087
4.9006476
4.900587
4.900526
4.9004655
4.9004045
4.900344
4.9002833
4.9002223
4.9001617
4.900101
4.90004
4.8999796
4.899919
4.899858
4.8997974
4.899737
4.899676
4.8996153
4.8995547
4.8994937
4.899433
4.899372
4.8993115
4.899251
4.89919
4.8991294
4.899069
4.8990083
4.8989472
4.8988867
4.898826
4.8987656
4.8987045
4.898644
4.8985834
4.8985224
4.898462
4.8984013
4.8983407
4.89828
4.898219
4.8981586
4.898098
4.8980374
4.897977
4.897916
4.8978553
4.8977947
4.897734
4.8976736
4.8976126
4.897552
4.8974915
4.897431
4.8973703
4.8973093
4.8972487
4.897188
4.8971276
4.897067
4.8970065
4.896946
4.8968854
4.896825
4.8967643
4.8967037
4.8966427
4.896582
4.8965216
4.896461
4.8964005
4.89634
4.8962793
4.896219
4.896158
4.8960977
4.896037
4.8959765
4.895916
4.8958554
4.895795
4.8957343
4.8956738
4.895613
4.8955526
4.895492
4.8954315
4.895371
4.8953104
4.89525
4.8951893
4.8951287
4.895068
4.8950076
4.894947
4.8948865
4.894826
4.894766
4.894705
4.8946443
4.894584
4.8945236
4.894463
4.8944025
4.894342
4.8942814
4.894221
4.8941603
4.8941
4.8940396
4.893979
4.8939185
4.893858
4.8937974
4.8937373
4.8936768
4.893616
4.8935556
4.893495
4.8934345
4.8933744
4.893314
4.8932533
4.893193
4.8931327
4.893072
4.8930116
4.892951
4.892891
4.8928304
4.89277
4.8927093
4.8926487
4.8925886
4.892528
4.8924675
4.892407
4.892347
4.8922863
4.8922257
4.8921657
4.892105
4.892045
4.8919845
4.891924
4.8918633
4.8918033
4.8917427
4.891682
4.891622
4.8915615
4.8915014
4.891441
4.8913803
4.89132
4.8912597
4.891199
4.891139
4.8910785
4.891018
4.890958
4.8908973
4.890837
4.8907766
4.8907166
4.890656
4.890596
4.8905354
4.8904753
4.8904147
4.890354
4.890294
4.8902335
4.8901734
4.890113
4.890053
4.889992
4.889932
4.8898716
4.8898115
4.889751
4.889691
4.8896303
4.88957
4.8895097
4.8894496
4.8893895
4.889329
4.889269
4.8892083
4.889148
4.8890877
4.8890276
4.888967
4.888907
4.888847
4.8887863
4.888726
4.8886657
4.8886056
4.888545
4.888485
4.888425
4.888365
4.888304
4.888244
4.8881836
4.8881235
4.8880634
4.888003
4.887943
4.8878827
4.8878226
4.887762
4.887702
4.887642
4.8875813
4.8875213
4.887461
4.8874006
4.8873405
4.8872805
4.8872204
4.88716
4.8870997
4.8870397
4.8869796
4.886919
4.886859
4.886799
4.886739
4.886678
4.886618
4.886558
4.886498
4.886438
4.886378
4.8863173
4.886257
4.886197
4.886137
4.8860765
4.8860164
4.8859563
4.885896
4.885836
4.885776
4.885716
4.8856554
4.8855953
4.8855352
4.885475
4.885415
4.885355
4.885295
4.885235
4.8851748
4.8851147
4.8850546
4.884994
4.884934
4.884874
4.884814
4.8847537
4.8846936
4.8846335
4.8845735
4.8845134
4.8844533
4.884393
4.884333
4.884273
4.884213
4.884153
4.884093
4.8840327
4.8839726
4.8839126
4.8838525
4.8837924
4.8837323
4.883672
4.883612
4.883552
4.883492
4.883432
4.883372
4.8833117
4.883252
4.8831916
4.883132
4.883072
4.883012
4.8829517
4.8828917
4.8828316
4.8827715
4.8827114
4.8826513
4.8825917
4.8825316
4.8824716
4.8824115
4.8823514
4.882292
4.8822317
4.8821716
4.8821115
4.8820515
4.8819914
4.881932
4.8818717
4.8818116
4.8817515
4.8816915
4.881632
4.881572
4.8815117
4.8814516
4.881392
4.881332
4.881272
4.8812118
4.8811517
4.881092
4.881032
4.880972
4.8809123
4.880852
4.880792
4.880732
4.8806725
4.8806124
4.8805523
4.880492
4.8804326
4.8803725
4.8803124
4.880253
4.8801928
4.880133
4.880073
4.880013
4.8799534
4.8798933
4.8798337
4.8797736
4.8797135
4.8796535
4.879594
4.879534
4.879474
4.879414
4.8793545
4.8792944
4.8792343
4.8791747
4.8791146
4.879055
4.878995
4.8789353
4.8788753
4.878815
4.8787556
4.8786955
4.878636
4.8785763
4.878516
4.878456
4.8783965
4.8783364
4.878277
4.8782167
4.878157
4.8780975
4.8780375
4.877978
4.877918
4.877858
4.877798
4.8777385
4.8776784
4.877619
4.8775587
4.877499
4.877439
4.8773794
4.87732
4.8772597
4.8772
4.87714
4.8770804
4.877021
4.8769608
4.876901
4.876841
4.8767815
4.876722
4.876662
4.876602
4.8765426
4.876483
4.876423
4.8763633
4.8763037
4.8762436
4.876184
4.876124
4.8760643
4.8760047
4.875945
4.875885
4.8758254
4.875766
4.875706
4.875646
4.8755865
4.875527
4.8754673
4.875407
4.8753476
4.875288
4.875228
4.8751683
4.8751087
4.875049
4.8749895
4.8749294
4.87487
4.87481
4.8747506
4.874691
4.8746314
4.8745713
4.8745117
4.874452
4.8743925
4.874333
4.874273
4.874213
4.8741536
4.874094
4.8740344
4.873975
4.873915
4.8738556
4.873796
4.873736
4.8736763
4.8736167
4.873557
4.8734975
4.873438
4.8733783
4.8733187
4.873259
4.8731995
4.87314
4.8730803
4.8730206
4.8729606
4.8729014
4.8728414
4.872782
4.872722
4.8726625
4.8726034
4.8725433
4.872484
4.872424
4.872365
4.872305
4.872246
4.8721857
4.8721266
4.872067
4.8720074
4.871948
4.871888
4.8718286
4.871769
4.8717093
4.8716497
4.87159
4.8715305
4.871471
4.8714113
4.871352
4.8712926
4.871233
4.8711734
4.871114
4.871054
4.8709946
4.870935
4.870876
4.870816
4.8707566
4.870697
4.8706374
4.870578
4.8705187
4.870459
4.8703995
4.87034
4.8702803
4.8702207
4.8701615
4.870102
4.8700423
4.8699827
4.8699236
4.869864
4.8698044
4.869745
4.8696856
4.869626
4.8695664
4.869507
4.8694477
4.869388
4.8693285
4.869269
4.86921
4.86915
4.8690906
4.869031
4.868972
4.868912
4.868853
4.8687935
4.868734
4.8686743
4.868615
4.8685555
4.8684964
4.868437
4.868377
4.8683176
4.8682585
4.868199
4.8681393
4.86808
4.8680205
4.8679614
4.867902
4.8678427
4.867783
4.8677235
4.8676643
4.8676047
4.8675456
4.867486
4.867427
4.8673673
4.8673077
4.8672485
4.867189
4.86713
4.86707
4.867011
4.8669515
4.8668923
4.8668327
4.8667736
4.866714
4.866655
4.8665953
4.866536
4.8664765
4.8664174
4.866358
4.8662987
4.866239
4.86618
4.8661203
4.866061
4.866002
4.8659425
4.8658834
4.8658237
4.8657646
4.865705
4.865646
4.8655868
4.865527
4.865468
4.8654084
4.8653493
4.86529
4.8652306
4.8651714
4.865112
4.8650527
4.8649936
4.8649344
4.864875
4.8648157
4.8647566
4.864697
4.864638
4.8645782
4.864519
4.86446
4.864401
4.8643413
4.864282
4.864223
4.8641634
4.8641043
4.864045
4.863986
4.8639264
4.8638673
4.863808
4.863749
4.86369
4.8636303
4.863571
4.863512
4.8634524
4.8633933
4.863334
4.863275
4.863216
4.8631563
4.863097
4.863038
4.862979
4.86292
4.86286
4.8628016
4.862742
4.862683
4.8626237
4.8625646
4.8625054
4.8624463
4.862387
4.8623276
4.8622684
4.8622093
4.86215
4.862091
4.862032
4.861973
4.8619137
4.861854
4.8617954
4.861736
4.8616767
4.8616176
4.8615584
4.8614993
4.86144
4.861381
4.861322
4.861263
4.8612037
4.8611445
4.8610854
4.8610263
4.860967
4.860908
4.860849
4.86079
4.8607306
4.8606715
4.8606124
4.8605533
4.860494
4.860435
4.860376
4.8603168
4.8602576
4.8601985
4.8601394
4.8600807
4.8600216
4.859962
4.859903
4.859844
4.859785
4.859726
4.859667
4.8596077
4.8595486
4.8594894
4.8594303
4.8593717
4.8593125
4.8592534
4.8591943
4.859135
4.859076
4.8590174
4.8589582
4.858899
4.85884
4.858781
4.8587217
4.858663
4.858604
4.858545
4.8584857
4.8584266
4.858368
4.858309
4.8582497
4.8581905
4.8581314
4.8580728
4.8580136
4.8579545
4.8578954
4.8578367
4.8577776
4.8577185
4.85766
4.8576007
4.8575416
4.8574824
4.857424
4.8573647
4.8573055
4.857247
4.8571877
4.8571286
4.85707
4.857011
4.8569517
4.856893
4.856834
4.856775
4.856716
4.856657
4.856598
4.8565392
4.85648
4.8564215
4.8563623
4.856303
4.856244
4.8561854
4.8561263
4.8560677
4.8560085
4.85595
4.8558908
4.855832
4.855773
4.855714
4.855655
4.855596
4.8555374
4.8554783
4.8554196
4.8553605
4.8553014
4.8552427
4.855184
4.855125
4.8550663
4.855007
4.8549485
4.8548894
4.8548307
4.8547716
4.854713
4.854654
4.854595
4.854536
4.8544774
4.8544183
4.8543596
4.854301
4.854242
4.854183
4.854124
4.8540654
4.8540063
4.8539476
4.8538885
4.85383
4.853771
4.853712
4.8536534
4.853595
4.8535357
4.853477
4.8534184
4.853359
4.8533006
4.853242
4.853183
4.853124
4.853065
4.8530064
4.8529477
4.8528886
4.85283
4.8527713
4.8527126
4.8526535
4.852595
4.852536
4.852477
4.8524184
4.85236
4.852301
4.852242
4.8521833
4.8521247
4.852066
4.852007
4.8519483
4.8518896
4.851831
4.851772
4.851713
4.8516545
4.851596
4.8515368
4.8514786
4.8514194
4.851361
4.851302
4.8512435
4.851185
4.8511257
4.851067
4.8510084
4.85095
4.850891
4.850832
4.850774
4.8507147
4.850656
4.8505974
4.8505387
4.85048
4.8504214
4.850363
4.850304
4.8502455
4.8501863
4.8501277
4.850069
4.8500104
4.8499517
4.849893
4.8498344
4.849776
4.849717
4.8496585
4.8496
4.849541
4.8494825
4.849424
4.849365
4.849306
4.849248
4.8491893
4.8491306
4.8490715
4.8490133
4.8489547
4.848896
4.8488374
4.8487787
4.84872
4.8486614
4.848603
4.848544
4.8484855
4.848427
4.848368
4.8483095
4.848251
4.848192
4.8481336
4.848075
4.8480167
4.847958
4.8478994
4.847841
4.847782
4.8477235
4.847665
4.8476067
4.847548
4.8474894
4.8474307
4.847372
4.8473134
4.8472548
4.847196
4.847138
4.8470793
4.8470206
4.846962
4.8469033
4.8468447
4.8467865
4.846728
4.846669
4.8466105
4.8465524
4.8464937
4.846435
4.8463764
4.8463182
4.8462596
4.846201
4.8461423
4.846084
4.8460255
4.845967
4.845908
4.84585
4.8457913
4.8457327
4.8456745
4.845616
4.845557
4.845499
4.8454404
4.8453817
4.845323
4.845265
4.8452063
4.845148
4.8450894
4.845031
4.844972
4.844914
4.8448553
4.844797
4.8447385
4.84468
4.8446217
4.844563
4.844505
4.844446
4.8443875
4.8443294
4.8442707
4.844212
4.844154
4.8440957
4.844037
4.8439784
4.84392
4.8438616
4.8438034
4.8437448
4.8436866
4.843628
4.8435698
4.843511
4.8434525
4.8433943
4.843336
4.8432775
4.843219
4.8431606
4.843102
4.843044
4.8429856
4.842927
4.842869
4.84281
4.842752
4.8426933
4.842635
4.842577
4.8425183
4.84246
4.8424015
4.8423433
4.8422847
4.8422265
4.8421683
4.8421097
4.8420515
4.841993
4.8419347
4.841876
4.841818
4.8417597
4.841701
4.841643
4.8415847
4.841526
4.841468
4.841409
4.841351
4.841293
4.8412347
4.841176
4.841118
4.8410597
4.841001
4.840943
4.8408847
4.8408265
4.840768
4.8407097
4.8406515
4.840593
4.8405347
4.8404765
4.8404183
4.8403597
4.8403015
4.8402433
4.840185
4.8401265
4.8400683
4.84001
4.839952
4.839894
4.839835
4.839777
4.839719
4.8396606
4.839602
4.839544
4.8394856
4.8394275
4.8393693
4.839311
4.839253
4.8391943
4.839136
4.839078
4.83902
4.8389616
4.8389034
4.8388453
4.838787
4.8387284
4.8386703
4.838612
4.838554
4.8384957
4.8384376
4.8383794
4.838321
4.8382626
4.838205
4.8381467
4.838088
4.83803
4.8379717
4.8379135
4.8378553
4.837797
4.837739
4.837681
4.8376226
4.8375645
4.8375063
4.837448
4.83739
4.837332
4.8372736
4.8372154
4.8371572
4.837099
4.837041
4.8369827
4.8369246
4.8368664
4.836808
4.83675
4.8366923
4.836634
4.836576
4.836518
4.8364596
4.8364015
4.8363433
4.836285
4.836227
4.836169
4.8361106
4.836053
4.8359947
4.8359365
4.8358784
4.83582
4.835762
4.835704
4.8356457
4.8355875
4.83553
4.8354716
4.8354135
4.8353553
4.835297
4.835239
4.835181
4.835123
4.835065
4.8350067
4.834949
4.834891
4.8348327
4.8347745
4.8347163
4.8346586
4.8346004
4.8345423
4.834484
4.8344264
4.834368
4.83431
4.834252
4.8341937
4.834136
4.834078
4.8340197
4.833962
4.833904
4.8338456
4.8337874
4.8337297
4.8336716
4.833614
4.8335557
4.8334975
4.83344
4.8333817
4.8333235
4.833266
4.8332076
4.8331494
4.8330917
4.8330336
4.8329754
4.8329177
4.8328595
4.8328013
4.8327436
4.8326855
4.832628
4.8325696
4.8325114
4.8324537
4.8323956
4.832338
4.8322797
4.832222
4.832164
4.8321056
4.832048
4.83199
4.831932
4.8318744
4.831816
4.831758
4.8317003
4.831642
4.8315845
4.8315263
4.8314686
4.8314104
4.8313527
4.8312945
4.831237
4.8311787
4.831121
4.8310633
4.831005
4.8309474
4.830889
4.8308315
4.8307734
4.8307157
4.8306575
4.8306
4.830542
4.830484
4.830426
4.830368
4.8303103
4.8302526
4.8301945
4.830137
4.8300786
4.830021
4.829963
4.829905
4.8298473
4.8297896
4.8297315
4.829674
4.8296156
4.829558
4.8295
4.829442
4.8293843
4.8293266
4.829269
4.8292108
4.829153
4.8290954
4.829037
4.8289795
4.8289213
4.828864
4.828806
4.828748
4.82869
4.8286324
4.8285747
4.828517
4.828459
4.828401
4.8283434
4.8282857
4.8282275
4.82817
4.828112
4.8280544
4.8279967
4.8279386
4.827881
4.827823
4.8277655
4.827708
4.82765
4.827592
4.827534
4.8274765
4.827419
4.827361
4.8273034
4.8272457
4.8271875
4.82713
4.827072
4.8270144
4.8269567
4.826899
4.826841
4.8267837
4.826726
4.8266683
4.82661
4.8265524
4.8264947
4.826437
4.8263793
4.8263216
4.826264
4.826206
4.8261485
4.826091
4.826033
4.8259754
4.8259177
4.82586
4.8258023
4.8257446
4.825687
4.825629
4.8255715
4.825514
4.8254557
4.825398
4.8253403
4.8252826
4.825225
4.8251677
4.82511
4.8250523
4.8249946
4.824937
4.824879
4.8248215
4.824764
4.824706
4.8246484
4.8245907
4.824533
4.824476
4.8244176
4.82436
4.8243027
4.824245
4.8241873
4.8241296
4.824072
4.824014
4.8239565
4.8238993
4.8238416
4.823784
4.823726
4.8236685
4.823611
4.823553
4.823496
4.823438
4.8233805
4.823323
4.823265
4.823208
4.82315
4.8230925
4.823035
4.8229775
4.8229194
4.822862
4.8228045
4.8227468
4.822689
4.822632
4.822574
4.8225164
4.822459
4.8224015
4.822344
4.822286
4.8222284
4.822171
4.8221135
4.822056
4.8219986
4.821941
4.821883
4.821826
4.8217683
4.8217106
4.8216534
4.8215957
4.821538
4.8214808
4.821423
4.8213654
4.821308
4.8212504
4.821193
4.8211355
4.821078
4.82102
4.820963
4.820905
4.820848
4.8207903
4.820733
4.8206754
4.8206177
4.8205605
4.8205028
4.8204455
4.820388
4.82033
4.820273
4.820215
4.820158
4.8201003
4.820043
4.8199854
4.819928
4.8198705
4.8198133
4.8197556
4.8196983
4.8196406
4.8195834
4.8195257
4.8194685
4.819411
4.8193536
4.819296
4.8192387
4.819181
4.8191237
4.8190665
4.819009
4.818951
4.818894
4.8188367
4.818779
4.818722
4.818664
4.818607
4.818549
4.818492
4.8184347
4.818377
4.81832
4.8182626
4.818205
4.8181477
4.81809
4.8180327
4.8179755
4.817918
4.8178606
4.8178034
4.8177457
4.8176885
4.817631
4.8175735
4.8175163
4.817459
4.8174014
4.817344
4.817287
4.8172293
4.817172
4.817115
4.8170576
4.817
4.8169427
4.8168855
4.816828
4.8167706
4.8167133
4.816656
4.8165984
4.816541
4.816484
4.8164268
4.816369
4.816312
4.8162546
4.8161974
4.8161397
4.8160825
4.8160253
4.815968
4.815911
4.8158536
4.8157964
4.8157387
4.8156815
4.815624
4.815567
4.81551
4.8154526
4.815395
4.8153377
4.8152804
4.815223
4.815166
4.815109
4.815051
4.814994
4.8149366
4.8148794
4.814822
4.814765
4.8147078
4.8146505
4.8145933
4.814536
4.814479
4.8144217
4.814364
4.8143067
4.8142495
4.8141923
4.814135
4.814078
4.8140206
4.8139634
4.813906
4.813849
4.8137918
4.8137345
4.8136773
4.81362
4.813563
4.8135056
4.8134484
4.813391
4.813334
4.813277
4.8132195
4.8131623
4.8131056
4.813048
4.8129907
4.812934
4.8128767
4.812819
4.8127623
4.812705
4.812648
4.8125906
4.8125334
4.812476
4.812419
4.8123617
4.812305
4.8122478
4.8121905
4.8121333
4.812076
4.812019
4.8119617
4.811905
4.811847
4.8117905
4.8117332
4.811676
4.811619
4.8115616
4.811505
4.8114476
4.8113904
4.811333
4.811276
4.8112187
4.811162
4.811105
4.8110476
4.8109903
4.8109336
4.8108764
4.810819
4.810762
4.8107047
4.810648
4.8105907
4.8105335
4.8104763
4.8104196
4.8103623
4.8103056
4.8102484
4.810191
4.810134
4.810077
4.81002
4.8099627
4.8099055
4.809849
4.8097916
4.809735
4.8096776
4.8096204
4.8095636
4.8095064
4.809449
4.809392
4.809335
4.809278
4.809221
4.809164
4.809107
4.80905
4.808993
4.8089356
4.808879
4.8088217
4.808765
4.8087077
4.8086505
4.8085938
4.808537
4.80848
4.8084226
4.808366
4.8083086
4.808252
4.8081946
4.808138
4.8080807
4.808024
4.8079667
4.8079095
4.8078527
4.807796
4.807739
4.8076816
4.807625
4.807568
4.807511
4.8074536
4.807397
4.80734
4.807283
4.8072257
4.807169
4.807112
4.807055
4.8069983
4.806941
4.8068843
4.8068275
4.8067703
4.8067136
4.8066564
4.8065996
4.8065424
4.8064857
4.806429
4.8063717
4.806315
4.8062577
4.806201
4.8061438
4.806087
4.8060303
4.8059735
4.8059163
4.8058596
4.805803
4.8057456
4.805689
4.8056316
4.805575
4.805518
4.805461
4.805404
4.8053474
4.8052907
4.8052335
4.8051767
4.80512
4.8050632
4.805006
4.8049493
4.8048925
4.804836
4.8047786
4.804722
4.804665
4.804608
4.804551
4.8044944
4.804437
4.8043804
4.8043237
4.804267
4.80421
4.8041534
4.804096
4.8040395
4.8039827
4.803926
4.8038692
4.8038125
4.8037553
4.8036985
4.803642
4.803585
4.8035283
4.8034716
4.8034143
4.8033576
4.803301
4.803244
4.8031874
4.8031306
4.803074
4.803017
4.80296
4.802903
4.8028464
4.8027897
4.802733
4.802676
4.8026195
4.8025627
4.802506
4.802449
4.802392
4.8023353
4.8022785
4.8022223
4.802165
4.8021083
4.8020515
4.801995
4.801938
4.8018813
4.8018246
4.801768
4.801711
4.8016543
4.8015976
4.801541
4.801484
4.8014274
4.8013706
4.801314
4.8012576
4.8012004
4.8011436
4.8010874
4.80103
4.800974
4.800917
4.8008604
4.8008037
4.800747
4.80069
4.8006334
4.8005767
4.80052
4.800463
4.8004065
4.80035
4.8002934
4.8002367
4.80018
4.800123
4.8000665
4.8000097
4.799953
4.7998967
4.79984
4.799783
4.7997265
4.7996697
4.7996135
4.7995567
4.7995
4.7994432
4.7993865
4.7993298
4.7992735
4.7992167
4.79916
4.7991033
4.7990465
4.7989902
4.7989335
4.798877
4.79882
4.7987638
4.798707
4.7986503
4.7985935
4.798537
4.7984805
4.798424
4.798367
4.7983108
4.798254
4.7981973
4.798141
4.7980843
4.7980275
4.797971
4.7979145
4.7978578
4.797801
4.7977448
4.797688
4.7976313
4.797575
4.7975183
4.7974615
4.7974052
4.7973485
4.797292
4.7972355
4.7971787
4.7971225
4.7970657
4.797009
4.7969527
4.796896
4.7968397
4.796783
4.7967267
4.79667
4.796613
4.796557
4.7965
4.796444
4.796387
4.7963305
4.796274
4.796218
4.796161
4.7961044
4.796048
4.7959914
4.795935
4.7958784
4.795822
4.7957654
4.795709
4.7956524
4.7955956
4.7955394
4.795483
4.7954264
4.79537
4.7953134
4.795257
4.7952003
4.795144
4.7950873
4.795031
4.794975
4.794918
4.794862
4.794805
4.794749
4.794692
4.794636
4.7945795
4.794523
4.7944665
4.7944098
4.7943535
4.794297
4.7942405
4.794184
4.7941275
4.794071
4.794015
4.793958
4.793902
4.7938457
4.793789
4.7937326
4.7936764
4.7936196
4.7935634
4.793507
4.7934504
4.793394
4.793338
4.7932816
4.793225
4.7931685
4.793112
4.7930555
4.7929993
4.792943
4.7928867
4.79283
4.7927737
4.7927175
4.7926607
4.7926044
4.792548
4.792492
4.7924356
4.792379
4.7923226
4.7922664
4.79221
4.7921534
4.792097
4.792041
4.7919846
4.791928
4.7918715
4.7918153
4.791759
4.7917027
4.7916465
4.79159
4.791534
4.791477
4.791421
4.7913647
4.7913084
4.7912517
4.7911954
4.7911396
4.7910833
4.7910266
4.7909703
4.790914
4.790858
4.7908015
4.7907453
4.790689
4.7906322
4.7905765
4.79052
4.7904634
4.790407
4.790351
4.7902946
4.7902384
4.790182
4.790126
4.7900696
4.7900133
4.789957
4.789901
4.7898445
4.7897882
4.789732
4.7896757
4.7896194
4.789563
4.789507
4.7894506
4.7893944
4.789338
4.789282
4.7892256
4.7891693
4.789113
4.789057
4.7890005
4.7889442
4.788888
4.7888317
4.788776
4.788719
4.7886634
4.788607
4.788551
4.7884946
4.7884383
4.788382
4.788326
4.7882695
4.7882137
4.7881575
4.788101
4.788045
4.7879887
4.7879324
4.787876
4.7878203
4.787764
4.787708
4.7876515
4.7875953
4.787539
4.7874827
4.787427
4.7873707
4.7873144
4.787258
4.787202
4.7871456
4.78709
4.7870336
4.7869773
4.7869215
4.786865
4.786809
4.7867527
4.7866964
4.78664
4.7865844
4.786528
4.786472
4.786416
4.78636
4.7863035
4.7862473
4.7861915
4.786135
4.786079
4.786023
4.785967
4.7859106
4.7858543
4.7857985
4.7857423
4.7856865
4.78563
4.785574
4.785518
4.785462
4.7854056
4.78535
4.7852936
4.785238
4.7851815
4.7851253
4.785069
4.785013
4.784957
4.784901
4.784845
4.784789
4.784733
4.7846766
4.784621
4.7845645
4.7845087
4.7844524
4.7843966
4.7843404
4.784284
4.7842283
4.784172
4.7841163
4.78406
4.7840037
4.783948
4.783892
4.783836
4.78378
4.783724
4.783668
4.783612
4.783556
4.7834997
4.783444
4.7833877
4.783332
4.7832756
4.78322
4.7831635
4.7831078
4.7830515
4.7829957
4.7829394
4.7828836
4.782828
4.7827716
4.782716
4.7826595
4.7826037
4.782548
4.7824917
4.7824354
4.7823796
4.782324
4.7822676
4.782212
4.782156
4.7820997
4.782044
4.781988
4.781932
4.781876
4.78182
4.781764
4.7817082
4.781652
4.781596
4.7815404
4.781484
4.7814283
4.7813725
4.7813163
4.7812605
4.7812047
4.781149
4.7810926
4.781037
4.780981
4.7809253
4.780869
4.780813
4.7807574
4.780701
4.7806454
4.7805896
4.780534
4.7804775
4.7804217
4.780366
4.78031
4.7802544
4.780198
4.7801423
4.7800865
4.7800307
4.7799745
4.7799187
4.779863
4.779807
4.7797513
4.7796955
4.7796392
4.7795835
4.7795277
4.779472
4.779416
4.7793603
4.779304
4.779248
4.7791924
4.7791367
4.779081
4.779025
4.778969
4.7789135
4.778857
4.7788014
4.7787457
4.77869
4.778634
4.7785783
4.7785225
4.7784667
4.778411
4.778355
4.778299
4.7782435
4.7781873
4.7781315
4.7780757
4.77802
4.777964
4.7779083
4.7778525
4.7777967
4.777741
4.777685
4.7776294
4.7775736
4.777518
4.777462
4.777406
4.7773504
4.7772946
4.777239
4.777183
4.7771273
4.7770715
4.777016
4.77696
4.7769046
4.776849
4.7767925
4.776737
4.7766814
4.7766256
4.77657
4.776514
4.7764583
4.7764025
4.7763467
4.776291
4.776235
4.77618
4.776124
4.776068
4.7760124
4.7759566
4.775901
4.7758455
4.7757893
4.7757335
4.775678
4.7756224
4.7755666
4.7755113
4.7754555
4.7753997
4.775344
4.775288
4.7752323
4.7751765
4.775121
4.7750654
4.7750096
4.774954
4.7748985
4.7748427
4.774787
4.774731
4.774676
4.77462
4.7745643
4.7745085
4.7744527
4.7743974
4.7743416
4.774286
4.77423
4.7741747
4.774119
4.774063
4.774008
4.773952
4.773896
4.7738404
4.773785
4.7737293
4.773674
4.773618
4.7735624
4.7735066
4.7734513
4.7733955
4.77334
4.7732844
4.7732286
4.7731733
4.7731175
4.7730618
4.7730064
4.7729506
4.772895
4.7728395
4.7727838
4.772728
4.7726727
4.772617
4.7725616
4.7725058
4.7724504
4.7723947
4.7723393
4.7722836
4.7722282
4.7721725
4.7721167
4.7720613
4.7720056
4.7719502
4.7718945
4.771839
4.7717834
4.771728
4.7716722
4.7716165
4.771561
4.7715054
4.77145
4.7713943
4.771339
4.7712836
4.771228
4.7711725
4.7711167
4.7710614
4.7710056
4.7709503
4.7708945
4.770839
4.7707834
4.770728
4.770673
4.770617
4.7705617
4.770506
4.7704506
4.770395
4.7703395
4.770284
4.7702284
4.770173
4.7701173
4.770062
4.7700067
4.769951
4.7698956
4.76984
4.7697845
4.769729
4.769674
4.769618
4.7695627
4.769507
4.7694516
4.7693963
4.7693405
4.769285
4.76923
4.769174
4.769119
4.7690635
4.769008
4.7689524
4.768897
4.7688417
4.768786
4.7687306
4.7686753
4.76862
4.768564
4.768509
4.7684536
4.7683983
4.768343
4.768287
4.768232
4.7681766
4.768121
4.7680655
4.76801
4.767955
4.7678995
4.767844
4.7677884
4.767733
4.767678
4.7676225
4.767567
4.7675114
4.767456
4.7674007
4.7673454
4.7672896
4.767235
4.767179
4.7671237
4.7670684
4.767013
4.7669578
4.7669024
4.766847
4.7667913
4.7667365
4.7666807
4.7666254
4.76657
4.766515
4.7664595
4.766404
4.766349
4.7662935
4.766238
4.766183
4.766127
4.7660723
4.7660165
4.765961
4.765906
4.7658505
4.765795
4.76574
4.7656846
4.7656293
4.765574
4.7655187
4.7654634
4.765408
4.7653527
4.7652974
4.765242
4.765187
4.7651315
4.765076
4.765021
4.7649655
4.76491
4.764855
4.7648
4.7647443
4.764689
4.764634
4.764579
4.7645235
4.764468
4.764413
4.7643576
4.7643023
4.764247
4.7641916
4.7641363
4.7640815
4.764026
4.763971
4.7639155
4.76386
4.763805
4.7637496
4.7636943
4.7636395
4.763584
4.763529
4.7634735
4.763418
4.763363
4.7633076
4.7632523
4.7631974
4.763142
4.763087
4.7630315
4.762976
4.7629213
4.762866
4.7628107
4.7627554
4.7627006
4.7626452
4.76259
4.7625346
4.76248
4.7624245
4.762369
4.762314
4.762259
4.7622037
4.7621484
4.762093
4.7620378
4.761983
4.7619276
4.761873
4.7618175
4.761762
4.761707
4.761652
4.7615967
4.7615414
4.7614865
4.761431
4.761376
4.7613206
4.7612658
4.7612104
4.761155
4.7611003
4.761045
4.76099
4.760935
4.7608795
4.7608247
4.7607694
4.760714
4.760659
4.760604
4.760549
4.7604938
4.760439
4.7603836
4.7603283
4.7602735
4.760218
4.7601633
4.760108
4.760053
4.759998
4.7599425
4.7598877
4.7598324
4.7597775
4.759722
4.7596674
4.759612
4.7595572
4.759502
4.7594466
4.759392
4.759337
4.7592816
4.759227
4.7591715
4.759116
4.7590613
4.7590065
4.758951
4.7588964
4.758841
4.758786
4.758731
4.758676
4.758621
4.758566
4.7585106
4.7584558
4.758401
4.7583456
4.758291
4.7582355
4.7581806
4.758126
4.7580705
4.7580156
4.757961
4.7579055
4.7578506
4.7577953
4.7577405
4.757685
4.7576303
4.7575755
4.7575207
4.7574654
4.7574105
4.7573557
4.7573004
4.7572455
4.7571907
4.7571354
4.7570806
4.7570257
4.7569704
4.7569156
4.7568607
4.7568054
4.7567506
4.7566957
4.7566404
4.7565856
4.756531
4.756476
4.7564206
4.756366
4.756311
4.7562556
4.756201
4.756146
4.756091
4.756036
4.755981
4.755926
4.7558713
4.7558165
4.755761
4.7557063
4.7556515
4.7555966
4.755542
4.755487
4.7554317
4.755377
4.755322
4.755267
4.755212
4.7551575
4.755102
4.7550473
4.7549925
4.7549376
4.754883
4.754828
4.7547727
4.754718
4.754663
4.754608
4.7545533
4.7544985
4.7544436
4.754389
4.7543335
4.754279
4.754224
4.754169
4.754114
4.7540593
4.7540045
4.7539496
4.753895
4.75384
4.753785
4.7537303
4.7536755
4.7536206
4.753566
4.753511
4.7534556
4.7534013
4.7533464
4.753291
4.753237
4.753182
4.7531266
4.7530723
4.7530174
4.7529626
4.7529078
4.752853
4.752798
4.7527432
4.7526884
4.7526336
4.7525787
4.752524
4.752469
4.752414
4.7523594
4.7523046
4.7522497
4.752195
4.75214
4.752085
4.7520304
4.751976
4.751921
4.7518663
4.7518115
4.7517567
4.751702
4.7516475
4.7515926
4.751538
4.751483
4.751428
4.7513733
4.7513185
4.7512636
4.7512093
4.7511544
4.7510996
4.7510448
4.75099
4.750935
4.7508807
4.750826
4.750771
4.750716
4.7506614
4.750607
4.750552
4.7504973
4.7504425
4.7503877
4.7503333
4.7502785
4.7502236
4.7501693
4.7501144
4.7500596
4.750005
4.7499504
4.7498956
4.7498407
4.749786
4.7497315
4.7496767
4.749622
4.7495675
4.7495127
4.749458
4.749403
4.7493486
4.749294
4.749239
4.7491846
4.74913
4.749075
4.74902
4.7489657
4.748911
4.7488565
4.7488017
4.748747
4.7486925
4.7486377
4.7485833
4.7485285
4.7484736
4.7484193
4.7483644
4.7483096
4.7482553
4.7482004
4.748146
4.748091
4.748037
4.747982
4.747927
4.747873
4.747818
4.7477636
4.747709
4.747654
4.7475996
4.747545
4.7474904
4.7474356
4.747381
4.7473264
4.747272
4.747217
4.747163
4.747108
4.7470536
4.746999
4.7469444
4.7468896
4.746835
4.7467804
4.746726
4.746671
4.746617
4.746562
4.7465076
4.746453
4.7463984
4.746344
4.7462893
4.746235
4.74618
4.7461257
4.746071
4.7460165
4.745962
4.7459073
4.745853
4.7457986
4.7457438
4.7456894
4.7456346
4.74558
4.745526
4.745471
4.7454166
4.7453623
4.7453074
4.745253
4.7451982
4.745144
4.7450895
4.7450347
4.7449803
4.744926
4.744871
4.744817
4.7447624
4.7447076
4.744653
4.744599
4.744544
4.7444897
4.7444353
4.744381
4.744326
4.7442718
4.7442174
4.7441626
4.744108
4.744054
4.7439995
4.7439446
4.7438903
4.743836
4.7437816
4.7437267
4.7436724
4.743618
4.7435637
4.7435093
4.7434545
4.7434
4.7433457
4.7432914
4.7432365
4.7431827
4.743128
4.7430735
4.743019
4.7429647
4.7429104
4.7428555
4.742801
4.742747
4.7426925
4.742638
4.7425838
4.7425294
4.7424746
4.74242
4.742366
4.7423115
4.742257
4.7422028
4.7421484
4.7420936
4.7420397
4.741985
4.7419305
4.741876
4.741822
4.7417674
4.741713
4.7416587
4.7416043
4.74155
4.7414956
4.7414412
4.741387
4.7413325
4.741278
4.741224
4.741169
4.741115
4.7410607
4.741006
4.7409515
4.7408977
4.7408433
4.740789
4.740734
4.74068
4.740626
4.7405715
4.740517
4.740463
4.7404084
4.740354
4.7402997
4.7402453
4.740191
4.7401366
4.7400823
4.740028
4.7399735
4.739919
4.739865
4.7398105
4.739756
4.739702
4.739648
4.7395935
4.739539
4.739485
4.7394304
4.739376
4.7393217
4.7392673
4.7392135
4.739159
4.7391047
4.7390504
4.738996
4.7389417
4.738888
4.7388334
4.738779
4.7387247
4.7386703
4.738616
4.738562
4.7385077
4.7384534
4.738399
4.7383447
4.738291
4.7382364
4.738182
4.7381277
4.7380733
4.7380195
4.737965
4.7379107
4.7378564
4.7378025
4.737748
4.737694
4.73764
4.7375855
4.737531
4.737477
4.737423
4.7373686
4.737314
4.73726
4.737206
4.7371516
4.7370973
4.7370434
4.736989
4.7369347
4.736881
4.7368264
4.736772
4.7367177
4.736664
4.7366095
4.7365556
4.736501
4.7364473
4.736393
4.7363386
4.7362843
4.7362304
4.736176
4.736122
4.736068
4.7360134
4.7359595
4.735905
4.7358513
4.735797
4.7357426
4.7356887
4.7356343
4.7355804
4.735526
4.735472
4.735418
4.735364
4.7353096
4.7352552
4.7352014
4.7351475
4.735093
4.7350388
4.734985
4.7349305
4.7348766
4.7348223
4.7347684
4.734714
4.73466
4.734606
4.734552
4.7344975
