1.9747373
1.7087766
1.4703449
1.2610643
1.082407
0.9355293
0.8211331
0.739239
0.6888372
0.66742516
0.67051846
0.6913694
0.721368
0.75164324
0.77517664
0.7880151
0.7892697
0.78036547
0.76407665
0.7436689
0.72226727
0.7024508
0.68604165
0.67404383
0.6667007
0.6636323
0.6640214
0.666812
0.67089164
0.6752378
0.6790185
0.681646
0.68279195
0.6823703
0.680501
0.67745924
0.67362046
0.6694015
0.665209
0.6613916
0.6582041
0.65578556
0.6541527
0.65320915
0.652771
0.6526027
0.6524588
0.6521224
0.65143615
0.6503193
0.64876854
0.6468464
0.6446589
0.6423292
0.63997245
0.63767624
0.6354901
0.6334218
0.63144314
0.6295008
0.62752867
0.62546146
0.6232452
0.62084556
0.6182506
0.6154697
0.6125291
0.6094643
0.60631156
0.6031002
0.599846
0.5965484
0.5931903
0.5897398
0.58615613
0.582395
0.5784139
0.57417595
0.5696518
0.5648175
0.5596548
0.55414957
0.54829586
0.5421042
0.5356144
0.5289123
0.522145
0.5155239
0.5093021
0.50371164
0.49888277
0.49480504
0.4913529
0.48831385
0.48541057
0.48234284
0.47884348
0.47473353
0.46996027
0.46460974
0.45888066
0.45302057
0.4472397
0.44164002
0.43619454
0.4307837
0.42525485
0.41947156
0.41334188
0.40683082
0.39996716
0.39283776
0.38556987
0.3782977
0.37112468
0.3640922
0.3571695
0.35026932
0.3432858
0.33614022
0.32881626
0.32136947
0.31390384
0.30653384
0.29935318
0.29242682
0.28579727
0.2794912
0.2735172
0.2678591
0.26247874
0.25733262
0.25238326
0.24758646
0.24286993
0.23814622
0.23335108
0.228463
0.2234876
0.21843329
0.213301
0.20808288
0.20275955
0.19729604
0.19337215
0.19319893
0.19321002
0.19568475
0.19943891
0.20685804
0.2154496
0.22965488
0.24666299
0.2671038
0.28387564
0.2960726
0.2906496
0.27473512
0.24619684
0.21672744
0.18945718
0.16754405
0.15367651
0.14448781
0.14054988
0.13949034
0.13706292
0.1364673
0.13778093
0.14044584
0.14744514
0.15682584
0.16871472
0.17641729
0.18519486
0.19093804
0.19661969
0.1947551
0.18960643
0.18166417
0.17141679
0.15779911
0.14545321
0.1342527
0.12426156
0.11667031
0.11036919
0.10624835
0.10385693
0.10273275
0.10095277
0.101631634
0.10161969
0.10097354
0.10262392
0.10755655
0.110760376
0.11525214
0.124178864
0.13148805
