# columns = ['i', 'j', 'weight', 'delay']
0 2 33.289360046386718750 1.000
0 7 377.470794677734375000 1.000
0 8 100.684616088867187500 1.000
1 2 1478.003417968750000000 1.000
1 7 567.413513183593750000 1.000
1 8 1175.558715820312500000 1.000
2 2 429.662048339843750000 1.000
2 7 529.498291015625000000 1.000
2 8 513.614990234375000000 1.000
3 2 701.665649414062500000 1.000
3 7 703.136474609375000000 1.000
3 8 797.000366210937500000 1.000
4 2 1397.695922851562500000 1.000
4 7 558.093750000000000000 1.000
4 8 1126.149536132812500000 1.000
5 2 1514.764404296875000000 1.000
5 7 495.051788330078125000 1.000
5 8 1000.180603027343750000 1.000
6 2 1165.019042968750000000 1.000
6 7 152.356170654296875000 1.000
6 8 886.537048339843750000 1.000
7 2 1246.657470703125000000 1.000
7 7 181.989364624023437500 1.000
7 8 855.615661621093750000 1.000
8 0 179.919677734375000000 1.000
8 1 81.150466918945312500 1.000
8 4 111.072212219238281250 1.000
8 5 10.580927848815917969 1.000
9 2 646.755249023437500000 1.000
9 7 597.932983398437500000 1.000
9 8 828.821350097656250000 1.000
