# columns = ['i', 'j', 'weight', 'delay']
0 0 -13.147606849670410156 1.000
0 1 -197.022491455078125000 1.000
0 3 -188.723831176757812500 1.000
0 4 -184.602294921875000000 1.000
0 5 -254.756896972656250000 1.000
0 6 -441.104919433593750000 1.000
0 9 -250.993041992187500000 1.000
1 0 -999.239929199218750000 1.000
1 1 -819.650085449218750000 1.000
1 3 -717.753479003906250000 1.000
1 4 -889.248229980468750000 1.000
1 5 -779.323913574218750000 1.000
1 6 -459.717895507812500000 1.000
1 9 -489.503662109375000000 1.000
2 0 -556.313659667968750000 1.000
2 1 -802.089477539062500000 1.000
2 3 -852.132080078125000000 1.000
2 4 -763.312011718750000000 1.000
2 5 -807.385620117187500000 1.000
2 6 -1016.900512695312500000 1.000
2 9 -915.813476562500000000 1.000
3 0 -936.910095214843750000 1.000
3 1 -907.339050292968750000 1.000
3 3 -981.163818359375000000 1.000
3 4 -1014.534851074218750000 1.000
3 5 -1017.852416992187500000 1.000
3 6 -1127.962402343750000000 1.000
3 9 -987.515136718750000000 1.000
4 0 -1071.365966796875000000 1.000
4 1 -846.837890625000000000 1.000
4 3 -711.871887207031250000 1.000
4 4 -877.511962890625000000 1.000
4 5 -782.858032226562500000 1.000
4 6 -511.550537109375000000 1.000
4 9 -477.407257080078125000 1.000
5 0 -982.143249511718750000 1.000
5 1 -808.662536621093750000 1.000
5 3 -700.853820800781250000 1.000
5 4 -905.155151367187500000 1.000
5 5 -751.533325195312500000 1.000
5 6 -448.444915771484375000 1.000
5 9 -450.468231201171875000 1.000
6 0 -840.329895019531250000 1.000
6 1 -556.220886230468750000 1.000
6 3 -395.058044433593750000 1.000
6 4 -584.046020507812500000 1.000
6 5 -568.782714843750000000 1.000
6 6 -502.400207519531250000 1.000
6 9 -396.145507812500000000 1.000
7 0 -859.983215332031250000 1.000
7 1 -586.572998046875000000 1.000
7 3 -542.862731933593750000 1.000
7 4 -608.445495605468750000 1.000
7 5 -639.987121582031250000 1.000
7 6 -502.445526123046875000 1.000
7 9 -408.109619140625000000 1.000
8 2 -413.641265869140625000 1.000
8 3 -14.608165740966796875 1.000
8 6 -177.102157592773437500 1.000
8 7 -227.356857299804687500 1.000
8 8 -228.184875488281250000 1.000
8 9 -146.099197387695312500 1.000
9 0 -861.722534179687500000 1.000
9 1 -891.594970703125000000 1.000
9 3 -1022.375915527343750000 1.000
9 4 -921.024841308593750000 1.000
9 5 -988.137939453125000000 1.000
9 6 -1144.107543945312500000 1.000
9 9 -957.072082519531250000 1.000
