0.0711917
0.094410524
0.11309841
0.12924242
0.14370841
0.15696672
0.16930687
0.18092234
0.19195026
0.20249219
0.21262607
0.22241348
0.23190416
0.24113917
0.25015298
0.25897488
0.2676301
0.27614063
0.2845257
0.2928023
0.30098552
0.3090887
0.31712386
0.32510167
0.33303168
0.3409224
0.3487814
0.35661542
0.36443043
0.37223154
0.3800233
0.38780937
0.39559293
0.40337637
0.41116145
0.41894922
0.42674008
0.43453372
0.44232923
0.45012504
0.45791906
0.4657086
0.47349074
0.4812621
0.48901898
0.49675766
0.5044742
0.5121647
0.5198253
0.5274521
0.5350414
0.54258966
0.5500935
0.55754954
0.564955
0.57230693
0.5796029
0.58684045
0.59401757
0.6011324
0.6081833
0.6151689
0.62208813
0.62894
0.63572377
0.642439
0.64908534
0.6556627
0.6621712
0.668611
0.6749825
0.6812863
0.68752307
0.6936935
0.6997987
0.7058395
0.7118171
0.7177326
0.7235873
0.72938246
0.7351194
0.7407996
0.74642444
0.75199527
0.7575137
0.762981
0.76839864
0.77376825
0.77909106
0.7843686
0.78960216
0.79479325
0.7999431
0.805053
0.8101243
0.81515807
0.8201557
0.8251182
0.83004665
0.8349423
0.8398059
0.8446386
0.8494412
0.8542146
0.8589597
0.86367714
0.86836785
0.8730324
0.8776715
0.88228565
0.8868756
0.8914418
0.89598477
0.900505
0.9050029
0.90947884
0.91393334
0.9183666
0.922779
0.927171
0.93154263
0.93589437
0.9402263
0.94453883
0.94883204
0.9531062
0.9573616
0.9615983
0.96581644
0.9700163
0.97419804
0.9783618
0.9825077
0.986636
0.9907467
0.99484
0.99891615
1.0029751
1.0070173
1.0110426
1.0150512
1.0190434
1.0230193
1.0269791
1.0309227
1.0348504
1.0387623
1.0426587
1.0465397
1.0504054
1.054256
1.0580916
1.0619124
1.0657187
1.0695102
1.0732876
1.0770507
1.0807998
1.0845351
1.0882566
1.0919645
1.095659
1.0993402
1.1030083
1.1066635
1.1103057
1.1139351
1.1175522
1.1211566
1.1247487
1.1283288
1.1318967
1.1354526
1.1389968
1.1425294
1.1460503
1.1495597
1.1530578
1.1565447
1.1600205
1.1634852
1.1669389
1.1703818
1.173814
1.1772356
1.1806467
1.1840471
1.1874374
1.1908172
1.194187
1.1975466
1.2008963
1.2042359
1.2075658
1.2108858
1.2141961
1.2174969
1.2207879
1.2240697
1.227342
1.2306049
1.2338586
1.2371031
1.2403386
1.243565
1.2467823
1.2499908
1.2531904
1.2563813
1.2595634
1.262737
1.2659019
1.2690583
1.2722063
1.2753458
1.2784771
1.2816001
1.2847148
1.2878215
1.29092
1.2940106
1.2970932
1.3001678
1.3032346
1.3062935
1.3093448
1.3123882
1.3154241
1.3184524
1.3214732
1.3244865
1.3274924
1.3304908
1.333482
1.336466
1.3394426
1.3424121
1.3453745
1.3483298
1.3512781
1.3542193
1.3571537
1.3600811
1.3630017
1.3659154
1.3688225
1.3717227
1.3746163
1.3775033
1.3803836
1.3832574
1.3861247
1.3889856
1.39184
1.394688
1.3975296
1.400365
1.403194
1.4060168
1.4088334
1.4116439
1.4144481
1.4172463
1.4200385
1.4228246
1.4256048
1.4283789
1.4311473
1.4339098
1.4366664
1.4394171
1.4421622
1.4449013
1.4476349
1.4503628
1.453085
1.4558015
1.4585125
1.4612179
1.4639179
1.4666123
1.4693012
1.4719847
1.4746628
1.4773356
1.480003
1.4826651
1.4853219
1.4879735
1.4906197
1.4932609
1.4958967
1.4985275
1.5011531
1.5037737
1.5063893
1.5089997
1.5116051
1.5142057
1.5168012
1.5193919
1.5219777
1.5245585
1.5271345
1.5297056
1.5322719
1.5348334
1.5373902
1.5399423
1.5424895
1.5450323
1.5475702
1.5501035
1.5526322
1.5551564
1.5576758
1.5601908
1.5627012
1.5652071
1.5677085
1.5702055
1.572698
1.5751861
1.5776697
1.580149
1.582624
1.5850945
1.5875608
1.5900228
1.5924804
1.5949339
1.597383
1.599828
1.6022687
1.6047055
1.6071379
1.6095662
1.6119905
1.6144104
1.6168265
1.6192384
1.6216463
1.6240501
1.62645
1.6288458
1.6312376
1.6336255
1.6360095
1.6383895
1.6407655
1.6431378
1.6455061
1.6478707
1.6502312
1.6525881
1.6549411
1.6572902
1.6596357
1.6619773
1.6643152
1.6666493
1.6689799
1.6713067
1.6736298
1.6759492
1.678265
1.680577
1.6828855
1.6851904
1.6874918
1.6897897
1.6920838
1.6943744
1.6966617
1.6989453
1.7012255
1.703502
1.7057753
1.7080449
1.7103112
1.7125741
1.7148335
1.7170894
1.7193421
1.7215912
1.7238371
1.7260796
1.7283188
1.7305546
1.7327871
1.7350163
1.7372422
1.7394649
1.7416843
1.7439004
1.7461133
1.7483231
1.7505295
1.7527328
1.7549328
1.7571297
1.7593235
1.761514
1.7637014
1.7658857
1.768067
1.7702452
1.7724202
1.7745922
1.776761
1.778927
1.7810897
1.7832495
1.7854062
1.7875599
1.7897106
1.7918583
1.794003
1.7961448
1.7982836
1.8004194
1.8025523
1.8046824
1.8068094
1.8089336
1.8110548
1.8131732
1.8152887
1.8174013
1.819511
1.821618
1.823722
1.8258233
1.8279216
1.8300173
1.8321102
1.8342001
1.8362875
1.8383719
1.8404536
1.8425328
1.844609
1.8466825
1.8487535
1.8508216
1.8528869
1.8549497
1.8570098
1.8590672
1.8611219
1.863174
1.8652233
1.8672701
1.8693142
1.8713557
1.8733946
1.875431
1.8774645
1.8794957
1.8815242
1.8835502
1.8855735
1.8875943
1.8896127
1.8916284
1.8936416
1.8956523
1.8976605
1.8996662
1.9016693
1.9036701
1.9056683
1.907664
1.9096572
1.9116482
1.9136364
1.9156225
1.917606
1.9195871
1.9215658
1.923542
1.9255159
1.9274875
1.9294565
1.9314232
1.9333875
1.9353495
1.937309
1.9392663
1.9412212
1.9431738
1.945124
1.9470719
1.9490175
1.9509608
1.9529018
1.9548404
1.9567769
1.9587109
1.9606428
1.9625723
1.9644996
1.9664246
1.9683474
1.970268
1.9721863
1.9741024
1.9760163
1.977928
1.9798375
1.9817449
1.98365
1.9855528
1.9874536
1.9893521
1.9912485
1.9931427
1.9950348
1.9969246
1.9988124
2.0006979
2.0025816
2.004463
2.0063422
2.0082192
2.0100942
2.0119672
2.013838
2.0157068
2.0175734
2.0194378
2.0213003
2.023161
2.0250192
2.0268755
2.0287297
2.030582
2.032432
2.03428
2.0361261
2.0379703
2.0398123
2.0416524
2.0434906
2.0453267
2.0471606
2.0489926
2.0508227
2.052651
2.054477
2.056301
2.0581234
2.0599437
2.0617619
2.0635781
2.0653927
2.0672052
2.0690157
2.0708246
2.0726314
2.0744362
2.076239
2.0780404
2.0798395
2.0816367
2.0834322
2.0852256
2.0870173
2.088807
2.0905948
2.092381
2.094165
2.0959473
2.0977278
2.0995064
2.101283
2.103058
2.1048312
2.1066024
2.108372
2.1101396
2.1119053
2.1136694
2.1154315
2.1171918
2.1189504
2.1207073
2.1224623
2.1242156
2.125967
2.1277168
2.1294646
2.1312108
2.1329553
2.134698
2.1364388
2.1381779
2.1399155
2.1416512
2.1433852
2.1451173
2.1468477
2.1485765
2.1503036
2.1520288
2.1537526
2.1554744
2.1571946
2.1589134
2.1606302
2.1623454
2.164059
2.1657708
2.1674807
2.1691892
2.170896
2.1726012
2.1743047
2.1760066
2.1777067
2.1794052
2.181102
2.1827972
2.184491
2.186183
2.1878734
2.1895623
2.1912496
2.1929352
2.1946192
2.1963015
2.1979823
2.1996615
2.201339
2.203015
2.2046895
2.2063622
2.2080336
2.2097032
2.2113712
2.2130377
2.2147028
2.2163663
2.218028
2.2196882
2.221347
2.223004
2.2246597
2.2263138
2.2279663
2.2296174
2.231267
2.2329147
2.2345612
2.236206
2.2378497
2.2394915
2.2411318
2.2427707
2.2444081
2.246044
2.2476783
2.249311
2.2509425
2.2525723
2.2542007
2.2558277
2.2574532
2.259077
2.2606995
2.2623205
2.26394
2.2655582
2.267175
2.26879
2.2704039
2.272016
2.273627
2.2752364
2.2768443
2.278451
2.280056
2.2816596
2.283262
2.2848628
2.286462
2.2880602
2.2896566
2.291252
2.2928455
2.294438
2.2960289
2.2976186
2.299207
2.3007936
2.3023791
2.3039632
2.305546
2.3071272
2.3087072
2.3102858
2.311863
2.3134387
2.3150132
2.3165863
2.318158
2.3197284
2.3212974
2.322865
2.3244314
2.3259964
2.32756
2.3291223
2.3306832
2.3322427
2.333801
2.335358
2.3369136
2.338468
2.340021
2.3415725
2.343123
2.344672
2.3462195
2.347766
2.349311
2.3508549
2.3523974
2.3539386
2.3554785
2.357017
2.3585544
2.3600903
2.3616252
2.3631585
2.3646908
2.3662217
2.3677514
2.3692796
2.3708067
2.3723326
2.373857
2.3753803
2.3769023
2.3784232
2.3799427
2.381461
2.382978
2.3844936
2.3860083
2.3875215
2.3890336
2.3905444
2.3920538
2.3935623
2.3950694
2.3965752
2.3980799
2.3995833
2.4010856
2.4025867
2.4040866
2.405585
2.4070826
2.4085789
2.410074
2.4115677
2.4130604
2.4145517
2.416042
2.417531
2.419019
2.4205055
2.4219909
2.4234753
2.4249585
2.4264402
2.427921
2.4294004
2.4308789
2.432356
2.4338322
2.435307
2.4367807
2.4382534
2.4397247
2.441195
2.4426641
2.4441319
2.4455986
2.4470642
2.4485288
2.449992
2.4514542
2.4529152
2.454375
2.455834
2.4572914
2.4587479
2.4602032
2.4616575
2.4631104
2.4645627
2.4660132
2.467463
2.4689116
2.470359
2.4718056
2.4732506
2.4746947
2.4761379
2.4775798
2.4790206
2.4804604
2.481899
2.4833364
2.484773
2.4862082
2.4876425
2.4890754
2.4905076
2.4919386
2.4933684
2.4947972
2.4962249
2.4976516
2.499077
2.5005016
2.501925
2.5033474
2.5047686
2.5061889
2.507608
2.509026
2.5104432
2.5118594
2.5132742
2.5146883
2.5161011
2.5175128
2.5189235
2.5203333
2.5217419
2.5231495
2.5245562
2.5259616
2.5273662
2.5287695
2.5301719
2.5315733
2.5329738
2.534373
2.5357711
2.5371685
2.5385647
2.53996
2.5413542
2.5427473
2.5441394
2.5455306
2.5469205
2.5483096
2.5496979
2.5510848
2.552471
2.553856
2.55524
2.556623
2.558005
2.559386
2.5607662
2.5621452
2.5635233
2.5649002
2.5662763
2.5676515
2.5690255
2.5703986
2.5717707
2.5731418
2.574512
2.5758812
2.5772493
2.5786164
2.5799828
2.581348
2.5827124
2.5840757
2.585438
2.5867994
2.5881598
2.5895193
2.5908775
2.592235
2.5935917
2.5949473
2.596302
2.5976558
2.5990086
2.6003602
2.601711
2.603061
2.60441
2.605758
2.607105
2.6084511
2.6097963
2.6111405
2.612484
2.6138265
2.6151679
2.6165085
2.6178482
2.6191869
2.6205246
2.6218615
2.6231973
2.6245325
2.6258664
2.6271996
2.628532
2.6298633
2.6311936
2.632523
2.6338518
2.6351795
2.636506
2.637832
2.6391568
2.640481
2.641804
2.6431262
2.6444476
2.645768
2.6470876
2.648406
2.6497238
2.6510406
2.6523566
2.6536717
2.6549857
2.656299
2.6576114
2.658923
2.6602335
2.6615431
2.662852
2.6641598
2.665467
2.666773
2.6680784
2.6693828
2.6706865
2.6719892
2.673291
2.6745918
2.6758919
2.677191
2.6784894
2.679787
2.6810834
2.6823792
2.683674
2.684968
2.6862612
2.6875536
2.688845
2.6901355
2.6914253
2.6927142
2.6940022
2.6952894
2.6965756
2.6978612
2.6991458
2.7004297
2.7017126
2.7029946
2.7042758
2.7055564
2.706836
2.7081146
2.7093925
2.7106695
2.7119458
2.7132213
2.714496
2.7157695
2.7170427
2.7183146
2.7195861
2.7208567
2.7221262
2.723395
2.7246633
2.7259305
2.727197
2.7284625
2.7297273
2.7309911
2.7322545
2.7335167
2.7347782
2.736039
2.737299
2.738558
2.7398162
2.7410736
2.7423306
2.7435863
2.7448413
2.7460957
2.747349
2.7486017
2.7498536
2.7511048
2.752355
2.7536044
2.754853
2.7561011
2.757348
2.7585945
2.75984
2.7610846
2.7623286
2.7635717
2.764814
2.7660556
2.767296
2.768536
2.7697754
2.7710137
2.7722516
2.7734885
2.7747247
2.7759602
2.777195
2.7784288
2.779662
2.7808943
2.782126
2.7833567
2.784587
2.7858162
2.7870445
2.7882724
2.7894995
2.7907257
2.7919512
2.793176
2.7943997
2.795623
2.7968457
2.7980673
2.7992883
2.8005085
2.8017278
2.8029466
2.8041644
2.8053818
2.8065982
2.807814
2.8090289
2.810243
2.8114564
2.8126693
2.8138812
2.8150923
2.8163028
2.8175125
2.8187218
2.8199298
2.8211374
2.8223443
2.8235505
2.8247557
2.8259604
2.8271642
2.8283675
2.8295698
2.8307714
2.8319726
2.8331728
2.8343723
2.835571
2.836769
2.8379667
2.8391633
2.8403592
2.8415544
2.8427489
2.8439426
2.8451357
2.846328
2.8475196
2.8487105
2.8499007
2.8510902
2.852279
2.853467
2.8546543
2.855841
2.8570268
2.858212
2.8593967
2.8605807
2.8617637
2.862946
2.8641279
2.8653088
2.8664892
2.8676689
2.8688476
2.8700259
2.8712034
2.8723803
2.8735566
2.874732
2.8759067
2.8770807
2.8782542
2.8794267
2.8805988
2.8817701
2.8829408
2.8841107
2.88528
2.8864484
2.8876164
2.8887837
2.8899503
2.8911161
2.8922813
2.8934457
2.8946095
2.8957727
2.896935
2.898097
2.899258
2.9004185
2.9015782
2.9027374
2.9038959
2.9050536
2.9062107
2.907367
2.9085228
2.909678
2.9108322
2.911986
2.913139
2.9142916
2.9154434
2.9165945
2.9177449
2.9188948
2.920044
2.9211922
2.9223402
2.9234872
2.9246337
2.9257796
2.9269247
2.9280694
2.9292133
2.9303565
2.931499
2.932641
2.9337823
2.934923
2.9360628
2.9372022
2.938341
2.939479
2.9406166
2.9417531
2.9428895
2.9440248
2.9451597
2.9462938
2.9474275
2.9485602
2.9496925
2.9508243
2.9519553
2.9530857
2.9542155
2.9553444
2.956473
2.9576008
2.958728
2.9598548
2.9609807
2.962106
2.9632306
2.9643548
2.9654782
2.966601
2.9677231
2.9688447
2.9699657
2.971086
2.9722059
2.9733248
2.9744432
2.9755611
2.9766784
2.977795
2.978911
2.9800262
2.981141
2.9822552
2.9833686
2.9844816
2.9855938
2.9867055
2.9878168
2.9889271
2.990037
2.9911463
2.9922547
2.993363
2.9944704
2.995577
2.9966831
2.997789
2.9988937
2.9999983
3.001102
3.0022051
3.0033078
3.0044098
3.005511
3.0066118
3.0077121
3.0088117
3.0099106
3.011009
3.012107
3.0132039
3.0143006
3.0153966
3.0164921
3.0175867
3.018681
3.0197747
3.0208678
3.0219603
3.0230522
3.0241435
3.0252342
3.0263245
3.027414
3.0285032
3.0295918
3.0306797
3.0317671
3.0328538
3.03394
3.0350256
3.0361104
3.037195
3.0382788
3.0393622
3.0404449
3.0415268
3.0426085
3.0436893
3.0447698
3.0458496
3.046929
3.0480075
3.0490856
3.050163
3.05124
3.0523164
3.0533922
3.0544674
3.055542
3.056616
3.0576897
3.0587628
3.0598352
3.060907
3.061978
3.0630488
3.064119
3.0651886
3.0662575
3.067326
3.068394
3.0694613
3.070528
3.0715942
3.0726597
3.073725
3.0747895
3.0758536
3.076917
3.0779798
3.0790422
3.0801039
3.081165
3.0822258
3.0832858
3.0843453
3.0854044
3.0864627
3.0875206
3.088578
3.089635
3.090691
3.0917468
3.0928018
3.0938566
3.0949106
3.095964
3.097017
3.0980694
3.0991213
3.1001728
3.1012235
3.1022737
3.1033235
3.1043727
3.1054213
3.1064694
3.1075168
3.108564
3.1096103
3.1106563
3.1117017
3.1127467
3.113791
3.1148348
3.115878
3.116921
3.117963
3.1190047
3.120046
3.1210864
3.1221266
3.123166
3.124205
3.1252437
3.1262817
3.127319
3.128356
3.1293924
3.130428
3.1314635
3.1324983
3.1335328
3.1345663
3.1355996
3.1366324
3.1376646
3.1386962
3.1397274
3.140758
3.141788
3.1428177
3.1438468
3.1448753
3.1459033
3.146931
3.147958
3.1489844
3.1500103
3.151036
3.152061
3.1530852
3.1541092
3.1551325
3.1561556
3.157178
3.1581998
3.1592212
3.160242
3.1612623
3.1622822
3.1633017
3.1643202
3.1653388
3.1663566
3.167374
3.1683905
3.169407
3.1704228
3.1714382
3.172453
3.1734672
3.174481
3.1754942
3.176507
3.177519
3.1785312
3.1795423
3.1805532
3.1815634
3.182573
3.1835825
3.1845913
3.1855996
3.1866074
3.1876147
3.1886215
3.1896276
3.1906335
3.191639
3.1926436
3.193648
3.1946518
3.1956553
3.1966584
3.1976607
3.1986625
3.1996639
3.2006648
3.2016652
3.202665
3.2036645
3.2046635
3.205662
3.20666
3.2076576
3.2086546
3.2096512
3.210647
3.2116427
3.212638
3.2136323
3.2146266
3.2156203
3.2166133
3.217606
3.2185984
3.21959
3.2205813
3.2215722
3.2225623
3.223552
3.2245414
3.2255304
3.2265189
3.2275066
3.2284942
3.229481
3.2304673
3.2314534
3.232439
3.2334242
3.2344089
3.2353928
3.2363765
3.2373595
3.2383423
3.2393246
3.2403064
3.2412877
3.2422686
3.243249
3.2442288
3.2452083
3.2461872
3.2471657
3.2481437
3.2491214
3.2500985
3.251075
3.252051
3.253027
3.2540023
3.254977
3.2559514
3.2569253
3.2578986
3.2588716
3.259844
3.260816
3.2617877
3.2627587
3.2637293
3.2646995
3.2656693
3.2666388
3.2676075
3.268576
3.269544
3.2705112
3.2714782
3.2724447
3.2734108
3.2743764
3.2753417
3.2763064
3.2772708
3.2782347
3.279198
3.280161
3.2811234
3.2820854
3.283047
3.2840083
3.2849689
3.285929
3.2868888
3.2878482
3.2888072
3.2897656
3.2907236
3.2916813
3.2926383
3.293595
3.2945511
3.295507
3.2964623
3.2974174
3.2983718
3.2993257
3.3002794
3.3012326
3.302185
3.3031375
3.3040893
3.3050406
3.3059914
3.306942
3.307892
3.3088417
3.3097908
3.3107398
3.311688
3.312636
3.3135834
3.3145304
3.315477
3.3164232
3.3173687
3.318314
3.319259
3.3202033
3.3211472
3.3220909
3.3230338
3.3239765
3.3249187
3.3258607
3.326802
3.327743
3.3286836
3.3296237
3.3305633
3.3315027
3.3324413
3.3333797
3.3343177
3.3352554
3.3361926
3.337129
3.3380654
3.3390012
3.3399367
3.3408718
3.3418062
3.3427403
3.3436742
3.3446074
3.3455403
3.3464727
3.3474047
3.3483365
3.3492675
3.3501985
3.3511288
3.3520586
3.3529882
3.3539174
3.354846
3.3557742
3.356702
3.3576295
3.3585565
3.3594832
3.3604095
3.3613353
3.3622606
3.3631856
3.36411
3.365034
3.3659577
3.3668811
3.367804
3.3687265
3.3696485
3.3705702
3.3714914
3.3724122
3.3733327
3.3742526
3.3751721
3.3760915
3.37701
3.3779285
3.3788466
3.379764
3.3806813
3.381598
3.3825145
3.3834302
3.3843458
3.3852608
3.3861756
3.38709
3.3880038
3.3889172
3.3898304
3.390743
3.3916554
3.3925674
3.3934789
3.3943899
3.3953006
3.396211
3.3971207
3.39803
3.3989394
3.399848
3.4007564
3.401664
3.4025717
3.4034789
3.4043853
3.4052918
3.4061975
3.407103
3.4080083
3.408913
3.4098172
3.410721
3.4116247
3.4125278
3.4134307
3.4143329
3.4152348
3.4161363
3.4170375
3.4179382
3.4188387
3.4197388
3.4206383
3.4215374
3.4224365
3.4233348
3.4242327
3.4251304
3.4260278
3.4269245
3.4278212
3.4287171
3.4296129
3.4305081
3.4314032
3.4322977
3.4331918
3.4340856
3.434979
3.4358718
3.4367645
3.4376566
3.4385486
3.43944
3.4403312
3.4412217
3.4421122
3.443002
3.4438918
3.4447808
3.4456697
3.446558
3.447446
3.4483335
3.449221
3.4501078
3.4509943
3.4518805
3.4527662
3.4536514
3.4545364
3.455421
3.4563053
3.457189
3.4580727
3.4589558
3.4598384
3.4607208
3.4616027
3.4624844
3.4633656
3.4642465
3.465127
3.466007
3.4668868
3.467766
3.468645
3.4695237
3.4704018
3.4712796
3.4721572
3.4730344
3.473911
3.4747875
3.4756634
3.4765391
3.4774144
3.4782894
3.479164
3.480038
3.4809117
3.481785
3.4826581
3.4835308
3.4844031
3.485275
3.4861467
3.4870179
3.4878888
3.4887593
3.4896293
3.490499
3.4913685
3.4922376
3.4931061
3.4939744
3.4948423
3.49571
3.496577
3.4974442
3.4983106
3.4991765
3.5000424
3.500908
3.5017726
3.5026374
3.503502
3.5043657
3.5052292
3.5060925
3.5069554
3.507818
3.50868
3.5095417
3.5104034
3.5112643
3.512125
3.5129855
3.5138454
3.5147052
3.5155644
3.5164235
3.517282
3.51814
3.518998
3.5198555
3.5207129
3.5215695
3.522426
3.523282
3.5241377
3.5249932
3.5258482
3.526703
3.5275571
3.5284111
3.529265
3.530118
3.530971
3.5318236
3.532676
3.5335276
3.5343792
3.5352304
3.5360813
3.5369318
3.537782
3.5386317
3.5394812
3.5403302
3.541179
3.5420272
3.5428753
3.543723
3.5445704
3.5454173
3.5462642
3.5471103
3.5479565
3.5488021
3.5496473
3.5504923
3.5513368
3.552181
3.553025
3.5538685
3.5547118
3.5555546
3.5563972
3.5572393
3.5580812
3.5589228
3.5597637
3.5606046
3.5614448
3.5622847
3.5631244
3.563964
3.564803
3.5656416
3.5664797
3.567318
3.5681555
3.5689926
3.5698297
3.5706663
3.5715027
3.5723386
3.5731742
3.5740097
3.5748446
3.575679
3.5765133
3.5773473
3.578181
3.579014
3.579847
3.5806797
3.581512
3.5823438
3.5831754
3.5840068
3.5848377
3.5856683
3.5864985
3.5873284
3.5881581
3.5889874
3.5898163
3.590645
3.591473
3.5923011
3.593129
3.593956
3.594783
3.5956097
3.596436
3.597262
3.5980875
3.598913
3.599738
3.6005626
3.6013868
3.602211
3.6030345
3.603858
3.604681
3.6055036
3.6063259
3.607148
3.6079698
3.608791
3.6096122
3.6104329
3.6112533
3.6120734
3.612893
3.6137125
3.6145318
3.6153505
3.616169
3.6169872
3.617805
3.6186225
3.6194396
3.6202567
3.621073
3.6218894
3.6227052
3.6235209
3.624336
3.625151
3.6259656
3.6267798
3.6275938
3.6284075
3.6292207
3.6300337
3.6308465
3.6316588
3.6324708
3.6332827
3.6340942
3.634905
3.635716
3.6365263
3.6373367
3.6381464
3.638956
3.6397653
3.640574
3.6413827
3.642191
3.642999
3.6438065
3.6446137
3.6454208
3.6462276
3.647034
3.64784
3.6486456
3.649451
3.6502562
3.651061
3.6518655
3.6526697
3.6534736
3.654277
3.6550803
3.6558833
3.656686
3.6574883
3.6582904
3.659092
3.6598933
3.6606944
3.6614952
3.6622956
3.6630957
3.6638956
3.6646953
3.6654944
3.6662934
3.6670918
3.6678903
3.6686883
3.669486
3.6702833
3.6710804
3.6718771
3.6726735
3.6734698
3.6742656
3.675061
3.6758564
3.6766512
3.677446
3.6782403
3.6790342
3.679828
3.6806214
3.6814144
3.6822073
3.6829998
3.683792
3.684584
3.6853755
3.6861668
3.6869578
3.6877484
3.6885388
3.689329
3.6901186
3.6909082
3.6916974
3.6924863
3.6932747
3.6940632
3.694851
3.695639
3.6964262
3.6972132
3.698
3.6987865
3.6995728
3.7003586
3.7011442
3.7019296
3.7027144
3.7034988
3.7042832
3.7050672
3.7058508
3.7066343
3.7074175
3.7082002
3.7089827
3.709765
3.710547
3.7113285
3.7121098
3.7128909
3.7136714
3.714452
3.7152321
3.716012
3.7167916
3.717571
3.7183497
3.7191286
3.7199068
3.720685
3.721463
3.7222402
3.7230177
3.7237945
3.724571
3.7253475
3.7261236
3.7268994
3.7276747
3.72845
3.729225
3.7299995
3.730774
3.7315478
3.7323215
3.7330952
3.7338681
3.734641
3.7354138
3.7361863
3.7369583
3.7377303
3.7385015
3.739273
3.7400439
3.7408147
3.741585
3.742355
3.743125
3.7438943
3.7446637
3.7454326
3.7462015
3.7469697
3.747738
3.7485058
3.7492733
3.7500405
3.7508075
3.751574
3.7523403
3.7531064
3.753872
3.7546372
3.7554023
3.756167
3.7569315
3.7576957
3.7584596
3.7592232
3.7599866
3.7607496
3.7615125
3.762275
3.7630372
3.7637992
3.764561
3.7653222
3.7660835
3.7668443
3.7676046
3.768365
3.769125
3.7698846
3.7706442
3.7714033
3.7721622
3.7729208
3.773679
3.7744372
3.775195
3.7759523
3.7767096
3.7774665
3.7782233
3.7789795
3.7797356
3.7804916
3.7812471
3.7820024
3.7827573
3.783512
3.7842665
3.7850206
3.7857747
3.7865283
3.7872815
3.7880347
3.7887874
3.7895398
3.7902923
3.7910442
3.791796
3.7925472
3.7932985
3.7940493
3.7948
3.7955503
3.7963004
3.7970502
3.7977998
3.798549
3.799298
3.8000467
3.800795
3.8015432
3.8022912
3.8030388
3.803786
3.8045332
3.8052802
3.8060267
3.806773
3.807519
3.8082647
3.80901
3.8097553
3.8105004
3.811245
3.8119893
3.8127334
3.8134773
3.814221
3.8149643
3.8157074
3.81645
3.8171928
3.817935
3.818677
3.8194187
3.8201602
3.8209014
3.8216422
3.822383
3.8231232
3.8238633
3.8246033
3.825343
3.8260822
3.8268213
3.8275602
3.8282986
3.829037
3.8297749
3.8305128
3.8312502
3.8319874
3.8327243
3.833461
3.8341975
3.8349338
3.8356695
3.8364053
3.8371406
3.8378758
3.8386106
3.8393452
3.8400795
3.8408136
3.8415475
3.842281
3.8430145
3.8437474
3.8444803
3.8452127
3.8459451
3.846677
3.8474088
3.8481402
3.8488715
3.8496025
3.850333
3.8510635
3.8517938
3.8525236
3.8532534
3.8539827
3.8547118
3.8554409
3.8561695
3.8568978
3.857626
3.8583539
3.8590815
3.8598087
3.8605359
3.8612626
3.8619893
3.8627157
3.8634417
3.8641677
3.8648932
3.8656185
3.8663435
3.8670683
3.8677928
3.8685172
3.8692412
3.8699648
3.8706884
3.8714118
3.872135
3.8728576
3.87358
3.8743024
3.8750243
3.8757463
3.8764677
3.877189
3.87791
3.8786306
3.8793511
3.8800714
3.8807912
3.8815112
3.8822305
3.8829498
3.883669
3.8843875
3.885106
3.8858242
3.8865423
3.88726
3.8879776
3.8886948
3.8894117
3.8901284
3.890845
3.8915613
3.8922772
3.892993
3.8937085
3.8944237
3.8951387
3.8958535
3.896568
3.8972821
3.8979962
3.89871
3.8994234
3.9001367
3.9008498
3.9015625
3.9022746
3.9029868
3.9036987
3.9044101
3.9051216
3.9058325
3.9065435
3.907254
3.9079642
3.9086745
3.9093843
3.910094
3.9108033
3.9115124
3.9122214
3.91293
3.9136384
3.9143467
3.9150546
3.9157622
3.9164696
3.9171767
3.9178836
3.9185903
3.9192967
3.920003
3.9207091
3.9214149
3.9221203
3.9228253
3.9235306
3.924235
3.9249399
3.925644
3.926348
3.927052
3.9277556
3.9284587
3.9291618
3.9298646
3.9305673
3.9312696
3.9319718
3.9326735
3.9333754
3.9340768
3.9347777
3.9354787
3.9361794
3.9368799
3.93758
3.93828
3.9389796
3.9396791
3.9403784
3.9410775
3.9417763
3.9424748
3.9431732
3.9438713
3.944569
3.9452665
3.945964
3.946661
3.9473581
3.9480546
3.948751
3.9494472
3.950143
3.9508388
3.9515343
3.9522295
3.9529245
3.9536192
3.9543138
3.9550083
3.9557023
3.956396
3.9570897
3.957783
3.958476
3.959169
3.9598615
3.9605541
3.9612463
3.9619381
3.96263
3.9633214
3.9640126
3.9647038
3.9653945
3.966085
3.9667754
3.9674656
3.9681554
3.9688451
3.9695344
3.9702237
3.9709125
3.9716012
3.9722896
3.9729779
3.973666
3.9743538
3.9750412
3.9757288
3.9764156
3.9771025
3.9777892
3.9784756
3.9791617
3.9798477
3.9805334
3.981219
3.9819043
3.9825892
3.983274
3.9839587
3.984643
3.985327
3.986011
3.9866946
3.9873781
3.9880612
3.9887443
3.989427
3.9901094
3.9907918
3.991474
3.9921558
3.9928374
3.9935188
3.9942
3.994881
3.9955616
3.996242
3.9969225
3.9976022
3.9982822
3.9989617
3.9996412
4.00032
4.000999
4.001678
4.0023565
4.0030346
4.0037127
4.0043902
4.005068
4.0057454
4.0064225
4.007099
4.0077763
4.0084524
4.0091286
4.0098047
4.0104804
4.011156
4.0118313
4.0125065
4.013181
4.013856
4.0145307
4.0152044
4.0158787
4.0165524
4.0172257
4.017899
4.018572
4.0192447
4.019917
4.0205894
4.021261
4.021933
4.022605
4.023276
4.0239472
4.024618
4.0252886
4.0259595
4.02663
4.0273
4.0279694
4.028639
4.0293083
4.029978
4.030647
4.0313153
4.031984
4.0326524
4.0333204
4.033988
4.034656
4.035323
4.03599
4.0366573
4.0373244
4.037991
4.038657
4.0393233
4.039989
4.040655
4.0413203
4.0419855
4.0426507
4.0433154
4.04398
4.044645
4.0453086
4.0459723
4.0466366
4.0473
4.047963
4.0486264
4.049289
4.049952
4.0506144
4.0512767
4.0519385
4.0526004
4.053262
4.0539236
4.0545845
4.0552454
4.0559063
4.056567
4.057227
4.0578876
4.058547
4.059207
4.0598664
4.060526
4.061185
4.0618434
4.062502
4.0631604
4.063819
4.064477
4.0651345
4.065792
4.066449
4.0671062
4.0677633
4.06842
4.0690765
4.069733
4.0703893
4.071045
4.0717006
4.072356
4.0730114
4.073666
4.0743213
4.0749755
4.07563
4.0762844
4.076938
4.077592
4.0782456
4.078899
4.079552
4.080205
4.0808578
4.08151
4.0821624
4.0828147
4.0834665
4.0841184
4.0847697
4.085421
4.086072
4.086723
4.0873737
4.088024
4.088674
4.089324
4.089974
4.090624
4.0912733
4.0919223
4.0925713
4.0932198
4.0938687
4.094517
4.0951653
4.0958133
4.096461
4.0971084
4.097756
4.098403
4.09905
4.0996966
4.100343
4.1009893
4.1016355
4.1022816
4.102927
4.1035724
4.104218
4.104863
4.105508
4.1061525
4.106797
4.1074414
4.1080856
4.1087294
4.109373
4.1100163
4.1106596
4.1113024
4.1119456
4.1125884
4.1132307
4.113873
4.114515
4.1151567
4.1157985
4.11644
4.117081
4.117722
4.118363
4.119004
4.1196437
4.120284
4.120924
4.121564
4.122204
4.1228433
4.123482
4.124121
4.12476
4.1253986
4.1260366
4.1266747
4.1273127
4.12795
4.1285877
4.129225
4.129862
4.130499
4.1311355
4.1317716
4.132408
4.133044
4.13368
4.1343155
4.1349506
4.1355863
4.1362214
4.136856
4.1374907
4.138125
4.1387596
4.1393933
4.140027
4.140661
4.1412945
4.1419277
4.1425605
4.1431932
4.143826
4.144459
4.145091
4.145723
4.1463547
4.1469865
4.1476183
4.148249
4.1488805
4.1495113
4.150142
4.1507726
4.151403
4.152033
4.1526628
4.1532927
4.153922
4.1545515
4.1551805
4.1558094
4.1564384
4.157067
4.1576953
4.1583233
4.1589513
4.159579
4.160207
4.160834
4.1614614
4.1620884
4.162715
4.1633415
4.163968
4.164594
4.1652203
4.1658463
4.166472
4.1670976
4.1677227
4.168348
4.1689725
4.169597
4.170222
4.170846
4.17147
4.172094
4.1727176
4.1733413
4.1739645
4.1745877
4.1752105
4.1758337
4.176456
4.1770787
4.1777005
4.178323
4.1789446
4.179566
4.1801877
4.180809
4.18143
4.1820507
4.1826715
4.183292
4.1839123
4.184532
4.185152
4.185772
4.1863914
4.187011
4.1876297
4.1882486
4.1888676
4.189486
4.1901045
4.190723
4.191341
4.1919584
4.1925764
4.193194
4.193811
4.194428
4.195045
4.1956615
4.196278
4.1968946
4.1975107
4.198127
4.1987424
4.199358
4.1999736
4.2005887
4.201204
4.2018185
4.202433
4.2030478
4.203662
4.204276
4.20489
4.2055035
4.206117
4.2067304
4.2073436
4.2079563
4.208569
4.209182
4.2097945
4.210407
4.2110186
4.2116303
4.212242
4.2128534
4.2134647
4.214076
4.214687
4.2152977
4.215908
4.216519
4.2171288
4.2177386
4.2183485
4.2189584
4.219568
4.220177
4.220786
4.221395
4.222004
4.2226124
4.223221
4.223829
4.2244368
4.2250447
4.225652
4.2262597
4.2268667
4.227474
4.228081
4.228688
4.2292943
4.2299004
4.2305064
4.231113
4.2317185
4.232324
4.2329297
4.233535
4.23414
4.234745
4.2353497
4.235954
4.2365584
4.2371626
4.2377667
4.2383704
4.238974
4.2395773
4.2401805
4.2407837
4.241387
4.2419896
4.242592
4.243194
4.243797
4.2443986
4.2450004
4.245602
4.2462034
4.2468047
4.2474055
4.2480063
4.248607
4.249207
4.2498074
4.2504077
4.2510076
4.251607
4.252207
4.2528057
4.253405
4.254004
4.254603
4.2552013
4.2558
4.256398
4.256996
4.257594
4.2581916
4.258789
4.2593865
4.259984
4.260581
4.2611775
4.261774
4.2623706
4.262967
4.263563
4.264159
4.264755
4.265351
4.265946
4.2665415
4.267136
4.267731
4.268326
4.2689204
4.269515
4.270109
4.2707033
4.271297
4.2718906
4.272484
4.2730775
4.2736707
4.2742634
4.2748566
4.275449
4.2760415
4.2766337
4.277226
4.2778177
4.2784095
4.2790008
4.2795925
4.2801833
4.2807746
4.2813654
4.281956
4.282547
4.2831373
4.2837276
4.2843175
4.2849073
4.285497
4.2860866
4.286676
4.287265
4.2878537
4.2884426
4.289031
4.2896194
4.290208
4.290796
4.291384
4.2919717
4.292559
4.293147
4.293734
4.294321
4.294908
4.2954946
4.2960815
4.2966676
4.297254
4.29784
4.2984257
4.2990117
4.2995973
4.3001823
4.300768
4.301353
4.3019376
4.302522
4.303107
4.3036914
4.3042755
4.3048596
4.3054433
4.306027
4.3066106
4.3071938
4.307777
4.30836
4.308943
4.3095255
4.3101077
4.3106904
4.311272
4.3118544
4.312436
4.313018
4.313599
4.3141804
4.3147616
4.315343
4.3159237
4.316504
4.3170843
4.3176646
4.318245
4.318825
4.3194046
4.3199844
4.320564
4.321143
4.321722
4.322301
4.32288
4.3234587
4.324037
4.3246155
4.3251934
4.3257713
4.3263493
4.3269267
4.327504
4.3280816
4.3286586
4.3292356
4.329812
4.330389
4.3309655
4.3315415
4.3321176
4.3326936
4.3332696
4.333845
4.3344207
4.3349957
4.3355713
4.336146
4.336721
4.3372955
4.33787
4.338444
4.3390183
4.3395925
4.340166
4.3407397
4.3413134
4.3418865
4.3424597
4.343033
4.3436055
4.344178
4.3447504
4.345323
4.3458953
4.346467
4.3470387
4.3476105
4.348182
4.3487535
4.3493247
4.3498955
4.3504667
4.3510375
4.351608
4.352178
4.3527484
4.3533187
4.3538885
4.3544583
4.3550277
4.355597
4.3561664
4.356735
4.3573046
4.357873
4.358442
4.35901
4.359578
4.3601465
4.3607144
4.361282
4.36185
4.362417
4.3629847
4.3635516
4.3641186
4.3646855
4.365252
4.3658185
4.366385
4.366951
4.367517
4.368083
4.3686485
4.369214
4.3697796
4.3703446
4.3709097
4.3714747
4.3720393
4.372604
4.3731685
4.3737326
4.3742967
4.3748603
4.3754244
4.375988
4.376551
4.377115
4.377678
4.378241
4.3788037
4.3793664
4.3799286
4.3804913
4.3810534
4.381615
4.382177
4.3827386
4.3833003
4.383862
4.3844233
4.384984
4.3855453
4.3861055
4.3866663
4.3872266
4.3877873
4.388347
4.3889074
4.389467
4.3900266
4.390586
4.391145
4.3917046
4.3922634
4.3928227
4.393381
4.39394
4.394498
4.3950562
4.3956146
4.3961725
4.39673
4.397288
4.3978453
4.3984027
4.3989596
4.3995166
4.4000735
4.40063
4.401187
4.401743
4.4022994
4.4028554
4.4034114
4.403967
4.4045224
4.405078
4.4056334
4.4061885
4.4067435
4.407298
4.4078526
4.408407
4.408962
4.409516
4.41007
4.4106236
4.4111776
4.4117312
4.412285
4.412838
4.413391
4.413944
4.414497
4.4150496
4.4156017
4.4161544
4.4167066
4.4172587
4.4178104
4.418362
4.418914
4.419465
4.4200163
4.4205675
4.4211187
4.421669
4.42222
4.4227705
4.423321
4.423871
4.4244213
4.424971
4.425521
4.42607
4.42662
4.4271693
4.427718
4.428267
4.4288163
4.4293647
4.4299135
4.4304614
4.43101
4.431558
4.432106
4.4326534
4.4332013
4.4337487
4.434296
4.4348435
4.43539
4.435937
4.436484
4.4370303
4.437577
4.4381227
4.438669
4.439215
4.439761
4.4403067
4.440852
4.4413977
4.4419427
4.4424877
4.4430327
4.4435773
4.4441223
4.4446664
4.4452105
4.4457545
4.4462986
4.446842
4.4473853
4.447929
4.448472
4.449015
4.4495583
4.450101
4.4506435
4.451186
4.451729
4.452271
4.4528127
4.453355
4.4538965
4.454438
4.4549794
4.455521
4.456062
4.456603
4.457144
4.4576845
4.4582253
4.458766
4.4593062
4.459846
4.4603863
4.460926
4.4614654
4.462005
4.4625444
4.4630837
4.463623
4.464162
4.4647007
4.4652395
4.465778
4.466316
4.4668546
4.4673924
4.4679303
4.468468
4.469006
4.4695435
4.470081
4.470618
4.4711547
4.4716916
4.4722285
4.472765
4.4733014
4.473838
4.4743743
4.4749103
4.475446
4.4759817
4.476517
4.4770527
4.477588
4.478123
4.478658
4.479193
4.4797277
4.4802623
4.480797
4.4813313
4.4818654
4.4823995
4.4829335
4.483467
4.4840007
4.484534
4.4850674
4.4856005
4.4861336
4.486666
4.487199
4.4877315
4.4882636
4.488796
4.4893284
4.48986
4.490392
4.490924
4.491455
4.4919868
4.492518
4.493049
4.4935803
4.494111
4.494642
4.495172
4.4957027
4.496233
4.4967628
4.497293
4.4978228
4.4983525
4.498882
4.4994116
4.499941
4.5004697
4.500999
4.501528
4.502056
4.502585
4.5031133
4.5036416
4.5041695
4.504698
4.5052257
4.5057535
4.506281
4.5068083
4.5073357
4.5078626
4.5083895
4.5089164
4.5094433
4.5099697
4.510496
4.5110226
4.511549
4.5120745
4.5126004
4.5131264
4.513652
4.5141773
4.514703
4.515228
4.515753
4.516278
4.5168023
4.5173273
4.517852
4.518376
4.5189
4.5194244
4.519948
4.520472
4.5209956
4.521519
4.5220423
4.522566
4.5230885
4.5236115
4.524134
4.524657
4.5251794
4.525702
4.526224
4.5267463
4.527268
4.52779
4.5283117
4.5288334
4.5293546
4.5298758
4.530397
4.530918
4.531439
4.5319595
4.5324802
4.5330005
4.533521
4.534041
4.534561
4.535081
4.5356007
4.5361204
4.5366397
4.537159
4.5376782
4.5381975
4.5387163
4.539235
4.539754
4.540272
4.5407906
4.541309
4.541827
4.542345
4.542863
4.5433803
4.543898
4.5444155
4.544933
4.5454497
4.545967
4.546484
4.5470004
4.547517
4.548033
4.54855
4.549066
4.549582
4.550098
4.550614
4.5511293
4.551645
4.5521603
4.5526757
4.5531907
4.5537057
4.5542207
4.554735
4.5552497
4.555764
4.556278
4.5567927
4.557307
4.5578203
4.5583344
4.558848
4.5593615
4.5598745
4.560388
4.5609007
4.561414
4.561927
4.5624394
4.562952
4.563464
4.5639763
4.5644884
4.5650005
4.5655127
4.5660243
4.566536
4.5670476
4.567559
4.56807
4.568581
4.569092
4.569603
4.5701137
4.570624
4.5711346
4.571645
4.5721545
4.5726647
4.5731745
4.573684
4.574194
4.5747037
4.575213
4.5757217
4.576231
4.57674
4.5772486
4.5777574
4.5782657
4.5787745
4.5792828
4.5797906
4.5802984
4.5808067
4.5813146
4.581822
4.5823293
4.5828366
4.583344
4.583851
4.584358
4.5848646
4.5853715
4.585878
4.586385
4.5868907
4.587397
4.587903
4.588409
4.588915
4.5894203
4.589926
4.590431
4.590936
4.5914416
4.5919466
4.592451
4.592956
4.5934606
4.593965
4.5944695
4.5949736
4.5954776
4.5959816
4.5964856
4.596989
4.5974927
4.597996
4.5984993
4.5990024
4.5995054
4.6000085
4.600511
4.6010137
4.6015162
4.602019
4.602521
4.603023
4.603525
4.604027
4.6045284
4.60503
4.6055317
4.606033
4.606534
4.6070356
4.6075363
4.608037
4.6085377
4.6090384
4.609539
4.610039
4.6105394
4.6110396
4.6115394
4.612039
4.612539
4.6130385
4.613538
4.614037
4.6145363
4.615035
4.615534
4.6160326
4.6165314
4.6170297
4.6175284
4.6180267
4.6185246
4.619023
4.6195207
4.6200185
4.620516
4.6210136
4.621511
4.6220083
4.622505
4.623002
4.623499
4.623996
4.624492
4.6249886
4.625485
4.6259813
4.6264772
4.626973
4.627469
4.627965
4.6284604
4.628956
4.6294513
4.6299467
4.6304417
4.6309366
4.6314316
4.631926
4.6324205
4.632915
4.6334095
4.6339035
4.6343975
4.6348915
4.6353855
4.635879
4.6363726
4.636866
4.6373596
4.6378527
4.6383457
4.638839
4.6393313
4.639824
4.640317
4.640809
4.6413016
4.6417937
4.642286
4.6427774
4.6432695
4.643761
4.644253
4.6447444
4.6452355
4.6457267
4.646218
4.6467085
4.6471996
4.64769
4.6481805
4.648671
4.6491613
4.6496515
4.6501417
4.6506314
4.6511216
4.6516113
4.652101
4.6525903
4.6530795
4.6535687
4.654058
4.6545467
4.6550355
4.6555243
4.656013
4.6565013
4.6569896
4.657478
4.657966
4.658454
4.6589417
4.6594296
4.6599174
4.6604047
4.660892
4.6613793
4.661866
4.662353
4.6628404
4.6633267
4.6638136
4.6643
4.6647863
4.6652727
4.6657586
4.6662445
4.6667304
4.6672163
4.6677017
4.6681876
4.668673
4.6691585
4.6696434
4.6701283
4.6706133
4.671098
4.6715827
4.672067
4.6725516
4.673036
4.67352
4.674004
4.674488
4.674972
4.6754556
4.675939
4.6764226
4.676906
4.677389
4.677872
4.678355
4.6788383
4.679321
4.6798034
4.680286
4.6807685
4.6812506
4.6817327
4.6822147
4.6826963
4.683178
4.6836596
4.684141
4.684623
4.685104
4.685585
4.686066
4.6865473
4.687028
4.6875086
4.687989
4.6884694
4.6889496
4.6894298
4.68991
4.69039
4.69087
4.6913495
4.691829
4.692309
4.692788
4.6932673
4.6937466
4.6942253
4.6947045
4.6951833
4.6956615
4.6961403
4.6966186
4.697097
4.697575
4.698053
4.698531
4.699009
4.6994863
4.699964
4.7004414
4.7009187
4.701396
4.7018733
4.70235
4.702827
4.703304
4.70378
4.704257
4.7047334
4.7052093
4.7056856
4.706162
4.7066374
4.7071137
4.707589
4.7080646
4.7085404
4.7090154
4.709491
4.7099657
4.7104406
4.7109156
4.7113905
4.711865
4.7123394
4.712814
4.713288
4.7137623
4.7142363
4.71471
4.7151837
4.7156577
4.716131
4.7166047
4.717078
4.717551
4.7180243
4.7184973
4.7189703
4.719443
4.7199154
4.720388
4.7208605
4.7213326
4.721805
4.722277
4.7227488
4.723221
4.7236924
4.724164
4.7246356
4.7251067
4.7255783
4.7260494
4.7265205
4.726991
4.727462
4.727933
4.728403
4.7288737
4.729344
4.729814
4.730284
4.7307544
4.731224
4.7316937
4.7321634
4.7326326
4.7331023
4.7335715
4.7340407
4.73451
4.7349787
4.7354474
4.735916
4.736385
4.736853
4.737322
4.73779
4.738258
4.738726
4.739194
4.7396617
4.7401295
4.740597
4.7410645
4.741532
4.7419987
4.742466
4.742933
4.7433996
4.7438664
4.7443333
4.7447996
4.7452664
4.7457323
4.7461987
4.746665
4.747131
4.7475967
4.748062
4.748528
4.7489934
4.749459
4.749924
4.750389
4.7508545
4.7513194
4.7517843
4.752249
4.7527137
4.753178
4.753642
4.7541065
4.754571
4.755035
4.7554984
4.7559624
4.7564263
4.75689
4.7573533
4.757817
4.75828
4.7587433
4.759206
4.759669
4.760132
4.7605944
4.761057
4.7615194
4.761982
4.762444
4.762906
4.763368
4.76383
4.764292
4.764754
4.765215
4.7656765
4.766138
4.766599
4.7670603
4.7675214
4.767982
4.768443
4.7689037
4.7693644
4.769825
4.770285
4.7707453
4.7712054
4.7716656
4.7721252
4.772585
4.7730446
4.7735043
4.773964
4.774423
4.7748823
4.7753415
4.7758
4.7762594
4.776718
4.777177
4.7776356
4.778094
4.778552
4.7790103
4.7794685
4.779927
4.7803845
4.7808423
4.7813
4.7817574
4.782215
4.7826724
4.7831297
4.7835865
4.784044
4.7845006
4.7849574
4.785414
4.7858706
4.7863274
4.786783
4.78724
4.787696
4.7881517
4.788608
4.789064
4.7895193
4.789975
4.7904305
4.790886
4.7913413
4.791796
4.7922516
4.7927065
4.793161
4.793616
4.7940707
4.794525
4.7949796
4.795434
4.795888
4.796342
4.796796
4.79725
4.7977037
4.798157
4.7986107
4.799064
4.7995176
4.7999706
4.8004236
4.8008766
4.8013296
4.801782
4.802235
4.8026876
4.80314
4.803592
4.8040447
4.804497
4.804949
4.805401
4.8058524
4.806304
4.8067555
4.807207
4.8076587
4.8081098
4.808561
4.8090124
4.809463
4.8099136
4.8103647
4.8108153
4.8112655
4.811716
4.8121667
4.812617
4.813067
4.8135166
4.8139668
4.8144164
4.814866
4.8153157
4.815765
4.8162146
4.8166637
4.8171124
4.8175616
4.818011
4.8184595
4.818908
4.8193564
4.819805
4.8202534
4.820702
4.8211503
4.821598
4.8220463
4.822494
4.8229413
4.823389
4.823837
4.824284
4.8247313
4.8251786
4.825626
4.8260727
4.8265195
4.826967
4.827413
4.82786
4.828306
4.8287525
4.829199
4.829645
4.830091
4.830537
4.830983
4.8314285
4.8318744
4.8323197
4.8327646
4.83321
4.833655
4.8341002
4.834545
4.8349895
4.8354344
4.835879
4.8363233
4.8367677
4.837212
4.837656
4.8381
4.838544
4.838988
4.8394313
4.839875
4.840318
4.8407617
4.841205
4.8416486
4.8420916
4.8425345
4.842977
4.84342
4.8438625
4.844305
4.8447475
4.84519
4.845632
4.8460746
4.8465166
4.8469586
4.8474
4.8478417
4.848284
4.8487253
4.8491664
4.849608
4.850049
4.85049
4.850931
4.8513722
4.851813
4.8522534
4.852694
4.8531346
4.8535748
4.8540154
4.8544555
4.8548956
4.855335
4.8557754
4.856215
4.8566546
4.8570943
4.857534
4.857973
4.8584123
4.8588514
4.8592906
4.8597293
4.8601685
4.860607
4.861046
4.861484
4.8619227
4.862361
4.862799
4.8632374
4.8636756
4.8641133
4.864551
4.864989
4.8654265
4.865864
4.8663015
4.866739
4.867176
4.867613
4.86805
4.868487
4.8689237
4.8693604
4.8697968
4.8702335
4.87067
4.871106
4.8715425
4.8719783
4.8724146
4.8728504
4.8732862
4.8737216
4.8741574
4.874593
4.875028
4.8754635
4.875899
4.8763337
4.8767686
4.8772035
4.8776383
4.878073
4.8785076
4.878942
4.8793764
4.879811
4.880245
4.880679
4.881113
4.881547
4.8819804
4.8824143
4.882848
4.883281
4.8837147
4.884148
4.884581
4.8850145
4.8854475
4.88588
4.886313
4.8867455
4.887178
4.8876104
4.888043
4.8884754
4.8889074
4.8893394
4.8897715
4.8902035
4.890635
4.8910666
4.8914986
4.8919296
4.892361
4.8927927
4.893224
4.893655
4.8940854
4.8945165
4.8949475
4.895378
4.8958087
4.8962393
4.8966694
4.8971
4.89753
4.8979597
4.89839
4.89882
4.8992496
4.899679
4.900109
4.9005384
4.9009676
4.901397
4.9018264
4.9022555
4.902684
4.9031134
4.903542
4.9039707
4.9043994
4.904828
4.9052563
4.905685
4.9061127
4.906541
4.906969
4.907397
4.9078245
4.9082522
4.90868
4.9091077
4.909535
4.909962
4.9103894
4.9108167
4.911244
4.9116707
4.9120975
4.912524
4.912951
4.9133773
4.913804
4.9142303
4.9146566
4.9150825
4.9155087
4.9159346
4.9163604
4.916786
4.917212
4.9176373
4.918063
4.9184885
4.918914
4.919339
4.919764
4.920189
4.920614
4.9210386
4.9214635
4.921888
4.9223123
4.922737
4.923161
4.9235854
4.92401
4.9244337
4.9248576
4.9252815
4.925705
4.926129
4.9265523
4.9269757
4.927399
4.927822
4.9282455
4.9286685
4.9290915
4.9295144
4.929937
4.93036
4.9307823
4.931205
4.9316273
4.9320498
4.9324718
4.9328938
4.9333158
4.9337378
4.9341593
4.9345813
4.935003
4.9354243
4.935846
4.9362674
4.9366884
4.9371095
4.9375305
4.9379516
4.9383726
4.938793
4.9392138
4.9396343
4.940055
4.9404755
4.9408956
4.9413157
4.9417357
4.942156
4.942576
4.9429955
4.943415
4.943835
4.9442544
4.944674
4.945093
4.9455123
4.945932
4.9463506
4.9467697
4.9471884
4.9476075
4.948026
4.948445
4.948863
4.949281
4.9497
4.950118
4.950536
4.950954
4.951372
4.95179
4.9522076
4.9526253
4.953043
4.95346
4.9538774
4.954295
4.954712
4.955129
4.955546
4.955963
4.95638
4.9567966
4.957213
4.9576297
4.958046
4.958462
4.9588785
4.959295
4.9597106
4.960127
4.9605427
4.9609585
4.9613743
4.9617896
4.962205
4.9626203
4.9630356
4.963451
4.963866
4.964281
4.964696
4.965111
4.9655256
4.9659405
4.966355
4.966769
4.9671836
4.967598
4.9680123
4.968426
4.96884
4.969254
4.969668
4.970082
4.970495
4.9709086
4.971322
4.9717355
4.972149
4.972562
4.972975
4.973388
4.9738007
4.9742136
4.9746265
4.975039
4.9754515
4.975864
4.9762764
4.9766884
4.977101
4.977513
4.977925
4.978337
4.9787483
4.9791603
4.979572
4.9799833
4.980395
4.980806
4.9812174
4.9816284
4.9820395
4.9824505
4.982861
4.983272
4.9836826
4.984093
4.9845037
4.9849143
4.9853244
4.985735
4.986145
4.986555
4.9869647
4.987375
4.9877844
4.9881945
4.9886036
4.989013
4.989423
4.989832
4.990241
4.99065
4.9910593
4.9914684
4.991877
4.992286
4.992695
4.993103
4.9935117
4.9939203
4.9943285
4.9947367
4.995145
4.995553
4.9959607
4.996369
4.9967766
4.9971843
4.997592
4.997999
4.998407
4.998814
4.9992213
4.9996285
5.0000353
5.0004425
5.0008492
5.001256
5.0016627
5.0020695
5.0024757
5.0028825
5.0032887
5.003695
5.004101
5.004507
5.0049133
5.005319
5.005725
5.0061307
5.006536
5.006942
5.007347
5.0077524
5.0081577
5.008563
5.008968
5.009373
5.009778
5.010183
5.0105877
5.010992
5.0113964
5.0118012
5.0122056
5.01261
5.013014
5.013418
5.013822
5.014226
5.01463
5.0150337
5.015437
5.015841
5.0162444
5.016648
5.017051
5.017454
5.0178576
5.0182605
5.0186634
5.0190663
5.019469
5.0198717
5.020274
5.0206766
5.021079
5.0214815
5.021884
5.022286
5.022688
5.02309
5.023492
5.023894
5.0242953
5.024697
5.0250983
5.0255
5.0259013
5.026303
5.026704
5.027105
5.027506
5.027907
5.028308
5.0287085
5.029109
5.0295095
5.02991
5.0303106
5.0307107
5.0311112
5.0315113
5.0319114
5.032311
5.032711
5.0331106
5.0335107
5.0339103
5.03431
5.034709
5.0351086
5.0355077
5.035907
5.036306
5.036705
5.0371037
5.037503
5.0379014
5.0383
5.0386987
5.0390973
5.0394955
5.0398936
5.0402923
5.0406904
5.041088
5.0414863
5.041884
5.0422816
5.04268
5.043077
5.0434747
5.0438724
5.0442696
5.044667
5.045064
5.045461
5.045858
5.046255
5.046652
5.0470486
5.0474453
5.047842
5.0482383
5.0486345
5.049031
5.049427
5.0498233
5.0502195
5.0506153
5.0510116
5.0514073
5.0518026
5.0521984
5.052594
5.0529895
5.053385
5.05378
5.0541754
5.0545707
5.0549655
5.0553603
5.055755
5.05615
5.056545
5.056939
5.057334
5.0577283
5.0581226
5.058517
5.058911
5.059305
5.059699
5.060093
5.060487
5.0608807
5.0612745
5.061668
5.0620613
5.0624547
5.062848
5.0632415
5.063635
5.064028
5.0644207
5.0648136
5.0652065
5.065599
5.065992
5.0663843
5.0667768
5.067169
5.0675616
5.0679536
5.068346
5.068738
5.06913
5.069522
5.0699134
5.0703053
5.070697
5.0710883
5.07148
5.0718713
5.072263
5.072654
5.073045
5.0734363
5.0738273
5.074218
5.074609
5.0749993
5.07539
5.0757804
5.076171
5.0765615
5.0769515
5.077342
5.077732
5.078122
5.0785117
5.078902
5.079292
5.0796814
5.080071
5.0804605
5.08085
5.081239
5.0816283
5.082018
5.082407
5.082796
5.0831847
5.083574
5.0839624
5.084351
5.0847397
5.0851283
5.085517
5.085905
5.0862937
5.086682
5.08707
5.0874577
5.087846
5.0882335
5.0886216
5.0890093
5.089397
5.089784
5.090172
5.090559
5.0909467
5.091334
5.091721
5.092108
5.0924945
5.0928817
5.0932684
5.093655
5.094042
5.094428
5.094815
5.095201
5.0955873
5.095974
5.0963597
5.096746
5.0971317
5.097518
5.0979037
5.0982895
5.098675
5.0990605
5.099446
5.0998316
5.1002164
5.100602
5.1009865
5.101372
5.1017566
5.102141
5.1025257
5.10291
5.1032944
5.1036787
5.104063
5.104447
5.104831
5.105215
5.105599
5.105983
5.1063666
5.10675
5.107134
5.1075172
5.1079006
5.108284
5.1086674
5.1090503
5.1094337
5.1098166
5.1101995
5.1105824
5.1109653
5.1113477
5.11173
5.112113
5.1124954
5.112878
5.11326
5.1136417
5.114024
5.114406
5.114788
5.11517
5.115552
5.1159334
5.116315
5.1166964
5.1170783
5.11746
5.117841
5.118222
5.118603
5.118984
5.119365
5.119746
5.120127
5.1205077
5.120888
5.1212687
5.1216493
5.12203
5.1224103
5.1227903
5.123171
5.123551
5.1239305
5.1243105
5.1246905
5.1250706
5.12545
5.1258297
5.1262093
5.126589
5.126968
5.1273475
5.1277266
5.1281056
5.1284847
5.128864
5.1292424
5.1296215
5.13
5.1303787
5.1307573
5.131136
5.1315145
5.1318927
5.132271
5.132649
5.133027
5.133405
5.1337833
5.134161
5.1345387
5.134917
5.135294
5.1356716
5.1360493
5.1364264
5.1368036
5.137181
5.1375585
5.1379356
5.1383123
5.1386895
5.139066
5.139443
5.1398196
5.140196
5.1405725
5.1409492
5.1413255
5.1417017
5.142078
5.142454
5.1428304
5.143206
5.143582
5.1439576
5.1443334
5.144709
5.145085
5.14546
5.1458354
5.1462107
5.146586
5.146961
5.1473365
5.1477113
5.1480865
5.1484613
5.148836
5.149211
5.1495852
5.14996
5.1503344
5.150709
5.1510835
5.1514573
5.1518316
5.1522055
5.15258
5.1529536
5.1533275
5.1537013
5.154075
5.1544485
5.1548223
5.1551957
5.155569
5.1559424
5.1563153
5.1566887
5.1570616
5.1574345
5.157808
5.15818
5.158553
5.158926
5.1592984
5.1596713
5.1600437
5.160416
5.160788
5.1611605
5.1615324
5.161905
5.1622767
5.162648
5.16302
5.163392
5.1637635
5.1641355
5.164507
5.1648784
5.16525
5.165621
5.1659923
5.1663632
5.166734
5.167105
5.167476
5.167847
5.1682177
5.1685886
5.168959
5.1693296
5.1697
5.1700706
5.1704407
5.170811
5.171181
5.171551
5.1719213
5.1722913
5.172661
5.173031
5.1734004
5.17377
5.1741395
5.174509
5.174878
5.1752477
5.1756167
5.175986
5.176355
5.176724
5.177093
5.1774616
5.1778307
5.1781993
5.178568
5.1789365
5.179305
5.179673
5.1800413
5.18041
5.180778
5.181146
5.181514
5.181882
5.18225
5.1826177
5.1829853
5.183353
5.1837206
5.1840878
5.1844554
5.1848226
5.1851897
5.185557
5.185924
5.186291
5.186658
5.187025
5.1873918
5.1877584
5.188125
5.188492
5.188858
5.1892247
5.189591
5.189957
5.1903234
5.1906896
5.191056
5.1914215
5.1917872
5.192153
5.192519
5.1928844
5.19325
5.193616
5.193981
5.1943464
5.1947117
5.195077
5.195442
5.195807
5.196172
5.196537
5.196902
5.1972666
5.1976314
5.1979957
5.1983604
5.1987247
5.1990895
5.199454
5.199818
5.200182
5.2005463
5.20091
5.2012744
5.2016377
5.2020016
5.2023654
5.202729
5.2030926
5.2034564
5.2038198
5.204183
5.204546
5.2049093
5.2052727
5.2056355
5.2059984
5.2063613
5.206724
5.207087
5.20745
5.2078123
5.2081747
5.208537
5.2088995
5.209262
5.2096243
5.209986
5.2103486
5.2107105
5.2110724
5.2114344
5.2117963
5.2121577
5.2125196
5.212881
5.2132425
5.213604
5.2139654
5.2143264
5.214688
5.215049
5.2154098
5.2157707
5.2161317
5.2164927
5.216853
5.217214
5.2175746
5.217935
5.2182956
5.218656
5.2190166
5.2193766
5.2197366
5.2200966
5.220457
5.220817
5.2211766
5.2215366
5.221896
5.222256
5.2226157
5.2229753
5.2233343
5.223694
5.2240534
5.2244124
5.2247715
5.2251306
5.2254896
5.2258487
5.2262073
5.2265663
5.226925
5.2272835
5.227642
5.2280006
5.2283587
5.2287173
5.2290754
5.2294335
5.229792
5.23015
5.230508
5.230866
5.2312236
5.2315817
5.2319393
5.232297
5.2326546
5.2330117
5.2333694
5.2337265
5.2340837
5.234441
5.2347984
5.235155
5.2355123
5.235869
5.236226
5.2365828
5.2369394
5.2372956
5.2376523
5.238009
5.238365
5.238722
5.239078
5.2394342
5.23979
5.240146
5.2405024
5.240858
5.241214
5.2415695
5.2419252
5.242281
5.2426367
5.242992
5.243347
5.243703
5.2440577
5.244413
5.244768
5.2451234
5.245478
5.245833
5.2461877
5.2465425
5.246897
5.247252
5.2476063
5.247961
5.2483153
5.2486696
5.249024
5.249378
5.249732
5.2500863
5.25044
5.250794
5.2511477
5.2515016
5.2518554
5.2522087
5.2525625
5.252916
5.253269
5.2536225
5.253976
5.254329
5.254682
5.2550354
5.2553883
5.255741
5.256094
5.2564464
5.256799
5.257152
5.2575045
5.257857
5.258209
5.2585616
5.258914
5.259266
5.2596183
5.25997
5.260322
5.260674
5.261026
5.261378
5.2617292
5.262081
5.2624326
5.262784
5.2631354
5.263487
5.2638383
5.2641892
5.2645407
5.2648916
5.2652426
5.2655935
5.2659445
5.266295
5.2666454
5.2669954
5.267346
5.2676964
5.2680464
5.2683964
5.268747
5.2690964
5.2694464
5.2697964
5.2701464
5.270496
5.2708454
5.271195
5.2715445
5.271894
5.272243
5.2725925
5.2729416
5.2732906
5.2736397
5.2739887
5.274338
5.274687
5.2750354
5.275384
5.275733
5.2760816
5.27643
5.276778
5.277127
5.277475
5.2778234
5.2781715
5.2785196
5.2788672
5.279216
5.2795634
5.279911
5.280259
5.2806067
5.2809544
5.281302
5.281649
5.2819967
5.282344
5.282691
5.2830386
5.2833858
5.283733
5.2840796
5.2844267
5.2847733
5.28512
5.285467
5.2858133
5.28616
5.2865067
5.286853
5.2871995
5.2875457
5.287892
5.288238
5.288584
5.2889304
5.289276
5.2896223
5.289968
5.2903137
5.2906594
5.291005
5.2913504
5.291696
5.2920413
5.2923865
5.292732
5.293077
5.293422
5.2937675
5.294112
5.2944574
5.294802
5.295147
5.2954917
5.2958364
5.296181
5.2965255
5.2968698
5.2972145
5.297559
5.297903
5.2982473
5.298591
5.2989354
5.299279
5.299623
5.2999673
5.300311
5.3006544
5.300998
5.301342
5.3016853
5.3020287
5.302372
5.3027153
5.3030586
5.303402
5.303745
5.304088
5.304431
5.304774
5.3051167
5.3054595
5.3058023
5.3061447
5.3064876
5.30683
5.3071723
5.3075147
5.307857
5.308199
5.3085413
5.308883
5.3092256
5.3095675
5.3099093
5.310251
5.3105927
5.3109345
5.311276
5.3116174
5.3119593
5.3123007
5.312642
5.312983
5.3133245
5.313666
5.314007
5.3143477
5.3146887
5.3150296
5.3153706
5.315711
5.316052
5.3163924
5.316733
5.3170733
5.317414
5.3177543
5.3180947
5.3184347
5.3187747
5.319115
5.3194547
5.3197947
5.3201346
5.3204746
5.3208146
5.321154
5.3214936
5.321833
5.3221726
5.322512
5.322851
5.3231907
5.32353
5.323869
5.3242083
5.3245473
5.3248863
5.325225
5.325564
5.3259025
5.3262415
5.32658
5.3269186
5.327257
5.327595
5.327934
5.3282723
5.3286104
5.3289485
5.3292866
5.3296247
5.3299627
5.3303003
5.3306384
5.330976
5.3313136
5.331651
5.331989
5.3323264
5.332664
5.333001
5.3333387
5.333676
5.334013
5.33435
5.334687
5.3350244
5.335361
5.3356977
5.336035
5.3363714
5.336708
5.3370447
5.337381
5.3377175
5.3380537
5.3383904
5.3387265
5.3390627
5.339399
5.339735
5.3400707
5.340407
5.3407426
5.3410783
5.3414145
5.34175
5.3420854
5.342421
5.3427567
5.343092
5.343427
5.3437624
5.3440976
5.344433
5.344768
5.345103
5.345438
5.3457727
5.3461075
5.346442
5.346777
5.3471117
5.3474464
5.3477807
5.3481154
5.3484497
5.348784
5.349118
5.3494525
5.3497863
5.3501205
5.3504543
5.350788
5.3511224
5.351456
5.3517895
5.3521233
5.352457
5.3527904
5.353124
5.3534575
5.3537908
5.354124
5.3544574
5.35479
5.3551235
5.3554564
5.3557897
5.356122
5.3564553
5.356788
5.3571205
5.3574533
5.3577857
5.358118
5.358451
5.3587832
5.3591156
5.3594475
5.35978
5.360112
5.360444
5.360776
5.361108
5.3614397
5.3617716
5.3621035
5.362435
5.3627667
5.363098
5.3634295
5.363761
5.3640924
5.3644238
5.3647547
5.3650856
5.3654165
5.365747
5.366078
5.3664083
5.3667393
5.3670697
5.3674
5.3677306
5.368061
5.368391
5.3687215
5.3690515
5.3693814
5.369712
5.370042
5.3703713
5.3707013
5.3710313
5.371361
5.3716903
5.3720202
5.3723497
5.372679
5.3730083
5.3733377
5.373667
5.3739963
5.3743253
5.374655
5.3749833
5.3753123
5.3756413
5.37597
5.376299
5.3766274
5.3769565
5.377285
5.3776135
5.3779416
5.37827
5.378598
5.3789268
5.379255
5.3795834
5.379911
5.380239
5.380567
5.380895
5.3812227
5.3815503
5.3818784
5.382206
5.3825336
5.382861
5.3831882
5.383516
5.383843
5.3841705
5.3844976
5.3848248
5.385152
5.385479
5.3858056
5.3861327
5.3864594
5.386786
5.3871126
5.3874393
5.387766
5.3880925
5.388419
5.3887453
5.3890715
5.389398
5.3897243
5.3900504
5.3903766
5.3907022
5.3910284
5.391354
5.3916802
5.392006
5.3923316
5.3926573
5.392983
5.393308
5.393634
5.393959
5.3942842
5.39461
5.3949347
5.39526
5.395585
5.3959103
5.396235
5.39656
5.396885
5.3972096
5.3975344
5.397859
5.3981833
5.398508
5.3988323
5.399157
5.3994813
5.3998055
5.40013
5.400454
5.4007783
5.401102
5.401426
5.40175
5.402074
5.4023976
5.4027214
5.403045
5.4033685
5.4036922
5.4040155
5.404339
5.404662
5.404986
5.405309
5.405632
5.4059553
5.406278
5.4066014
5.4069242
5.407247
5.40757
5.4078927
5.4082155
5.408538
5.4088607
5.409183
5.4095054
5.4098277
5.41015
5.4104724
5.4107947
5.4111166
5.411439
5.411761
5.4120827
5.4124045
5.4127264
5.4130483
5.41337
5.4136915
5.4140134
5.414335
5.414656
5.4149776
5.415299
5.4156203
5.4159417
5.4162626
5.4165835
5.416905
5.417226
5.4175467
5.4178677
5.418188
5.418509
5.41883
5.4191504
5.419471
5.4197917
5.420112
5.420432
5.4207525
5.421073
5.421393
5.4217134
5.4220333
5.4223533
5.422673
5.422993
5.423313
5.4236326
5.4239526
5.424272
5.4245915
5.424911
5.4252305
5.42555
5.4258695
5.426189
5.426508
5.426827
5.4271464
5.4274654
5.4277844
5.4281034
5.428422
5.428741
5.4290595
5.4293785
5.429697
5.4300156
5.430334
5.4306526
5.430971
5.431289
5.4316077
5.431926
5.432244
5.4325624
5.43288
5.433198
5.433516
5.433833
5.434151
5.4344683
5.434786
5.4351034
5.4354205
5.435738
5.436055
5.4363723
5.4366894
5.4370065
5.4373236
5.43764
5.437957
5.438274
5.4385905
5.438907
5.439224
5.4395404
5.439857
5.440173
5.44049
5.440806
5.4411225
5.4414387
5.441755
5.442071
5.4423866
5.442703
5.4430184
5.4433346
5.4436502
5.443966
5.4442816
5.4445972
5.444913
5.4452286
5.445544
5.4458594
5.4461746
5.44649
5.446805
5.44712
5.447435
5.44775
5.4480653
5.44838
5.4486947
5.4490094
5.4493246
5.4496393
5.4499536
5.4502683
5.450583
5.450897
5.4512115
5.451526
5.45184
5.452154
5.4524684
5.4527826
5.453097
5.4534106
5.4537244
5.454038
5.454352
5.4546657
5.4549794
5.455293
5.455607
5.45592
5.4562335
5.456547
5.4568605
5.457174
5.4574866
5.4578
5.458113
5.458426
5.4587393
5.459052
5.459365
5.4596777
5.4599905
5.4603033
5.4606156
5.4609284
5.461241
5.461553
5.461866
5.4621778
5.46249
5.4628024
5.4631147
5.463427
5.463739
5.464051
5.4643626
5.4646745
5.4649863
5.465298
5.46561
5.4659214
5.4662333
5.4665446
5.466856
5.4671674
5.4674788
5.46779
5.4681015
5.468413
5.468724
5.469035
5.469346
5.469657
5.469968
5.4702787
5.4705896
5.4709
5.471211
5.4715214
5.471832
5.4721427
5.472453
5.472763
5.4730735
5.473384
5.473694
5.4740043
5.474314
5.474624
5.4749346
5.4752445
5.475554
5.475864
5.476174
5.4764833
5.4767933
5.4771028
5.477412
5.4777217
5.478031
5.47834
5.4786496
5.478959
5.479268
5.479577
5.4798865
5.4801955
5.480504
5.480813
5.481122
5.481431
5.4817395
5.482048
5.482357
5.4826655
5.482974
5.4832826
5.4835906
5.483899
5.484207
5.4845157
5.4848237
5.4851317
5.48544
5.485748
5.486056
5.4863634
5.4866714
5.4869785
5.487286
5.4875937
5.487901
5.4882083
5.488516
5.488823
5.48913
5.489437
5.489744
5.490051
5.490358
5.490665
5.4909716
5.491278
5.491585
5.4918914
5.4921985
5.4925046
5.492811
5.493118
5.493424
5.49373
5.4940367
5.494343
5.494649
5.494955
5.495261
5.495567
5.4958725
5.4961786
5.4964843
5.49679
5.4970956
5.497401
5.497707
5.4980125
5.498318
5.4986234
5.4989285
5.499234
5.4995394
5.4998446
5.5001493
5.5004544
5.5007596
5.501065
5.5013695
5.501674
5.5019794
5.502284
5.5025887
5.502893
5.5031977
5.5035024
5.5038066
5.5041113
5.5044155
5.5047197
5.505024
5.505328
5.505632
5.505936
5.5062404
5.506544
5.5068483
5.507152
5.507456
5.5077596
5.5080633
5.5083666
5.5086703
5.508974
5.5092773
5.5095806
5.509884
5.5101876
5.5104904
5.5107937
5.511097
5.5114
5.511703
5.512006
5.512309
5.512612
5.5129147
5.5132174
5.51352
5.5138226
5.5141253
5.5144277
5.51473
5.515033
5.515335
5.515637
5.5159397
5.5162416
5.516544
5.5168457
5.517148
5.51745
5.5177517
5.5180535
5.5183554
5.518657
5.5189586
5.5192604
5.5195622
5.5198636
5.520165
5.520467
5.5207677
5.521069
5.5213704
5.521672
5.5219727
5.522274
5.522575
5.522876
5.523177
5.5234776
5.5237784
5.5240793
5.52438
5.5246806
5.5249815
5.525282
5.5255823
5.5258827
5.526183
5.5264835
5.526784
5.527084
5.5273843
5.527684
5.5279846
5.5282845
5.5285845
5.5288844
5.529184
5.529484
5.5297832
5.530083
5.530382
5.5306816
5.530981
5.53128
5.5315795
5.5318785
5.5321774
5.5324764
5.532776
5.5330744
5.5333734
5.5336723
5.533971
5.5342693
5.5345683
5.534867
5.5351653
5.535464
5.5357623
5.536061
5.5363593
5.5366573
5.5369554
5.537254
5.537552
5.53785
5.538148
5.538446
5.5387435
5.5390415
5.5393395
5.539637
5.5399346
5.540232
5.5405297
5.5408273
5.541125
5.5414224
5.54172
5.542017
5.542314
5.5426116
5.5429087
5.5432057
5.543503
5.5438
5.5440965
5.5443935
5.5446906
5.544987
5.545284
5.5455804
5.545877
5.5461736
5.54647
5.5467668
5.547063
5.5473595
5.5476556
5.547952
5.5482483
5.5485444
5.5488405
5.5491366
5.5494323
5.5497284
5.550024
5.55032
5.550616
5.5509114
5.551207
5.5515027
5.5517983
5.5520935
5.552389
5.552685
5.55298
5.553275
5.5535707
5.5538654
5.5541606
5.5544558
5.554751
5.5550456
5.555341
5.5556355
5.5559306
5.5562253
5.55652
5.5568147
5.5571094
5.5574036
5.5576982
5.557993
5.558287
5.5585814
5.5588756
5.55917
5.559464
5.559758
5.5600524
5.5603466
5.5606403
5.560934
5.5612283
5.561522
5.5618157
5.5621095
5.5624027
5.5626965
5.56299
5.5632834
5.563577
5.5638704
5.5641637
5.5644574
5.5647507
5.5650434
5.5653367
5.56563
5.5659227
5.566216
5.5665083
5.566801
5.567094
5.567386
5.567679
5.567971
5.5682635
5.568556
5.568848
5.5691404
5.5694327
5.5697246
5.570017
5.5703087
5.570601
5.570893
5.5711846
5.5714765
5.5717683
5.57206
5.5723515
5.5726433
5.5729346
5.5732265
5.573518
5.573809
5.5741005
5.574392
5.574683
5.574974
5.5752654
5.5755563
5.5758476
5.5761385
5.5764294
5.57672
5.577011
5.577302
5.577593
5.5778832
5.578174
5.5784645
5.5787554
5.579046
5.579336
5.5796266
5.579917
5.580207
5.5804973
5.580787
5.5810776
5.5813675
5.5816574
5.5819473
5.5822372
5.582527
5.582817
5.583107
5.5833964
5.5836864
5.583976
5.584265
5.5845547
5.584844
5.5851336
5.585423
5.5857124
5.5860014
5.586291
5.58658
5.5868692
5.587158
5.587447
5.587736
5.588025
5.5883136
5.5886025
5.588891
5.58918
5.5894685
5.589757
5.5900455
5.590334
5.5906224
5.590911
5.5911994
5.5914874
5.591776
5.592064
5.592352
5.5926404
5.5929284
5.593216
5.593504
5.593792
5.5940795
5.5943675
5.594655
5.594943
5.5952306
5.595518
5.5958056
5.596093
5.5963807
5.596668
5.5969553
5.5972424
5.59753
5.597817
5.598104
5.598391
5.598678
5.5989647
5.5992513
5.599538
5.5998244
5.600111
5.6003976
5.600684
5.6009703
5.601257
5.601543
5.601829
5.6021156
5.6024017
5.602688
5.602974
5.6032596
5.6035457
5.6038313
5.6041174
5.604403
5.6046886
5.6049743
5.6052604
5.605546
5.605831
5.606117
5.6064024
5.6066875
5.6069727
5.6072583
5.6075435
5.6078286
5.608114
5.608399
5.608684
5.6089687
5.609254
5.6095386
5.6098237
5.6101084
5.610393
5.6106777
5.6109624
5.611247
5.6115313
5.611816
5.6121
5.612385
5.612669
5.612953
5.6132374
5.613522
5.6138062
5.61409
5.614374
5.614658
5.614942
5.615226
5.6155095
5.615793
5.6160774
5.616361
5.6166444
5.616928
5.617212
5.6174955
5.617779
5.618062
5.6183453
5.6186285
5.618912
5.619195
5.619478
5.6197615
5.6200447
5.6203275
5.62061
5.620893
5.6211762
5.621459
5.621742
5.6220245
5.622307
5.6225896
5.6228724
5.6231546
5.623437
5.6237197
5.624002
5.6242843
5.6245666
5.624849
5.6251307
5.625413
5.625695
5.625977
5.626259
5.626541
5.626823
5.6271048
5.627386
5.627668
5.6279497
5.6282315
5.628513
5.628794
5.6290755
5.6293564
5.6296377
5.6299186
5.6302
5.630481
5.6307616
5.631043
5.631324
5.631604
5.631885
5.632166
5.632447
5.632727
5.6330075
5.6332884
5.633569
5.633849
5.6341295
5.63441
5.6346903
5.63497
5.6352506
5.635531
5.635811
5.6360908
5.6363707
5.636651
5.636931
5.6372104
5.6374903
5.63777
5.6380496
5.6383295
5.638609
5.638889
5.6391683
5.6394477
5.639727
5.6400065
5.6402855
5.640565
5.6408443
5.6411233
5.6414027
5.6416817
5.6419606
5.6422396
5.6425185
5.6427975
5.6430764
5.643355
5.643634
5.6439123
5.644191
5.6444697
5.644748
5.6450267
5.645305
5.6455836
5.6458616
5.64614
5.6464186
5.6466966
5.646975
5.647253
5.647531
5.647809
5.648087
5.648365
5.6486425
5.6489205
5.649198
5.649476
5.6497536
5.650031
5.650309
5.6505866
5.6508636
5.651141
5.6514187
5.651696
5.6519732
5.652251
5.652528
5.652805
5.6530824
5.6533594
5.653636
5.653913
5.65419
5.654467
5.6547437
5.6550207
5.6552973
5.655574
5.6558504
5.656127
5.6564035
5.65668
5.656956
5.6572323
5.6575084
5.6577845
5.6580606
5.6583366
5.6586123
5.6588883
5.659164
5.65944
5.6597157
5.6599913
5.6602674
5.660543
5.6608186
5.661094
5.6613693
5.661645
5.66192
5.662195
5.662471
5.662746
5.663021
5.663296
5.6635714
5.6638465
5.6641216
5.6643963
5.6646714
5.664946
5.6652207
5.6654954
5.66577
5.6660447
5.6663194
5.666594
5.6668687
5.6671433
5.6674175
5.667692
5.6679664
5.6682405
5.6685147
5.668789
5.669063
5.6693373
5.6696115
5.669885
5.6701593
5.670433
5.6707067
5.670981
5.6712546
5.6715283
5.671802
5.6720757
5.6723495
5.6726227
5.6728964
5.67317
5.6734433
5.6737165
5.67399
5.674263
5.674536
5.6748095
5.6750827
5.675356
5.6756287
5.6759014
5.6761746
5.6764474
5.6767206
5.6769934
5.6772656
5.6775384
5.677811
5.678084
5.6783566
5.678629
5.678901
5.6791735
5.679446
5.6797185
5.679991
5.680263
5.6805353
5.680807
5.68108
5.6813517
5.6816235
5.6818953
5.6821675
5.6824393
5.682711
5.682983
5.6832542
5.6835265
5.683798
5.684069
5.6843405
5.684612
5.684883
5.685154
5.6854253
5.6856966
5.6859674
5.686239
5.686509
5.6867805
5.6870513
5.687322
5.687593
5.6878633
5.688134
5.6884046
5.6886754
5.688946
5.6892166
5.689487
5.6897573
5.6900277
5.690298
5.6905684
5.6908383
5.6911087
5.6913786
5.691649
5.691919
5.692189
5.6924586
5.692729
5.6929984
5.693269
5.693538
5.693808
5.6940775
5.6943474
5.694617
5.6948867
5.6951556
5.6954255
5.6956944
5.6959643
5.6962333
5.6965027
5.6967716
5.697041
5.69731
5.6975794
5.6978483
5.6981173
5.698386
5.698655
5.698924
5.699193
5.699462
5.6997304
5.6999993
5.7002673
5.7005363
5.7008047
5.701073
5.7013416
5.70161
5.7018785
5.7021465
5.702415
5.702683
5.7029514
5.7032194
5.7034874
5.703756
5.7040234
5.704292
5.7045593
5.7048273
5.7050953
5.705363
5.705631
5.7058983
5.706166
5.706434
5.7067013
5.706969
5.7072363
5.7075033
5.707771
5.7080383
5.7083054
5.708573
5.70884
5.709107
5.7093744
5.709641
5.709908
5.7101755
5.710442
5.710709
5.710976
5.711242
5.7115088
5.7117753
5.712042
5.7123084
5.712575
5.712841
5.713107
5.713373
5.7136397
5.713906
5.714172
5.714438
5.714704
5.71497
5.7152357
5.7155013
5.7157674
5.716033
5.7162986
5.7165647
5.7168303
5.717096
5.7173615
5.717627
5.717892
5.718158
5.7184234
5.7186885
5.7189536
5.7192187
5.719484
5.719749
5.720014
5.720279
5.7205443
5.720809
5.721074
5.7213387
5.721604
5.7218685
5.722133
5.722398
5.7226624
5.722927
5.7231917
5.7234564
5.723721
5.723985
5.72425
5.724514
5.724778
5.7250423
5.7253065
5.7255707
5.725835
5.726099
5.726363
5.7266273
5.726891
5.727155
5.727419
5.727683
5.7279468
5.7282104
5.728474
5.7287374
5.729001
5.7292647
5.729528
5.7297916
5.730055
5.730318
5.7305818
5.730845
5.731108
5.7313714
5.7316346
5.731898
5.7321606
5.732424
5.7326865
5.7329497
5.733213
5.7334757
5.7337384
5.734001
5.7342634
5.734526
5.734789
5.7350516
5.7353144
5.7355766
5.735839
5.736101
5.736364
5.736626
5.7368884
5.7371507
5.737413
5.7376747
5.7379375
5.738199
5.738461
5.7387233
5.738985
5.7392473
5.739509
5.7397704
5.740032
5.740294
5.740556
5.7408166
5.7410784
5.7413397
5.741601
5.7418623
5.7421236
5.7423844
5.7426457
5.7429066
5.7431674
5.7434287
5.7436895
5.743951
5.744211
5.7444725
5.744733
5.7449937
5.7452545
5.7455153
5.7457757
5.746036
5.7462964
5.746557
5.7468176
5.747078
5.7473383
5.7475986
5.7478585
5.748119
5.748379
5.748639
5.7488995
5.7491593
5.7494197
5.749679
5.7499394
5.750199
5.7504587
5.7507186
5.7509785
5.7512383
5.7514977
5.751757
5.752017
5.7522764
5.752536
5.752795
5.7530546
5.753314
5.7535734
5.753833
5.7540917
5.754351
5.75461
5.754869
5.7551284
5.7553873
5.755646
5.755905
5.756164
5.7564225
5.7566814
5.7569404
5.757199
5.7574577
5.757716
5.7579746
5.758233
5.758492
5.7587504
5.7590084
5.759267
5.7595253
5.7597837
5.7600417
5.7603
5.760558
5.760816
5.7610745
5.7613325
5.7615905
5.761848
5.762106
5.762364
5.762622
5.7628794
5.7631373
5.763395
5.763653
5.7639103
5.764168
5.7644253
5.764683
5.7649403
5.7651978
5.765455
5.7657123
5.7659693
5.766227
5.766484
5.7667413
5.766998
5.767255
5.767512
5.767769
5.768026
5.768283
5.76854
5.7687964
5.769053
5.7693095
5.7695665
5.769823
5.7700796
5.770336
5.7705927
5.770849
5.771106
5.7713623
5.7716184
5.7718744
5.772131
5.772387
5.772643
5.772899
5.7731547
5.773411
5.7736664
5.773922
5.774178
5.7744336
5.774689
5.774945
5.7752
5.7754555
5.775711
5.7759666
5.7762218
5.7764773
5.7767324
5.776988
5.777243
5.7774982
5.777753
5.7780085
5.7782636
5.778518
5.7787733
5.7790284
5.779283
5.7795377
5.779793
5.7800474
5.780302
5.7805567
5.7808113
5.781066
5.78132
5.7815747
5.7818294
5.7820835
5.782338
5.7825923
5.7828465
5.783101
5.783355
5.7836094
5.7838635
5.7841177
5.7843714
5.7846255
5.7848797
5.7851334
5.7853875
5.785641
5.785895
5.7861485
5.786402
5.786656
5.7869096
5.7871633
5.7874165
5.78767
5.787924
5.788177
5.7884307
5.7886834
5.788937
5.7891903
5.7894435
5.7896967
5.78995
5.7902026
5.790456
5.790709
5.7909617
5.7912145
5.7914677
5.7917204
5.791973
5.792226
5.792479
5.7927313
5.792984
5.7932363
5.793489
5.793741
5.793994
5.7942467
5.794499
5.794751
5.7950034
5.7952557
5.795508
5.79576
5.7960124
5.796264
5.7965164
5.796768
5.7970204
5.7972727
5.797524
5.797776
5.798028
5.7982793
5.7985315
5.798783
5.7990346
5.7992864
5.7995377
5.7997894
5.8000407
5.8002925
5.8005433
5.800795
5.8010464
5.8012977
5.801549
5.8018003
5.802051
5.8023024
5.802553
5.8028045
5.8030553
5.803306
5.8035574
5.803808
5.804059
5.80431
5.80456
5.804811
5.805062
5.8053126
5.805563
5.8058133
5.806064
5.8063145
5.8065653
5.806815
5.8070655
5.807316
5.807566
5.8078165
5.808067
5.8083167
5.808567
5.808817
5.809067
5.8093166
5.809567
5.8098164
5.810066
5.8103156
5.8105655
5.810815
5.8110647
5.811314
5.8115635
5.8118124
5.812062
5.812311
5.8125606
5.81281
5.813059
5.813308
5.813557
5.813806
5.814055
5.8143044
5.814553
5.8148017
5.8150506
5.8152995
5.8155484
5.815797
5.8160458
5.816294
5.816543
5.8167915
5.81704
5.8172884
5.817537
5.8177853
5.8180337
5.818282
5.8185306
5.8187785
5.819027
5.819275
5.819523
5.8197713
5.8200192
5.820267
5.820515
5.820763
5.821011
5.821259
5.8215065
5.8217545
5.8220024
5.82225
5.8224974
5.8227453
5.8229923
5.8232403
5.8234878
5.823735
5.8239827
5.8242297
5.824477
5.824724
5.8249717
5.8252187
5.825466
5.825713
5.82596
5.826207
5.826454
5.826701
5.826948
5.827195
5.827442
5.8276887
5.8279357
5.828182
5.828429
5.8286757
5.8289223
5.829169
5.8294153
5.829662
5.8299084
5.830155
5.830401
5.8306475
5.8308935
5.83114
5.831386
5.8316326
5.8318787
5.8321247
5.8323708
5.832617
5.832863
5.833109
5.8333545
5.8336005
5.8338466
5.834092
5.8343377
5.8345838
5.8348293
5.835075
5.8353205
5.835566
5.835811
5.8360567
5.8363023
5.836548
5.836793
5.8370385
5.8372836
5.8375287
5.837774
5.8380194
5.8382645
5.8385096
5.838754
5.8389993
5.8392444
5.8394895
5.8397346
5.839979
5.840224
5.8404684
5.8407135
5.840958
5.8412027
5.8414474
5.841692
5.841936
5.8421807
5.8424253
5.84267
5.842914
5.8431587
5.843403
5.843647
5.843891
5.8441353
5.8443794
5.8446236
5.8448677
5.845112
5.8453555
5.8455997
5.8458433
5.8460875
5.846331
5.8465753
5.846819
5.8470626
5.8473063
5.84755
5.8477936
5.848037
5.8482804
5.848524
5.8487673
5.8490105
5.849254
5.8494973
5.849741
5.849984
5.8502274
5.8504705
5.8507137
5.8509564
5.8511996
5.851443
5.8516855
5.8519287
5.852172
5.8524146
5.8526573
5.8529
5.8531427
5.8533854
5.853628
5.8538704
5.854113
5.8543553
5.8545976
5.85484
5.855082
5.8553243
5.8555665
5.8558083
5.856051
5.8562927
5.856535
5.8567767
5.857019
5.85726
5.8575025
5.857744
5.857986
5.8582277
5.8584695
5.858711
5.858953
5.8591943
5.859436
5.8596773
5.859919
5.86016
5.8604016
5.860643
5.860884
5.8611255
5.8613667
5.861608
5.8618493
5.86209
5.8623314
5.862572
5.8628135
5.8630543
5.863295
5.8635364
5.863777
5.864018
5.864259
5.8644996
5.86474
5.8649807
5.8652215
5.865462
5.8657026
5.865943
5.8661838
5.8664236
5.8666644
5.8669047
5.867145
5.8673854
5.8676257
5.867866
5.868106
5.868346
5.868586
5.8688264
5.869066
5.8693066
5.8695464
5.869786
5.870026
5.870266
5.870506
5.8707457
5.870985
5.871225
5.8714643
5.871704
5.8719435
5.8721833
5.8724227
5.872662
5.8729014
5.873141
5.87338
5.8736196
5.873859
5.874098
5.874337
5.874576
5.8748155
5.8750544
5.8752933
5.8755326
5.8757715
5.8760104
5.8762493
5.876488
5.876727
5.876966
5.8772044
5.8774433
5.877682
5.8779206
5.878159
5.878398
5.8786364
5.878875
5.879113
5.879351
5.87959
5.8798285
5.8800664
5.880305
5.8805428
5.880781
5.881019
5.8812575
5.8814955
5.8817334
5.8819714
5.8822093
5.8824472
5.882685
5.882923
5.8831606
5.8833985
5.8836365
5.883874
5.8841114
5.8843493
5.884587
5.8848243
5.8850617
5.885299
5.8855367
5.885774
5.8860116
5.886249
5.886486
5.8867235
5.8869605
5.8871975
5.887435
5.887672
5.887909
5.888146
5.888383
5.88862
5.888857
5.889094
5.889331
5.8895674
5.8898044
5.890041
5.8902774
5.8905144
5.890751
5.8909874
5.891224
5.8914604
5.891697
5.8919334
5.8921695
5.892406
5.892642
5.8928785
5.8931146
5.893351
5.893587
5.8938236
5.8940597
5.8942957
5.8945317
5.8947673
5.8950033
5.8952394
5.8954754
5.8957114
5.895947
5.8961825
5.8964186
5.896654
5.8968897
5.8971252
5.897361
5.8975964
5.897832
5.8980675
5.898303
5.8985386
5.8987737
5.8990088
5.8992443
5.8994794
5.8997145
5.89995
5.900185
5.90042
5.9006553
5.90089
5.901125
5.90136
5.901595
5.9018297
5.902065
5.9022994
5.902534
5.9027686
5.903003
5.9032373
5.903472
5.9037066
5.9039407
5.9041753
5.9044094
5.904644
5.904878
5.9051123
5.9053464
5.90558
5.905814
5.9060483
5.9062824
5.9065166
5.90675
5.906984
5.907218
5.9074516
5.9076858
5.9079194
5.908153
5.9083867
5.9086204
5.908854
5.909087
5.909321
5.9095545
5.909788
5.9100213
5.9102545
5.910488
5.9107213
5.9109545
5.911188
5.911421
5.911654
5.9118876
5.9121203
5.912353
5.9125867
5.9128194
5.913052
5.9132853
5.913518
5.913751
5.913984
5.9142165
5.914449
5.914682
5.9149146
5.915147
5.91538
5.915612
5.915845
5.916077
5.91631
5.916542
5.9167747
5.9170065
5.917239
5.9174714
5.9177036
5.9179354
5.918168
5.9184
5.918632
5.9188643
5.919096
5.919328
5.91956
5.9197917
5.920024
5.9202557
5.9204874
5.920719
5.920951
5.9211826
5.921414
5.9216456
5.9218774
5.9221087
5.9223404
5.922572
5.9228034
5.9230347
5.923266
5.9234977
5.9237285
5.9239597
5.924191
5.9244223
5.9246535
5.9248843
5.9251156
5.925347
5.9255776
5.9258084
5.926039
5.9262705
5.9265013
5.926732
5.926963
5.9271936
5.927424
5.9276547
5.9278855
5.9281163
5.9283466
5.9285774
5.928808
5.9290385
5.929269
5.929499
5.9297295
5.92996
5.93019
5.9304204
5.9306507
5.9308805
5.931111
5.9313407
5.931571
5.931801
5.932031
5.932261
5.9324913
5.932721
5.932951
5.933181
5.9334106
5.9336405
5.93387
5.9340997
5.934329
5.934559
5.934788
5.935018
5.9352474
5.9354773
5.9357066
5.9359355
5.9361653
5.9363947
5.936624
5.936853
5.9370823
5.9373116
5.937541
5.93777
5.937999
5.9382277
5.938457
5.938686
5.938915
5.9391437
5.939373
5.9396014
5.9398303
5.940059
5.9402876
5.9405165
5.9407454
5.9409738
5.941202
5.941431
5.9416595
5.941888
5.9421163
5.9423447
5.9425735
5.9428015
5.94303
5.9432583
5.9434867
5.9437146
5.9439425
5.944171
5.944399
5.9446273
5.944855
5.945083
5.945311
5.945539
5.945767
5.945995
5.946223
5.94645
5.946678
5.946906
5.9471335
5.947361
5.947589
5.9478164
5.948044
5.9482718
5.9484987
5.9487267
5.948954
5.949181
5.9494085
5.949636
5.949863
5.9500904
5.950318
5.950545
5.9507713
5.9509983
5.9512253
5.9514523
5.951679
5.9519057
5.9521327
5.952359
5.952586
5.9528127
5.953039
5.9532657
5.953492
5.9537187
5.953945
5.9541717
5.954398
5.954624
5.9548507
5.9550767
5.955303
5.955529
5.9557557
5.9559817
5.9562078
5.956434
5.95666
5.956886
5.957112
5.957338
5.957564
5.95779
5.9580154
5.958241
5.958467
5.9586926
5.9589186
5.959144
5.9593697
5.959595
5.959821
5.9600463
5.960272
5.9604974
5.960723
5.960948
5.9611735
5.961399
5.961624
5.961849
5.9620748
5.9623
5.962525
5.96275
5.962975
5.9632
5.963425
5.9636497
5.9638753
5.9641
5.964325
5.9645495
5.964774
5.964999
5.965224
5.965449
5.965673
5.965898
5.9661226
5.966347
5.9665713
5.9667964
5.9670205
5.967245
5.967469
5.967694
5.967918
5.9681425
5.9683666
5.9685907
5.9688153
5.969039
5.9692636
5.9694877
5.9697113
5.9699354
5.9701595
5.970383
5.9706073
5.9708314
5.971055
5.971279
5.971503
5.9717264
5.97195
5.9721737
5.972398
5.972621
5.9728446
5.973068
5.973292
5.973515
5.9737387
5.9739623
5.9741855
5.974409
5.9746323
5.9748554
5.9750786
5.9753017
5.975525
5.975748
5.975971
5.9761944
5.976417
5.97664
5.9768634
5.977086
5.977309
5.977532
5.977755
5.9779778
5.9782004
5.978423
5.978646
5.9788685
5.979091
5.979314
5.9795365
5.9797587
5.9799814
5.9802036
5.9804263
5.9806485
5.9808707
5.9810934
5.9813156
5.981538
5.9817605
5.9819827
5.9822044
5.9824266
5.982649
5.9828706
5.983093
5.983315
5.9835367
5.983759
5.9839807
5.9842024
5.9844246
5.9846463
5.984868
5.9850893
5.9853115
5.985533
5.9857545
5.985976
5.986198
5.986419
5.9866405
5.9868627
5.987084
5.987305
5.9875264
5.9877477
5.987969
5.9881907
5.9884114
5.9886327
5.988854
5.9890747
5.9892964
5.989517
5.9897385
5.9899592
5.99018
5.9904013
5.990622
5.990843
5.9910636
5.9912844
5.991505
5.991726
5.9919467
5.9921675
5.9923882
5.9926085
5.9928293
5.9930496
5.9932704
5.9934907
5.993711
5.993932
5.9941516
5.9943724
5.9945927
5.9948125
5.9950333
5.995253
5.9954734
5.9956937
5.9959135
5.9961333
5.996353
5.996573
5.996793
5.997012
5.997232
5.997452
5.9976716
5.997891
5.998111
5.99833
5.99855
5.9987693
5.9989886
5.999208
5.9994273
5.9996467
5.999866
6.0000854
6.0003047
6.000524
6.0007434
6.0009623
6.0011816
6.0014005
6.0016193
6.0018387
6.0020576
6.0022764
6.002496
6.0027146
6.002933
6.003152
6.003371
6.0035896
6.0038085
6.004027
6.0042458
6.0044646
6.004683
6.0049014
6.00512
6.0053387
6.005557
6.0057755
6.005994
6.006212
6.0064306
6.006649
6.006867
6.0070853
6.0073037
6.0075216
6.00774
6.007958
6.008176
6.0083942
6.008612
6.00883
6.009048
6.009266
6.009484
6.0097017
6.0099196
6.010137
6.010355
6.0105724
6.0107903
6.011008
6.0112257
6.011443
6.011661
6.0118785
6.012096
6.0123134
6.012531
6.0127482
6.0129657
6.0131826
6.0134
6.0136175
6.0138345
6.014052
6.014269
6.0144863
6.0147033
6.01492
6.015137
6.0153546
6.0155716
6.015788
6.016005
6.016222
6.016439
6.016656
6.0168724
6.0170894
6.0173063
6.017523
6.0177393
6.017956
6.0181723
6.018389
6.0186057
6.018822
6.0190387
6.019255
6.019471
6.0196877
6.019904
6.02012
6.0203366
6.020553
6.020769
6.020985
6.0212016
6.0214176
6.0216336
6.0218496
6.0220656
6.0222816
6.0224977
6.0227137
6.022929
6.023145
6.0233607
6.0235767
6.0237923
6.0240083
6.024224
6.02444
6.0246553
6.024871
6.0250864
6.025302
6.0255175
6.025733
6.0259485
6.0261636
6.026379
6.026594
6.0268097
6.027025
6.0272403
6.0274553
6.027671
6.027886
6.028101
6.028316
6.028531
6.028746
6.0289607
6.029176
6.029391
6.029606
6.029821
6.0300355
6.03025
6.030465
6.0306797
6.0308948
6.0311093
6.031324
6.0315385
6.0317526
6.0319676
6.0321817
6.032397
6.032611
6.0328255
6.0330396
6.033254
6.0334682
6.033683
6.033897
6.0341115
6.034325
6.0345397
6.034754
6.034968
6.035182
6.0353956
6.0356097
6.035824
6.036038
6.0362515
6.0364656
6.0366793
6.0368934
6.037107
6.0373206
6.037534
6.037748
6.0379615
6.0381746
6.0383883
6.0386014
6.038815
6.039028
6.039242
6.039455
6.039668
6.039881
6.0400944
6.0403075
6.0405207
6.040734
6.0409465
6.0411596
6.0413723
6.0415854
6.041798
6.0420113
6.042224
6.042437
6.0426497
6.0428624
6.043075
6.0432878
6.0435004
6.043713
6.043926
6.0441384
6.0443506
6.0445633
6.044776
6.044988
6.0452003
6.045413
6.0456257
6.0458374
6.0460496
6.0462623
6.0464745
6.0466866
6.046899
6.047111
6.0473228
6.047535
6.047747
6.047959
6.048171
6.0483828
6.048595
6.0488067
6.0490184
6.0492306
6.049442
6.049654
6.0498657
6.0500774
6.0502887
6.050501
6.050712
6.050924
6.051135
6.051347
6.051558
6.0517697
6.051981
6.052192
6.052404
6.052615
6.0528264
6.0530376
6.053249
6.05346
6.0536714
6.053882
6.0540934
6.0543046
6.0545154
6.0547266
6.054938
6.0551486
6.0553594
6.0555706
6.0557814
6.0559916
6.056203
6.0564137
6.0566244
6.0568347
6.0570455
6.057256
6.057467
6.0576777
6.057888
6.0580983
6.058309
6.0585194
6.0587296
6.0589404
6.0591507
6.059361
6.0595713
6.0597816
6.059992
6.060202
6.0604124
6.060622
6.0608325
6.0610423
6.0612526
6.0614624
6.0616727
6.0618825
6.062093
6.0623026
6.0625124
6.062722
6.062932
6.0631413
6.063351
6.063561
6.063771
6.0639806
6.0641904
6.0643997
6.064609
6.0648184
6.065028
6.065238
6.0654473
6.0656567
6.065866
6.0660753
6.0662847
6.066494
6.066703
6.0669127
6.0671215
6.067331
6.0675397
6.067749
6.067958
6.068167
6.068376
6.068585
6.0687943
6.069003
6.069212
6.069421
6.069629
6.0698385
6.070047
6.0702558
6.0704646
6.070673
6.070882
6.07109
6.071299
6.0715075
6.0717163
6.0719247
6.072133
6.0723414
6.07255
6.0727587
6.0729666
6.073175
6.0733833
6.0735917
6.0738
6.074008
6.0742164
6.0744243
6.074632
6.0748405
6.0750484
6.0752563
6.0754647
6.0756726
6.07588
6.076088
6.0762963
6.0765038
6.0767117
6.076919
6.0771265
6.077334
6.077542
6.0777493
6.0779567
6.078164
6.0783715
6.0785785
6.078786
6.0789933
6.0792003
6.0794077
6.0796146
6.079822
6.080029
6.0802364
6.0804434
6.0806503
6.0808573
6.081064
6.081271
6.081478
6.081685
6.081892
6.082099
6.0823054
6.0825124
6.0827193
6.082926
6.0831327
6.083339
6.0835457
6.083752
6.083959
6.0841656
6.084372
6.0845785
6.084785
6.0849915
6.085198
6.085404
6.0856104
6.085817
6.086023
6.0862293
6.0864353
6.086642
6.086848
6.0870543
6.08726
6.0874662
6.087672
6.087878
6.088084
6.08829
6.0884957
6.0887017
6.0889077
6.0891137
6.089319
6.089525
6.0897307
6.0899363
6.0901423
6.090348
6.0905533
6.0907593
6.090965
6.09117
6.091376
6.0915813
6.0917864
6.091992
6.0921974
6.0924025
6.092608
6.092813
6.0930185
6.093224
6.093429
6.093634
6.093839
6.094044
6.0942497
6.0944543
6.0946593
6.0948644
6.0950694
6.0952744
6.0954795
6.095684
6.095889
6.096094
6.0962987
6.0965033
6.0967083
6.096913
6.0971174
6.097322
6.0975266
6.097731
6.0979357
6.0981402
6.098345
6.0985494
6.098754
6.0989585
6.0991626
6.099367
6.099571
6.0997753
6.0999794
6.100184
6.100388
6.1005926
6.1007967
6.101001
6.1012044
6.1014085
6.101613
6.1018167
6.1020207
6.1022243
6.1024284
6.1026325
6.102836
6.10304
6.103244
6.1034474
6.103651
6.103855
6.1040587
6.1042624
6.104466
6.1046696
6.104873
6.105077
6.10528
6.1054835
6.105687
6.1058903
6.106094
6.106297
6.1065006
6.1067038
6.1069074
6.10711
6.1073136
6.107517
6.10772
6.1079226
6.108126
6.108329
6.108532
6.108735
6.108938
6.1091413
6.109344
6.1095467
6.10975
6.1099524
6.110155
6.110358
6.110561
6.1107635
6.110966
6.111169
6.1113715
6.111574
6.111777
6.111979
6.1121817
6.1123843
6.1125865
6.1127887
6.1129913
6.113194
6.113396
6.1135983
6.1138005
6.1140027
6.114205
6.1144075
6.1146097
6.114812
6.115014
6.115216
6.115418
6.1156197
6.115822
6.1160235
6.1162257
6.1164274
6.116629
6.1168313
6.117033
6.1172347
6.1174364
6.117638
6.1178403
6.118042
6.1182437
6.1184454
6.1186466
6.1188483
6.1190495
6.1192513
6.1194525
6.119654
6.1198554
6.120057
6.1202583
6.1204596
6.120661
6.120862
6.121063
6.1212645
6.1214657
6.121667
6.121868
6.122069
6.12227
6.1224713
6.122672
6.1228733
6.123074
6.1232753
6.123476
6.123677
6.1238775
6.1240783
6.1242795
6.12448
6.124681
6.1248813
6.125082
6.125283
6.1254835
6.125684
6.1258845
6.1260853
6.1262856
6.126486
6.126686
6.126887
6.127087
6.1272874
6.127488
6.127688
6.1278887
6.1280885
6.1282887
6.128489
6.1286893
6.1288896
6.1290894
6.1292896
6.1294894
6.1296897
6.1298895
6.1300898
6.1302896
6.1304893
6.130689
6.130889
6.1310887
6.1312885
6.1314883
6.131688
6.1318874
6.1320868
6.132286
6.1324854
6.1326847
6.1328835
6.133083
6.133282
6.133481
6.1336803
6.1338797
6.1340785
6.1342773
6.1344767
6.134675
6.1348743
6.135073
6.135272
6.135471
6.1356697
6.1358685
6.1360674
6.1362658
6.1364646
6.136663
6.136862
6.13706
6.137259
6.1374574
6.137656
6.1378546
6.1380534
6.1382513
6.13845
6.138648
6.138847
6.1390452
6.139243
6.1394415
6.13964
6.139838
6.1400366
6.1402345
6.1404324
6.1406307
6.1408286
6.1410265
6.141225
6.1414227
6.1416206
6.1418185
6.142017
6.1422143
6.142412
6.14261
6.142808
6.143006
6.1432033
6.143401
6.1435986
6.1437964
6.1439943
6.1441917
6.144389
6.144587
6.1447845
6.144982
6.1451793
6.1453767
6.145574
6.1457715
6.145969
6.1461663
6.1463633
6.1465607
6.146758
6.146955
6.1471524
6.1473494
6.147547
6.1477437
6.1479406
6.148138
6.148335
6.148532
6.148729
6.148926
6.1491227
6.1493196
6.149516
6.1497135
6.14991
6.150107
6.1503034
6.1505003
6.150697
6.1508937
6.15109
6.1512866
6.1514835
6.15168
6.1518764
6.152073
6.1522694
6.152466
6.1526623
6.1528587
6.1530547
6.1532516
6.1534476
6.1536436
6.15384
6.154036
6.1542325
6.1544285
6.154625
6.154821
6.155017
6.155213
6.155409
6.1556053
6.155801
6.155997
6.156193
6.1563888
6.1565847
6.1567802
6.156976
6.1571717
6.1573677
6.1575637
6.157759
6.1579547
6.1581507
6.158346
6.1585417
6.158737
6.1589327
6.159128
6.1593237
6.159519
6.1597147
6.15991
6.1601057
6.1603007
6.1604958
6.1606913
6.160887
6.161082
6.161277
6.161472
6.1616673
6.1618624
6.1620574
6.162253
6.1624475
6.1626425
6.1628375
6.1630325
6.1632276
6.163422
6.163617
6.163812
6.1640067
6.1642017
6.1643963
6.1645913
6.164786
6.1649804
6.165175
6.1653695
6.165564
6.165759
6.1659536
6.166148
6.1663427
6.1665373
6.1667314
6.166926
6.16712
6.1673145
6.167509
6.167703
6.1678977
6.168092
6.168286
6.1684804
6.1686745
6.1688685
6.1690626
6.1692567
6.1694508
6.1696444
6.169839
6.1700325
6.1702266
6.1704206
6.1706142
6.1708083
6.1710024
6.171196
6.1713896
6.1715837
6.1717772
6.171971
6.1721644
6.1723585
6.1725516
6.1727457
6.172939
6.173133
6.173326
6.1735196
6.173713
6.173907
6.1741
6.1742935
6.1744866
6.1746798
6.1748734
6.1750665
6.17526
6.1754527
6.1756463
6.1758394
6.1760325
6.1762257
6.176419
6.176612
6.1768045
6.1769977
6.177191
6.1773834
6.1775765
6.1777697
6.1779623
6.178155
6.178348
6.1785407
6.178734
6.1789265
6.179119
6.1793118
6.1795044
6.179697
6.1798897
6.1800823
6.180275
6.180467
6.18066
6.1808524
6.1810446
6.181237
6.1814294
6.181622
6.181814
6.1820064
6.182199
6.182391
6.1825833
6.1827755
6.1829677
6.18316
6.183352
6.1835437
6.183736
6.183928
6.18412
6.184312
6.184504
6.1846957
6.184888
6.1850796
6.1852717
6.1854634
6.185655
6.185847
6.1860385
6.1862307
6.1864223
6.1866136
6.1868052
6.186997
6.1871886
6.1873803
6.187572
6.187763
6.187955
6.188146
6.1883373
6.188529
6.18872
6.1889114
6.189103
6.1892943
6.1894855
6.189677
6.189868
6.190059
6.1902504
6.1904416
6.190633
6.1908236
6.191015
6.1912055
6.1913967
6.191588
6.1917787
6.19197
6.1921606
6.1923513
6.192542
6.192733
6.192924
6.1931148
6.1933055
6.193496
6.193687
6.193877
6.194068
6.1942587
6.194449
6.1946397
6.1948304
6.195021
6.1952114
6.1954017
6.1955924
6.1957827
6.195973
6.196163
6.1963534
6.1965437
6.196734
6.196924
6.1971145
6.1973047
6.197495
6.1976852
6.1978755
6.1980653
6.1982555
6.1984453
6.1986356
6.1988254
6.199015
6.1992054
6.199395
6.199585
6.199775
6.199965
6.200155
6.200344
6.200534
6.2007236
6.2009134
6.201103
6.2012925
6.2014823
6.201672
6.2018614
6.2020507
6.2022405
6.20243
6.202619
6.202808
6.2029967
6.203186
6.203375
6.2035637
6.203753
6.203942
6.2041306
6.2043195
6.2045083
6.204697
6.204886
6.205075
6.2052636
6.205452
6.205641
6.2058296
6.2060184
6.206207
6.2063956
6.206584
6.2067723
6.206961
6.2071495
6.207338
6.2075267
6.207715
6.2079034
6.2080917
6.20828
6.2084684
6.208657
6.208845
6.209033
6.2092214
6.2094097
6.2095976
6.209786
6.209974
6.2101617
6.21035
6.210538
6.210726
6.2109137
6.211102
6.21129
6.2114778
6.2116656
6.211853
6.212041
6.212229
6.2124166
6.2126045
6.212792
6.21298
6.2131677
6.213355
6.2135425
6.2137303
6.2139177
6.214105
6.214293
6.2144804
6.214668
6.214855
6.2150426
6.21523
6.2154174
6.215605
6.215792
6.215979
6.2161665
6.216354
6.216541
6.216728
6.216915
6.2171025
6.2172894
6.2174764
6.217664
6.2178507
6.2180376
6.2182245
6.2184114
6.2185984
6.2187853
6.218972
6.219159
6.219346
6.2195325
6.2197194
6.2199063
6.220093
6.220279
6.220466
6.220653
6.220839
6.221026
6.221213
6.2213993
6.2215853
6.221772
6.2219586
6.222145
6.2223315
6.2225175
6.222704
6.2228904
6.223077
6.2232633
6.223449
6.2236357
6.2238216
6.2240076
6.224194
6.22438
6.224566
6.2247524
6.2249384
6.2251244
6.2253103
6.2254963
6.2256823
6.225868
6.226054
6.22624
6.2264256
6.2266116
6.2267976
6.2269835
6.227169
6.2273545
6.2275405
6.227726
6.227912
6.2280974
6.228283
6.2284684
6.228654
6.2288394
6.2290254
6.2292104
6.229396
6.2295814
6.229767
6.2299523
6.2301373
6.230323
6.2305083
6.2306933
6.230879
6.231064
6.231249
6.2314343
6.2316194
6.2318044
6.2319894
6.2321744
6.23236
6.2325444
6.23273
6.2329144
6.2330995
6.2332845
6.2334695
6.233654
6.233839
6.2340236
6.2342086
6.234393
6.234578
6.234763
6.234947
6.235132
6.2353168
6.2355013
6.2356863
6.2358704
6.236055
6.23624
6.236424
6.2366085
6.236793
6.2369776
6.2371616
6.237346
6.2375307
6.237715
6.237899
6.2380834
6.2382674
6.238452
6.238636
6.23882
6.239004
6.239188
6.2393723
6.239557
6.239741
6.239925
6.240109
6.2402925
6.2404766
6.2406607
6.2408442
6.2410283
6.241212
6.241396
6.2415795
6.2417636
6.241947
6.2421308
6.242315
6.2424984
6.242682
6.2428656
6.243049
6.2432323
6.243416
6.2435994
6.243783
6.2439666
6.24415
6.2443333
6.244517
6.2447004
6.2448835
6.2450666
6.24525
6.2454333
6.245617
6.2458
6.245983
6.246166
6.2463493
6.2465324
6.2467155
6.2468987
6.2470818
6.247265
6.2474475
6.2476306
6.2478137
6.2479963
6.2481794
6.248362
6.248545
6.248728
6.248911
6.2490935
6.249276
6.249459
6.249642
6.249824
6.250007
6.2501893
6.2503724
6.2505546
6.250737
6.25092
6.2511024
6.251285
6.251467
6.25165
6.251832
6.2520146
6.252197
6.2523794
6.2525616
6.2527437
6.252926
6.2531085
6.2532907
6.2534723
6.253655
6.253837
6.2540193
6.254201
6.254383
6.2545652
6.2547474
6.254929
6.255111
6.2552934
6.255475
6.2556567
6.255839
6.2560205
6.256202
6.256384
6.256566
6.2567477
6.2569294
6.257111
6.2572927
6.2574744
6.257656
6.2578373
6.258019
6.2582006
6.2583823
6.258564
6.258745
6.258927
6.259108
6.2592893
6.259471
6.259652
6.2598333
6.260015
6.260196
6.2603774
6.2605586
6.26074
6.260921
6.261102
6.261283
6.2614646
6.2616453
6.2618265
6.2620077
6.2621884
6.2623696
6.2625504
6.2627316
6.2629123
6.2630935
6.263274
6.263455
6.2636356
6.2638164
6.2639976
6.264178
6.264359
6.2645392
6.2647204
6.2649007
6.2650814
6.2652617
6.265443
6.265623
6.265804
6.265984
6.266165
6.266345
6.2665253
6.266706
6.266886
6.2670665
6.267247
6.267427
6.2676077
6.267788
6.267968
6.268148
6.268328
6.2685084
6.2686887
6.268869
6.2690487
6.269229
6.269409
6.269589
6.2697687
6.269949
6.270129
6.270309
6.2704887
6.2706685
6.2708483
6.271028
6.271208
6.271388
6.271568
6.2717466
6.2719264
6.2721057
6.272285
6.2724643
6.2726436
6.272823
6.273002
6.273181
6.2733603
6.2735395
6.273719
6.2738976
6.274077
6.2742558
6.274435
6.274614
6.274793
6.274972
6.275151
6.27533
6.2755084
6.2756877
6.2758665
6.2760453
6.276224
6.2764025
6.2765813
6.27676
6.276939
6.2771177
6.2772965
6.277475
6.277653
6.277832
6.278011
6.278189
6.2783675
6.2785463
6.2787247
6.278903
6.2790813
6.2792597
6.279438
6.2796164
6.279795
6.2799735
6.2801514
6.2803297
6.280508
6.280686
6.2808642
6.281042
6.2812204
6.281399
6.2815766
6.2817545
6.281933
6.2821107
6.2822886
6.2824664
6.2826447
6.2828226
6.2830005
6.2831783
6.283356
6.283534
6.283712
6.28389
6.284067
6.284245
6.284423
6.2846007
6.284778
6.2849555
6.2851334
6.285311
6.2854886
6.285666
6.2858434
6.286021
6.2861986
6.286376
6.2865534
6.286731
6.286908
6.2870855
6.287263
6.28744
6.2876177
6.2877946
6.287972
6.288149
6.2883263
6.2885036
6.2886806
6.288858
6.289035
6.2892118
6.2893887
6.289566
6.289743
6.28992
6.2900968
6.2902737
6.2904506
6.2906275
6.2908044
6.2909813
6.291158
6.291335
6.2915115
6.2916884
6.291865
6.292042
6.292218
6.292395
6.2925715
6.292748
6.292925
6.2931013
6.2932777
6.293454
6.293631
6.2938075
6.293984
6.29416
6.2943363
6.2945127
6.294689
6.2948656
6.295042
6.295218
6.2953944
6.2955704
6.295747
6.2959228
6.296099
6.296275
6.296451
6.2966275
6.2968035
6.2969794
6.2971554
6.2973313
6.2975073
6.2976832
6.297859
6.298035
6.298211
6.298387
6.298563
6.2987385
6.2989144
6.29909
6.299266
6.299442
6.2996173
6.299793
6.2999687
6.300144
6.3003197
6.3004956
6.3006706
6.300846
6.301022
6.3011975
6.3013725
6.3015485
6.301724
6.301899
6.3020744
6.30225
6.302425
6.3026004
6.3027754
6.302951
6.3031263
6.3033013
6.303477
6.3036513
6.303827
6.304002
6.3041773
6.304352
6.3045273
6.304702
6.3048773
6.305052
6.3052273
6.305402
6.305577
6.305752
6.3059263
6.3061013
6.3062763
6.306451
6.306626
6.306801
6.306975
6.30715
6.307325
6.3074994
6.307674
6.3078485
6.308023
6.3081975
6.308372
6.3085465
6.308721
6.3088956
6.30907
6.309244
6.3094187
6.309593
6.3097677
6.3099422
6.3101163
6.3102903
6.310465
6.310639
6.310813
6.3109875
6.3111615
6.3113356
6.3115096
6.3116837
6.3118577
6.3120317
6.312206
6.31238
6.312554
6.312728
6.312902
6.313076
6.31325
6.3134236
6.3135977
6.3137712
6.313945
6.314119
6.314293
6.3144665
6.31464
6.3148136
6.3149877
6.315161
6.315335
6.3155084
6.315682
6.3158555
6.316029
6.3162026
6.316376
6.3165493
6.316723
6.3168964
6.3170695
6.317243
6.317416
6.3175898
6.317763
6.317936
6.3181095
6.3182826
6.318456
6.3186293
6.3188024
6.3189754
6.3191485
6.3193216
6.3194947
6.319668
6.319841
6.3200135
6.3201866
6.3203597
6.320533
6.320706
6.3208785
6.321051
6.321224
6.321397
6.32157
6.3217425
6.321915
6.322088
6.322261
6.3224335
6.322606
6.3227787
6.3229513
6.323124
6.3232965
6.323469
6.323642
6.3238144
6.3239865
6.324159
6.3243318
6.324504
6.324676
6.3248487
6.325021
6.3251934
6.3253655
6.325538
6.3257103
6.3258824
6.3260546
6.3262267
6.3263993
6.3265715
6.326743
6.3269153
6.3270874
6.3272595
6.3274317
6.3276033
6.3277755
6.3279476
6.3281198
6.3282914
6.3284636
6.328635
6.328807
6.328979
6.3291507
6.3293223
6.329494
6.329666
6.329838
6.3300095
6.330181
6.330353
6.3305244
6.330696
6.3308673
6.3310394
6.3312106
6.3313823
6.331554
6.331725
6.331897
6.332068
6.3322396
6.332411
6.332582
6.3327537
6.332925
6.3330965
6.333267
6.333439
6.33361
6.3337812
6.3339524
6.3341236
6.3342943
6.334466
6.3346367
6.334808
6.334979
6.33515
6.335321
6.335492
6.335663
6.335834
6.3360047
6.3361754
6.3363466
6.3365173
6.336688
6.3368583
6.337029
6.337199
6.3373694
6.33754
6.3377104
6.3378806
6.338051
6.3382215
6.338392
6.338562
6.3387322
6.3389025
6.3390727
6.339243
6.3394127
6.3395834
6.339753
6.3399234
6.3400936
6.3402634
6.3404336
6.3406034
6.340773
6.3409433
6.341113
6.3412833
6.341453
6.341623
6.3417926
6.341963
6.342132
6.3423023
6.3424716
6.342642
6.342811
6.342981
6.3431506
6.3433204
6.34349
6.3436594
6.343829
6.3439984
6.344168
6.344338
6.344507
6.3446765
6.3448462
6.3450155
6.345185
6.345354
6.345524
6.345693
6.3458624
6.3460317
6.346201
6.34637
6.3465395
6.3467083
6.3468776
6.347047
6.347216
6.3473854
6.347554
6.3477235
6.3478923
6.348061
6.3482304
6.348399
6.3485684
6.3487372
6.348906
6.349075
6.349244
6.349413
6.3495817
6.3497505
6.3499193
6.3500876
6.3502564
6.3504252
6.350594
6.350763
6.3509316
6.3511
6.351269
6.351437
6.351606
6.3517747
6.351943
6.3521113
6.3522797
6.3524485
6.352617
6.352785
6.3529534
6.353122
6.3532906
6.353459
6.353627
6.3537955
6.3539634
6.3541317
6.3543
6.3544683
6.3546367
6.3548045
6.354973
6.3551407
6.355309
6.3554773
6.355645
6.355813
6.355981
6.356149
6.356317
6.356485
6.3566527
6.356821
6.3569884
6.3571568
6.3573246
6.357492
6.3576603
6.3578277
6.3579955
6.3581634
6.3583307
6.3584986
6.3586664
6.358834
6.3590016
6.359169
6.3593364
6.359504
6.3596716
6.3598394
6.360007
6.360174
6.3603415
6.3605094
6.360677
6.3608437
6.361011
6.3611784
6.361346
6.361513
6.3616805
6.361848
6.3620152
6.362182
6.3623495
6.3625164
6.3626833
6.3628507
6.3630176
6.363185
6.363352
6.3635187
6.363686
6.363853
6.36402
6.3641872
6.364354
6.364521
6.364688
6.3648543
6.365021
6.365188
6.365355
6.365522
6.365689
6.365855
6.3660216
6.3661885
6.3663554
6.366522
6.3666887
6.366855
6.367022
6.3671885
6.367355
6.3675213
6.367688
6.367854
6.368021
6.3681874
6.3683534
6.3685203
6.3686867
6.3688526
6.369019
6.3691854
6.369352
6.369518
6.369684
6.3698506
6.3700166
6.370183
6.370349
6.370515
6.3706813
6.370847
6.3710136
6.3711796
6.3713455
6.3715115
6.3716774
6.371844
6.3720093
6.372175
6.372341
6.372507
6.372673
6.372839
6.373005
6.3731704
6.3733363
6.3735023
6.3736677
6.373833
6.373999
6.374165
6.3743305
6.374496
6.3746614
6.3748274
6.374993
6.3751583
6.3753242
6.375489
6.3756547
6.37582
6.3759856
6.376151
6.3763165
6.376482
6.3766475
6.3768125
6.376978
6.3771434
6.3773084
6.377474
6.377639
6.3778043
6.3779693
6.3781343
6.3782997
6.3784647
6.37863
6.378795
6.37896
6.379125
6.37929
6.379455
6.37962
6.379785
6.37995
6.3801146
6.3802795
6.3804445
6.3806095
6.380774
6.380939
6.381104
6.3812685
6.3814335
6.3815985
6.381763
6.3819275
6.3820925
6.3822565
6.3824215
6.382586
6.3827505
6.382915
6.3830795
6.3832445
6.3834085
6.383573
6.3837376
6.383902
6.3840666
6.384231
6.384395
6.3845596
6.3847237
6.384888
6.385052
6.3852167
6.385381
6.3855453
6.3857093
6.3858733
6.386038
6.386202
6.386366
6.38653
6.386694
6.386858
6.387022
6.387186
6.38735
6.387514
6.387678
6.387842
6.388006
6.38817
6.388334
6.3884974
6.3886614
6.388825
6.388989
6.389153
6.389316
6.3894796
6.389643
6.3898063
6.3899693
6.390133
6.390296
6.3904595
6.3906226
6.3907857
6.3909492
6.3911123
6.3912754
6.3914385
6.3916016
6.391765
6.3919277
6.3920913
6.392254
6.3924174
6.3925805
6.3927436
6.3929067
6.39307
6.393233
6.3933964
6.393559
6.393722
6.393885
6.394048
6.394211
6.394374
6.3945365
6.3947
6.394862
6.3950257
6.395188
6.395351
6.3955135
6.3956766
6.395839
6.396002
6.396165
6.396327
6.39649
6.396652
6.3968153
6.3969774
6.39714
6.397303
6.3974657
6.3976283
6.397791
6.3979535
6.398116
6.398278
6.3984413
6.3986034
6.398766
6.3989286
6.3990912
6.399254
6.399416
6.399578
6.39974
6.399903
6.4000654
6.400227
6.4003897
6.4005513
6.4007134
6.400876
6.401038
6.401201
6.4013624
6.4015245
6.4016867
6.401849
6.402011
6.402173
6.402335
6.402497
6.402659
6.402821
6.402983
6.4031453
6.403307
6.4034686
6.4036307
6.4037924
6.4039545
6.404116
6.4042783
6.40444
6.404602
6.4047637
6.4049253
6.405087
6.4052486
6.4054103
6.405572
6.4057336
6.405895
6.406057
6.4062185
6.40638
6.406542
6.406703
6.4068646
6.407026
6.4071875
6.4073486
6.40751
6.4076715
6.4078326
6.407994
6.408155
6.408316
6.408478
6.4086385
6.4087996
6.408961
6.409122
6.4092827
6.409444
6.4096045
6.4097657
6.4099264
6.410087
6.410248
6.4104085
6.410569
6.4107304
6.410891
6.4110518
6.411212
6.4113727
6.4115334
6.4116936
6.4118543
6.412015
6.4121757
6.412336
6.4124966
6.412657
6.4128175
6.4129777
6.4131384
6.4132986
6.4134593
6.4136195
6.4137797
6.4139404
6.4141006
6.414261
6.4144206
6.4145813
6.4147415
6.4149017
6.415062
6.4152217
6.415382
6.415542
6.4157023
6.415862
6.4160223
6.4161825
6.4163423
6.4165025
6.4166627
6.4168224
6.416982
6.4171424
6.417302
6.417462
6.4176216
6.4177814
6.4179416
6.4181013
6.418261
6.418421
6.4185805
6.4187403
6.4189
6.4190598
6.419219
6.4193788
6.4195385
6.4196978
6.4198575
6.4200172
6.420177
6.4203362
6.4204955
6.4206553
6.4208145
6.4209743
6.4211335
6.421293
6.421452
6.421612
6.4217706
6.4219303
6.4220896
6.422249
6.4224076
6.4225674
6.4227266
6.4228854
6.4230447
6.423204
6.423363
6.423522
6.4236813
6.4238405
6.4239993
6.424158
6.4243174
6.424476
6.4246354
6.424794
6.4249535
6.4251122
6.425271
6.42543
6.425589
6.425748
6.4259067
6.4260654
6.426224
6.4263825
6.4265413
6.4267
6.426859
6.427017
6.427176
6.427335
6.4274936
6.4276524
6.4278107
6.427969
6.4281282
6.428286
6.428445
6.428603
6.428762
6.42892
6.4290786
6.4292364
6.4293957
6.429553
6.4297123
6.42987
6.4300284
6.430187
6.430345
6.430504
6.4306617
6.4308205
6.430979
6.4311366
6.4312954
6.431453
6.431612
6.4317703
6.431928
6.4320865
6.4322443
6.4324026
6.4325604
6.4327188
6.432877
6.4330344
6.4331927
6.4333506
6.433509
6.433667
6.433825
6.433983
6.4341407
6.434299
6.434457
