6.436706
6.4389405
6.44116
6.4433646
6.4455533
6.4477262
6.4498835
6.4520245
6.4541492
6.4562573
6.4583483
6.460422
6.462478
6.464516
6.466536
6.4685364
6.4705176
6.472479
6.47442
6.4763412
6.4782405
6.4801188
6.4819756
6.4838095
6.485622
6.4874105
6.489177
6.49092
6.49264
6.494336
6.4960084
6.4976573
6.4992824
6.500883
6.50246
6.504013
6.505542
6.5070477
6.508529
6.5099883
6.511424
6.5128374
6.514228
6.5155964
6.516944
6.51827
6.519575
6.5208607
6.5221252
6.523371
6.5245976
6.5258055
6.5269947
6.528167
6.5293207
6.5304575
6.5315776
6.532681
6.533768
6.5348396
6.535896
6.5369363
6.537962
6.5389724
6.539968
6.5409493
6.541916
6.542868
6.5438066
6.54473
6.54564
6.546536
6.547418
6.548286
6.54914
6.5499806
6.550807
6.5516195
6.5524187
6.5532045
6.5539765
6.554735
6.55548
6.556212
6.5569305
6.5576353
6.558327
6.559006
6.5596724
6.560325
6.560966
6.561594
6.5622096
6.562813
6.563404
6.5639834
6.5645514
6.5651073
6.5656524
6.5661864
6.566709
6.5672216
6.5677238
6.568216
6.5686975
6.5691695
6.569632
6.570085
6.570529
6.570964
6.57139
6.571807
6.5722156
6.572616
6.5730076
6.5733914
6.573767
6.574135
6.574495
6.5748467
6.575191
6.575528
6.575857
6.576179
6.5764937
6.576801
6.5771008
6.5773935
6.5776787
6.5779576
6.578229
6.5784936
6.5787516
6.579003
6.5792465
6.579485
6.5797157
6.579941
6.580159
6.580372
6.580578
6.5807776
6.580972
6.58116
6.581342
6.581519
6.5816903
6.581856
6.582016
6.5821705
6.58232
6.5824647
6.5826035
6.5827374
6.5828667
6.5829906
6.58311
6.5832243
6.5833344
6.5834394
6.5835404
6.5836363
6.583728
6.5838156
6.5838985
6.583977
6.5840516
6.584122
6.5841885
6.5842505
6.584309
6.5843635
6.5844145
6.5844607
6.584504
6.584543
6.5845795
6.5846114
6.58464
6.5846653
6.584687
6.5847063
6.5847216
6.5847335
6.584742
6.584748
6.5847507
6.58475
6.5847473
6.5847406
6.5847316
6.5847197
6.584705
6.584687
6.584667
6.584645
6.584619
6.584591
6.5845604
6.584527
6.5844917
6.584454
6.5844135
6.584371
6.584326
6.5842786
6.5842295
6.584178
6.584124
6.5840683
6.58401
6.5839505
6.5838885
6.5838246
6.583759
6.583691
6.5836215
6.58355
6.583477
6.583402
6.5833254
6.583247
6.583167
6.5830855
6.583002
6.582917
6.582831
6.5827427
6.5826535
6.582563
6.5824704
6.5823765
6.582281
6.582185
6.582087
6.581988
6.5818872
6.5817857
6.5816827
6.5815783
6.581473
6.5813665
6.581259
6.58115
6.58104
6.580929
6.5808167
6.5807033
6.5805893
6.580474
6.5803576
6.5802402
6.5801225
6.5800037
6.579883
6.5797625
6.579641
6.579518
6.579395
6.5792704
6.5791454
6.579019
6.5788927
6.5787654
6.578637
6.578508
6.578378
6.578248
6.578117
6.5779853
6.577853
6.5777197
6.577586
6.5774517
6.5773168
6.5771813
6.577045
6.5769086
6.5767713
6.5766335
6.576495
6.576356
6.5762167
6.576077
6.575937
6.575796
6.5756545
6.575513
6.575371
6.575228
6.575085
6.5749416
6.5747976
6.574653
6.5745087
6.5743637
6.574218
6.5740724
6.573926
6.573779
6.5736322
6.573485
6.5733376
6.5731897
6.5730414
6.5728927
6.572744
6.5725946
6.572445
6.572295
6.572145
6.571995
6.571844
6.5716934
6.5715423
6.571391
6.5712395
6.571088
6.5709357
6.5707836
6.570631
6.5704784
6.5703254
6.570173
6.5700192
6.5698657
6.5697126
6.5695586
6.5694046
6.56925
6.569096
6.568941
6.5687866
6.5686316
6.5684767
6.5683217
6.5681663
6.568011
6.5678554
6.5676994
6.567544
6.567388
6.5672317
6.5670753
6.5669193
6.5667624
6.566606
6.5664496
6.566293
6.566136
6.565979
6.5658216
6.565665
6.5655074
6.56535
6.5651927
6.565035
6.5648775
6.5647197
6.5645614
6.5644035
6.564246
6.564088
6.56393
6.5637717
6.5636134
6.563455
6.563297
6.5631385
6.56298
6.562822
6.562663
6.5625043
6.5623455
6.562187
6.5620284
6.561869
6.5617104
6.5615516
6.561393
6.561234
6.5610747
6.5609155
6.5607567
6.560597
6.560438
6.560279
6.5601196
6.5599604
6.5598006
6.5596414
6.559482
6.559323
6.5591636
6.5590043
6.5588446
6.5586853
6.5585256
6.558366
6.5582066
6.558047
6.5578876
6.557728
6.557568
6.5574083
6.5572486
6.557089
6.556929
6.5567694
6.5566096
6.55645
6.55629
6.556131
6.555971
6.5558114
6.5556517
6.555492
6.5553317
6.5551715
6.5550117
6.554852
6.5546923
6.554532
6.5543723
6.5542126
6.5540524
6.5538926
6.553733
6.553573
6.5534134
6.5532537
6.553094
6.552934
6.5527744
6.552614
6.5524545
6.5522947
6.5521345
6.551975
6.5518146
6.551655
6.5514946
6.551335
6.551175
6.551015
6.5508547
6.550695
6.550535
6.5503755
6.5502157
6.5500555
6.549896
6.549736
6.549576
6.5494165
6.5492563
6.5490966
6.548937
6.548777
6.5486174
6.5484576
6.548298
6.5481386
6.5479784
6.5478187
6.5476594
6.5474997
6.54734
6.54718
6.5470204
6.546861
6.5467014
6.546542
6.5463824
6.5462227
6.546063
6.545903
6.5457435
6.5455832
6.5454235
6.545264
6.545104
6.5449443
6.5447845
6.544625
6.544465
6.5443053
6.5441456
6.543986
6.543826
6.5436664
6.5435066
6.5433474
6.5431876
6.543028
6.542868
6.542709
6.542549
6.5423894
6.54223
6.5420704
6.5419106
6.5417514
6.5415916
6.5414324
6.5412726
6.5411134
6.5409536
6.5407944
6.5406346
6.5404754
6.540316
6.5401564
6.539997
6.539838
6.5396786
6.539519
6.5393596
6.5392003
6.539041
6.538882
6.5387225
6.5385633
6.538404
6.5382447
6.5380855
6.537926
6.537767
6.537607
6.537448
6.537289
6.53713
6.5369706
6.5368114
6.536652
6.5364933
6.536334
6.536175
6.5360155
6.5358567
6.5356975
6.5355387
6.5353794
6.53522
6.5350614
6.534902
6.5347433
6.534584
6.5344253
6.5342665
6.534107
6.533948
6.533789
6.5336304
6.5334716
6.533313
6.5331535
6.5329947
6.532836
6.532677
6.5325184
6.532359
6.5322003
6.5320415
6.531883
6.531724
6.531565
6.5314064
6.5312476
6.531089
6.53093
6.5307713
6.530613
6.5304537
6.5302954
6.5301366
6.529978
6.529819
6.5296607
6.529502
6.529343
6.529185
6.529026
6.5288672
6.528709
6.52855
6.528392
6.528233
6.5280747
6.527916
6.5277576
6.5275993
6.5274405
6.527282
6.527124
6.526965
6.526807
6.526648
6.5264897
6.5263314
6.526173
6.526015
6.525856
6.5256977
6.5255394
6.525381
6.525223
6.5250645
6.524906
6.524748
6.5245895
6.5244317
6.524273
6.524115
6.523957
6.5237985
6.52364
6.523482
6.5233235
6.5231657
6.5230074
6.522849
6.522691
6.522533
6.522375
6.522217
6.522059
6.5219007
6.521743
6.5215845
6.5214267
6.5212684
6.52111
6.520952
6.5207944
6.520636
6.5204782
6.5203204
6.520162
6.5200043
6.5198464
6.5196886
6.519531
6.5193725
6.5192146
6.519057
6.518899
6.518741
6.5185833
6.5184255
6.5182676
6.51811
6.517952
6.5177946
6.5176363
6.5174785
6.517321
6.5171633
6.5170054
6.5168476
6.5166903
6.5165324
6.5163746
6.5162168
6.5160594
6.5159016
6.515744
6.5155864
6.515429
6.515271
6.5151134
6.514956
6.5147986
6.514641
6.5144835
6.5143256
6.5141683
6.5140104
6.513853
6.5136957
6.5135384
6.513381
6.513223
6.513066
6.5129085
6.512751
6.5125937
6.5124364
6.5122786
6.5121217
6.5119643
6.5118065
6.511649
6.5114923
6.511335
6.5111775
6.51102
6.510863
6.5107055
6.510548
6.510391
6.510234
6.5100765
6.5099196
6.5097623
6.509605
6.5094476
6.5092907
6.5091333
6.5089765
6.508819
6.508662
6.508505
6.5083475
6.5081906
6.5080333
6.5078764
6.5077195
6.5075626
6.5074053
6.5072484
6.507091
6.506934
6.5067773
6.5066204
6.506463
6.5063066
6.5061493
6.5059924
6.5058355
6.5056787
6.505522
6.505365
6.505208
6.505051
6.5048943
6.5047374
6.5045805
6.5044236
6.5042667
6.50411
6.5039535
6.5037966
6.50364
6.5034833
6.5033264
6.5031695
6.503013
6.5028563
6.5026994
6.5025425
6.502386
6.5022297
6.502073
6.501916
6.5017595
6.5016026
6.5014462
6.50129
6.501133
6.5009766
6.50082
6.5006633
6.500507
6.5003505
6.500194
6.500037
6.499881
6.4997244
6.499568
6.499411
6.4992547
6.4990983
6.498942
6.4987855
6.498629
6.498473
6.498317
6.4981604
6.498004
6.4978476
6.497691
6.4975348
6.4973783
6.4972224
6.497066
6.4969096
6.4967537
6.496597
6.496441
6.4962845
6.4961286
6.495972
6.4958158
6.49566
6.4955034
6.4953475
6.4951916
6.495035
6.494879
6.494723
6.494567
6.494411
6.4942546
6.4940987
6.4939423
6.4937863
6.4936304
6.4934745
6.493318
6.493162
6.493006
6.4928503
6.4926944
6.4925385
6.4923825
6.4922266
6.4920707
6.4919147
6.491759
6.491603
6.491447
6.491291
6.491135
6.490979
6.4908237
6.490668
6.490512
6.490356
6.4902005
6.4900446
6.4898887
6.489733
6.4895773
6.4894214
6.4892654
6.48911
6.4889545
6.4887986
6.4886427
6.4884872
6.4883313
6.488176
6.4880204
6.4878645
6.487709
6.4875536
6.4873977
6.487242
6.487087
6.4869313
6.486776
6.48662
6.4864645
6.486309
6.4861536
6.485998
6.4858427
6.4856873
6.485532
6.4853764
6.485221
6.4850655
6.48491
6.4847546
6.484599
6.4844437
6.4842887
6.484133
6.483978
6.4838223
6.483667
6.4835114
6.4833565
6.483201
6.483046
6.4828906
6.482735
6.48258
6.4824247
6.4822693
6.4821143
6.481959
6.481804
6.481649
6.4814935
6.4813385
6.4811835
6.481028
6.480873
6.480718
6.480563
6.4804077
6.4802527
6.480098
6.4799423
6.4797873
6.4796324
6.4794774
6.4793224
6.4791675
6.4790125
6.4788575
6.4787025
6.4785476
6.4783926
6.4782376
6.4780827
6.477928
6.4777727
6.4776177
6.4774632
6.4773083
6.4771533
6.476999
6.476844
6.476689
6.4765344
6.4763794
6.4762244
6.47607
6.475915
6.4757605
6.4756055
6.4754505
6.475296
6.4751415
6.4749866
6.4748316
6.474677
6.4745226
6.4743676
6.474213
6.4740586
6.473904
6.4737496
6.4735947
6.47344
6.4732857
6.473131
6.4729767
6.4728217
6.472667
6.4725127
6.472358
6.4722037
6.472049
6.4718947
6.4717402
6.4715858
6.4714313
6.471277
6.4711227
6.4709682
6.4708138
6.4706597
6.470505
6.4703507
6.4701962
6.4700418
6.4698877
6.469733
6.469579
6.4694247
6.46927
6.469116
6.4689617
6.4688077
6.468653
6.468499
6.4683447
6.4681907
6.468036
6.467882
6.467728
6.467574
6.4674196
6.4672656
6.467111
6.466957
6.466803
6.466649
6.466495
6.466341
6.466187
6.4660325
6.4658785
6.4657245
6.4655704
6.465417
6.465263
6.465109
6.464955
6.464801
6.464647
6.464493
6.464339
6.4641848
6.4640307
6.463877
6.463723
6.463569
6.463415
6.4632616
6.463108
6.4629536
6.4628
6.4626465
6.4624925
6.462339
6.462185
6.4620314
6.4618773
6.461724
6.46157
6.4614162
6.461262
6.4611087
6.460955
6.460801
6.4606476
6.4604936
6.46034
6.4601865
6.460033
6.4598794
6.459726
6.459572
6.4594183
6.4592648
6.459111
6.4589577
6.458804
6.4586506
6.458497
6.458344
6.4581904
6.458037
6.457883
6.45773
6.4575763
6.4574227
6.457269
6.457116
6.4569626
6.456809
6.456656
6.4565024
6.4563494
6.456196
6.4560423
6.4558887
6.4557357
6.4555826
6.455429
6.455276
6.4551225
6.454969
6.454816
6.454663
6.4545097
6.454356
6.454203
6.4540496
6.4538965
6.4537435
6.4535904
6.4534373
6.453284
6.4531307
6.4529777
6.4528246
6.4526715
6.4525185
6.4523654
6.4522123
6.4520593
6.4519057
6.451753
6.4516
6.451447
6.451294
6.451141
6.450988
6.450835
6.450682
6.450529
6.450376
6.4502234
6.4500704
6.4499173
6.4497643
6.4496117
6.4494586
6.4493055
6.449153
6.4490004
6.4488473
6.448694
6.4485416
6.448389
6.448236
6.4480834
6.4479303
6.4477777
6.447625
6.447472
6.4473195
6.447167
6.4470143
6.4468613
6.4467087
6.446556
6.4464035
6.446251
6.4460983
6.4459453
6.4457927
6.44564
6.4454875
6.445335
6.445183
6.4450297
6.4448776
6.4447246
6.4445724
6.44442
6.4442673
6.4441147
6.443962
6.44381
6.4436574
6.443505
6.443352
6.4431996
6.4430475
6.4428954
6.442743
6.44259
6.4424376
6.4422855
6.442133
6.441981
6.4418283
6.441676
6.441524
6.4413714
6.4412193
6.4410667
6.4409146
6.4407625
6.4406104
6.440458
6.4403057
6.4401536
6.4400015
6.439849
6.439697
6.4395447
6.4393926
6.4392405
6.4390883
6.438936
6.438784
6.438632
6.43848
6.438328
6.4381757
6.4380236
6.4378715
6.4377193
6.4375677
6.4374156
6.4372635
6.4371114
6.4369597
6.4368076
6.4366555
6.4365034
6.4363513
6.4361997
6.4360476
6.435896
6.435744
6.4355917
6.43544
6.435288
6.4351363
6.4349847
6.4348326
6.434681
6.434529
6.434377
6.4342256
6.434074
6.433922
6.43377
6.4336185
6.4334664
6.433315
6.433163
6.4330115
6.4328594
6.432708
6.432556
6.4324045
6.432253
6.4321012
6.4319496
6.431798
6.4316463
6.4314947
6.431343
6.4311914
6.4310403
6.4308887
6.430737
6.4305854
6.4304338
6.430282
6.430131
6.4299793
6.4298277
6.4296765
6.429525
6.4293737
6.429222
6.429071
6.4289193
6.4287677
6.4286165
6.428465
6.4283137
6.428162
6.428011
6.42786
6.427708
6.427557
6.4274054
6.427254
6.427103
6.4269514
6.4268003
6.426649
6.426498
6.426347
6.426195
6.4260445
6.425893
6.4257417
6.4255905
6.4254394
6.425288
6.425137
6.424986
6.4248347
6.4246836
6.424533
6.4243817
6.4242306
6.4240794
6.4239283
6.423777
6.4236264
6.4234753
6.423324
6.423173
6.423022
6.422871
6.42272
6.4225693
6.422418
6.422267
6.4221163
6.421965
6.4218144
6.4216638
6.4215126
6.421362
6.421211
6.42106
6.420909
6.4207582
6.420607
6.4204564
6.4203057
6.4201546
6.4200044
6.419853
6.4197025
6.419552
6.419401
6.4192505
6.4190993
6.4189487
6.418798
6.4186473
6.4184966
6.4183464
6.4181957
6.418045
6.4178944
6.4177437
6.417593
6.4174423
6.4172916
6.417141
6.4169903
6.41684
6.4166894
6.4165387
6.416388
6.416238
6.416087
6.4159365
6.4157863
6.4156356
6.4154854
6.4153347
6.4151845
6.415034
6.4148836
6.414733
6.4145827
6.414432
6.414282
6.4141316
6.413981
6.4138308
6.4136806
6.41353
6.4133797
6.413229
6.413079
6.412929
6.4127784
6.412628
6.412478
6.412328
6.4121776
6.4120274
6.411877
6.411727
6.4115767
6.4114265
6.4112763
6.4111257
6.410976
6.4108257
6.4106755
6.4105253
6.410375
6.4102254
6.410075
6.409925
6.409775
6.4096246
6.409475
6.4093246
6.409175
6.4090247
6.4088745
6.408725
6.4085746
6.4084244
6.4082747
6.408125
6.4079747
6.407825
6.4076753
6.407525
6.407375
6.407225
6.4070754
6.4069257
6.406776
6.4066257
6.406476
6.4063263
6.406176
6.4060264
6.4058766
6.405727
6.405577
6.4054275
6.4052777
6.4051275
6.404978
6.4048285
6.404679
6.404529
6.4043794
6.4042296
6.40408
6.40393
6.4037805
6.4036307
6.4034815
6.4033318
6.403182
6.4030323
6.402883
6.4027333
6.4025836
6.402434
6.4022846
6.402135
6.4019856
6.401836
6.4016867
6.401537
6.401387
6.401238
6.4010887
6.4009395
6.4007897
6.4006405
6.4004908
6.4003415
6.400192
6.4000425
6.3998933
6.399744
6.399595
6.399445
6.399296
6.3991466
6.398997
6.398848
6.398699
6.398549
6.3984
6.3982506
6.3981013
6.397952
6.397803
6.3976536
6.3975043
6.3973556
6.3972063
6.397057
6.396908
6.3967586
6.3966093
6.39646
6.3963113
6.396162
6.396013
6.395864
6.3957148
6.3955655
6.3954163
6.3952675
6.3951187
6.3949695
6.3948207
6.3946714
6.394522
6.3943734
6.394224
6.3940754
6.3939266
6.3937774
6.3936286
6.39348
6.393331
6.393182
6.393033
6.392884
6.392735
6.392586
6.3924375
6.3922887
6.39214
6.391991
6.391842
6.3916936
6.3915443
6.3913956
6.391247
6.391098
6.3909492
6.390801
6.3906517
6.3905034
6.3903546
6.390206
6.390057
6.3899083
6.3897595
6.3896112
6.3894625
6.3893137
6.389165
6.3890166
6.388868
6.3887196
6.388571
6.388422
6.3882737
6.388125
6.3879766
6.387828
6.3876796
6.387531
6.3873825
6.3872337
6.3870854
6.3869367
6.3867884
6.38664
6.3864913
6.386343
6.3861947
6.386046
6.3858976
6.38575
6.385601
6.3854527
6.3853045
6.385156
6.3850074
6.3848596
6.384711
6.384563
6.384414
6.384266
6.384118
6.3839693
6.3838215
6.383673
6.383525
6.3833766
6.3832283
6.38308
6.382932
6.382784
6.3826356
6.3824873
6.382339
6.382191
6.382043
6.3818946
6.381747
6.3815985
6.3814507
6.3813024
6.3811545
6.3810062
6.380858
6.38071
6.3805623
6.3804145
6.380266
6.380118
6.37997
6.3798223
6.3796744
6.379526
6.3793783
6.3792305
6.379082
6.378935
6.3787866
6.3786387
6.378491
6.378343
6.3781953
6.378047
6.377899
6.377752
6.3776035
6.3774557
6.3773084
6.3771605
6.3770127
6.3768644
6.3767166
6.3765693
6.3764215
6.3762736
6.3761263
6.3759785
6.3758307
6.375683
6.375535
6.3753877
6.37524
6.375092
6.3749447
6.374797
6.3746495
6.3745017
6.374354
6.3742065
6.374059
6.3739114
6.373764
6.373616
6.373469
6.3733215
6.3731737
6.3730264
6.3728786
6.372731
6.3725834
6.3724365
6.3722887
6.3721414
6.371994
6.371846
6.371699
6.371552
6.371404
6.371257
6.3711095
6.370962
6.370815
6.3706675
6.37052
6.370373
6.3702254
6.370078
6.3699307
6.3697834
6.369636
6.369489
6.369342
6.3691945
6.369047
6.3689003
6.368753
6.3686056
6.3684583
6.3683114
6.368164
6.3680167
6.36787
6.367723
6.3675756
6.3674283
6.3672814
6.367134
6.366987
6.36684
6.366693
6.3665457
6.366399
6.366252
6.3661046
6.3659577
6.365811
6.3656635
6.365517
6.36537
6.365223
6.365076
6.364929
6.364782
6.364635
6.364488
6.3643413
6.3641944
6.3640475
6.3639007
6.363754
6.363607
6.36346
6.363313
6.3631663
6.3630195
6.3628726
6.362726
6.3625793
6.3624325
6.3622856
6.3621387
6.3619924
6.3618455
6.3616986
6.3615522
6.3614054
6.3612585
6.361112
6.3609653
6.360819
6.360672
6.3605256
6.3603787
6.3602324
6.3600855
6.3599386
6.359792
6.3596454
6.359499
6.3593526
6.3592057
6.3590593
6.358913
6.3587666
6.3586197
6.3584733
6.358327
6.35818
6.3580337
6.3578873
6.357741
6.3575945
6.357448
6.3573017
6.3571553
6.357009
6.3568625
6.356716
6.35657
6.3564234
6.356277
6.3561306
6.355984
6.3558383
6.355692
6.3555455
6.355399
6.3552527
6.3551064
6.3549604
6.354814
6.354668
6.3545218
6.3543754
6.354229
6.354083
6.3539367
6.3537908
6.3536444
6.3534985
6.3533525
6.353206
6.35306
6.352914
6.352768
6.3526216
6.3524756
6.3523293
6.3521833
6.3520374
6.3518915
6.3517456
6.351599
6.3514533
6.3513074
6.3511615
6.3510156
6.350869
6.3507233
6.3505774
6.3504314
6.3502855
6.3501396
6.3499937
6.349848
6.349702
6.349556
6.34941
6.349264
6.349118
6.3489723
6.348827
6.348681
6.348535
6.348389
6.348243
6.348098
6.347952
6.347806
6.3476605
6.3475146
6.347369
6.3472233
6.3470774
6.346932
6.346786
6.34664
6.3464947
6.3463492
6.3462033
6.346058
6.345912
6.3457665
6.3456206
6.345475
6.3453298
6.345184
6.3450384
6.344893
6.3447475
6.3446016
6.344456
6.3443108
6.3441653
6.34402
6.343874
6.3437285
6.3435836
6.3434377
6.343292
6.343147
6.3430014
6.342856
6.342711
6.342565
6.34242
6.3422747
6.342129
6.341984
6.3418384
6.341693
6.341548
6.3414025
6.341257
6.3411117
6.340966
6.3408213
6.340676
6.3405304
6.3403854
6.3402405
6.340095
6.3399496
6.3398046
6.339659
6.339514
6.339369
6.339224
6.3390784
6.3389335
6.3387885
6.338643
6.338498
6.3383527
6.3382077
6.338063
6.337918
6.337773
6.3376274
6.3374825
6.3373375
6.3371925
6.337047
6.336902
6.3367577
6.336612
6.3364673
6.3363223
6.3361773
6.3360324
6.3358874
6.335743
6.3355975
6.335453
6.3353076
6.335163
6.335018
6.334873
6.3347282
6.3345838
6.334439
6.334294
6.334149
6.3340044
6.3338594
6.3337145
6.3335695
6.333425
6.33328
6.3331356
6.3329906
6.332846
6.332701
6.3325567
6.332412
6.3322673
6.3321223
6.331978
6.331833
6.3316884
6.331544
6.3313994
6.3312545
6.33111
6.3309655
6.330821
6.330676
6.3305316
6.330387
6.330242
6.330098
6.329953
6.3298087
6.329664
6.3295197
6.3293753
6.329231
6.3290863
6.328942
6.3287973
6.328653
6.3285084
6.328364
6.3282194
6.3280754
6.327931
6.3277864
6.327642
6.327498
6.3273535
6.327209
6.3270645
6.3269205
6.326776
6.3266315
6.3264875
6.326343
6.3261986
6.3260546
6.32591
6.325766
6.325622
6.3254776
6.325333
6.325189
6.325045
6.3249006
6.3247566
6.324612
6.324468
6.324324
6.3241796
6.3240356
6.3238916
6.3237476
6.3236036
6.323459
6.3233156
6.323171
6.323027
6.322883
6.322739
6.322595
6.322451
6.322307
6.322163
6.322019
6.321875
6.321731
6.321587
6.321443
6.321299
6.3211555
6.3210115
6.3208675
6.3207235
6.3205795
6.3204355
6.3202915
6.320148
6.320004
6.31986
6.3197165
6.3195724
6.319429
6.319285
6.3191414
6.3189974
6.3188534
6.31871
6.3185663
6.3184223
6.3182783
6.318135
6.3179913
6.3178473
6.3177037
6.31756
6.317416
6.3172727
6.317129
6.3169856
6.3168416
6.316698
6.3165545
6.3164105
6.3162675
6.3161235
6.31598
6.3158364
6.315693
6.3155494
6.315406
6.3152623
6.315119
6.3149753
6.3148317
6.314688
6.3145447
6.3144016
6.314258
6.3141146
6.313971
6.3138275
6.313684
6.3135405
6.3133974
6.313254
6.313111
6.3129673
6.312824
6.3126802
6.312537
6.3123937
6.3122506
6.312107
6.3119636
6.3118205
6.311677
6.311534
6.311391
6.3112473
6.3111043
6.310961
6.3108177
6.310674
6.310531
6.310388
6.310245
6.3101015
6.3099585
6.3098154
6.309672
6.3095293
6.309386
6.3092427
6.3090997
6.3089566
6.3088136
6.30867
6.3085275
6.3083844
6.3082414
6.3080983
6.3079553
6.307812
6.307669
6.307526
6.307383
6.30724
6.307097
6.306954
6.3068113
6.3066683
6.306525
6.306382
6.306239
6.3060966
6.3059535
6.3058105
6.305668
6.305525
6.3053823
6.305239
6.3050966
6.3049536
6.3048105
6.304668
6.304525
6.3043823
6.3042393
6.3040967
6.303954
6.3038116
6.3036685
6.3035254
6.3033834
6.3032403
6.3030977
6.302955
6.302812
6.3026695
6.302527
6.3023844
6.302242
6.3020988
6.301956
6.3018136
6.301671
6.3015285
6.301386
6.3012433
6.3011007
6.300958
6.3008156
6.300673
6.3005304
6.300388
6.3002453
6.300103
6.2999606
6.299818
6.2996755
6.299533
6.299391
6.299248
6.2991056
6.2989635
6.298821
6.2986784
6.2985363
6.2983937
6.298251
6.298109
6.2979665
6.2978244
6.297682
6.2975397
6.297397
6.297255
6.297113
6.2969704
6.2968283
6.296686
6.2965436
6.296401
6.2962594
6.296117
6.2959747
6.295832
6.29569
6.295548
6.295406
6.295264
6.2951217
6.2949796
6.2948375
6.2946954
6.2945533
6.294411
6.294269
6.294127
6.2939844
6.2938423
6.2937
6.293558
6.2934165
6.2932744
6.2931323
6.29299
6.292848
6.2927065
6.292564
6.2924223
6.29228
6.292138
6.2919965
6.2918544
6.2917128
6.2915707
6.2914286
6.2912865
6.291145
6.2910028
6.290861
6.290719
6.2905774
6.290436
6.2902937
6.2901516
6.29001
6.2898684
6.2897263
6.2895846
6.289443
6.2893014
6.2891593
6.2890177
6.2888756
6.288734
6.2885923
6.2884507
6.2883086
6.288167
6.2880254
6.2878838
6.287742
6.2876005
6.287459
6.2873173
6.2871757
6.287034
6.2868924
6.286751
6.286609
6.2864676
6.286326
6.286185
6.2860427
6.2859015
6.28576
6.2856183
6.285477
6.285335
6.285194
6.2850523
6.284911
6.2847695
6.284628
6.2844863
6.284345
6.2842035
6.2840624
6.2839212
6.2837796
6.283638
6.283497
6.283355
6.283214
6.2830725
6.2829313
6.28279
6.2826486
6.2825074
6.2823663
6.2822247
6.2820835
6.2819424
6.2818007
6.2816596
6.2815185
6.2813773
6.281236
6.281095
6.2809534
6.2808123
6.280671
6.28053
6.280389
6.2802477
6.2801065
6.2799654
6.2798243
6.279683
6.279542
6.279401
6.2792597
6.2791185
6.2789774
6.2788367
6.2786956
6.2785544
6.2784133
6.2782726
6.2781315
6.2779903
6.277849
6.2777085
6.2775674
6.2774262
6.2772856
6.2771444
6.277004
6.2768626
6.276722
6.276581
6.27644
6.276299
6.276158
6.276017
6.2758765
6.2757354
6.2755947
6.275454
6.275313
6.275172
6.2750316
6.2748904
6.2747498
6.274609
6.2744684
6.2743278
6.274187
6.274046
6.2739053
6.2737646
6.273624
6.2734833
6.273342
6.273202
6.2730613
6.27292
6.27278
6.2726393
6.2724986
6.272358
6.2722173
6.2720766
6.271936
6.2717953
6.271655
6.2715144
6.2713737
6.271233
6.2710924
6.270952
6.2708116
6.270671
6.2705307
6.27039
6.2702494
6.270109
6.2699685
6.2698283
6.2696877
6.2695475
6.269407
6.2692666
6.269126
6.2689857
6.268845
6.268705
6.268564
6.268424
6.268284
6.2681437
6.2680035
6.267863
6.2677226
6.267582
6.2674417
6.2673016
6.2671614
6.2670207
6.266881
6.266741
6.2666
6.26646
6.2663198
6.2661796
6.2660394
6.265899
6.265759
6.265619
6.2654786
6.2653384
6.2651987
6.265058
6.2649183
6.264778
6.264638
6.2644978
6.2643576
6.2642174
6.2640777
6.2639375
6.2637973
6.263657
6.2635174
6.263377
6.2632375
6.2630973
6.262957
6.2628174
6.262677
6.2625375
6.2623973
6.2622576
6.2621174
6.2619777
6.2618375
6.261698
6.261558
6.261418
6.261278
6.261138
6.2609982
6.2608585
6.260719
6.2605786
6.260439
6.260299
6.2601595
6.2600193
6.25988
6.25974
6.2596
6.2594604
6.2593207
6.259181
6.2590413
6.2589016
6.258762
6.258622
6.2584825
6.2583427
6.258203
6.2580633
6.2579236
6.2577844
6.257644
6.2575045
6.257365
6.2572255
6.257086
6.256946
6.2568064
6.256667
6.2565274
6.256388
6.2562485
6.256109
6.2559695
6.25583
6.2556906
6.255551
6.2554116
6.255272
6.2551327
6.254993
6.2548532
6.254714
6.254575
6.254435
6.254296
6.254156
6.254017
6.2538776
6.2537384
6.2535987
6.2534595
6.25332
6.253181
6.2530417
6.252902
6.252763
6.2526236
6.2524843
6.2523446
6.252206
6.252066
6.2519274
6.2517877
6.2516484
6.2515097
6.25137
6.251231
6.251092
6.2509527
6.2508135
6.2506742
6.250535
6.250396
6.2502565
6.2501173
6.2499785
6.2498393
6.2497005
6.2495613
6.249422
6.2492833
6.249144
6.249005
6.248866
6.248727
6.2485876
6.2484484
6.2483096
6.248171
6.2480316
6.247893
6.2477536
6.247615
6.2474756
6.247337
6.2471976
6.247059
6.24692
6.246781
6.246642
6.2465034
6.246364
6.246226
6.2460866
6.245948
6.2458086
6.2456703
6.245531
6.245393
6.2452536
6.245115
6.244976
6.2448373
6.2446985
6.24456
6.244421
6.2442822
6.2441435
6.2440047
6.243866
6.243727
6.2435884
6.24345
6.2433114
6.2431726
6.243034
6.242895
6.242757
6.242618
6.2424793
6.242341
6.2422023
6.2420635
6.2419252
6.2417865
6.2416477
6.241509
6.2413707
6.2412324
6.2410936
6.240955
6.2408166
6.2406783
6.2405396
6.240401
6.2402625
6.240124
6.2399855
6.239847
6.2397084
6.2395706
6.239432
6.2392936
6.239155
6.2390165
6.2388783
6.23874
6.2386017
6.2384634
6.2383246
6.2381864
6.238048
6.23791
6.2377715
6.237633
6.237495
6.2373567
6.2372184
6.23708
6.236942
6.2368035
6.2366652
6.2365274
6.236389
6.236251
6.2361126
6.2359743
6.235836
6.2356977
6.23556
6.2354217
6.2352834
6.235145
6.235007
6.234869
6.2347307
6.234593
6.2344546
6.2343163
6.2341785
6.2340407
6.2339025
6.233764
6.2336264
6.233488
6.2333503
6.2332125
6.233074
6.2329364
6.232798
6.2326603
6.2325225
6.2323847
6.2322464
6.2321086
6.2319703
6.2318325
6.2316947
6.231557
6.231419
6.2312813
6.231143
6.231005
6.230868
6.2307296
6.230592
6.230454
6.230316
6.2301784
6.2300406
6.2299027
6.229765
6.229627
6.2294893
6.2293515
6.229214
6.2290764
6.2289386
6.228801
6.228663
6.2285256
6.228388
6.22825
6.228112
6.2279744
6.227837
6.2276993
6.2275615
6.227424
6.227287
6.227149
6.227011
6.226874
6.226736
6.2265987
6.226461
6.226323
6.226186
6.226048
6.225911
6.2257733
6.225636
6.225498
6.225361
6.2252235
6.2250857
6.2249484
6.224811
6.2246733
6.224536
6.2243986
6.2242613
6.2241235
6.2239866
6.2238493
6.2237115
6.223574
6.223437
6.2232995
6.223162
6.223025
6.2228875
6.22275
6.222613
6.2224755
6.222338
6.222201
6.2220635
6.221926
6.221789
6.221652
6.2215147
6.221378
6.2212405
6.2211027
6.220966
6.2208285
6.2206917
6.2205544
6.220417
6.22028
6.220143
6.220006
6.2198687
6.2197313
6.2195945
6.219457
6.2193203
6.219183
6.219046
6.218909
6.218772
6.218635
6.2184978
6.218361
6.2182236
6.2180867
6.21795
6.217813
6.2176757
6.217539
6.217402
6.217265
6.217128
6.216991
6.216854
6.2167172
6.2165804
6.2164435
6.2163067
6.21617
6.216033
6.2158957
6.215759
6.2156224
6.2154856
6.2153487
6.215212
6.215075
6.214938
6.2148013
6.2146645
6.2145276
6.214391
6.2142544
6.2141175
6.2139807
6.2138443
6.213707
6.2135706
6.213434
6.213297
6.2131605
6.2130237
6.2128873
6.2127504
6.2126136
6.212477
6.2123404
6.212204
6.212067
6.2119308
6.2117944
6.2116575
6.211521
6.2113843
6.211248
6.2111115
6.2109747
6.2108383
6.2107015
6.210565
6.2104287
6.2102923
6.2101555
6.210019
6.2098827
6.2097464
6.20961
6.2094736
6.209337
6.209201
6.209064
6.2089276
6.2087913
6.208655
6.2085185
6.208382
6.2082458
6.2081094
6.2079735
6.207837
6.2077003
6.207564
6.207428
6.2072916
6.207155
6.207019
6.206883
6.2067466
6.20661
6.2064743
6.2063375
6.2062016
6.206065
6.2059293
6.205793
6.2056565
6.2055206
6.2053843
6.205248
6.205112
6.204976
6.2048397
6.204704
6.2045674
6.2044315
6.2042956
6.2041593
6.204023
6.203887
6.203751
6.203615
6.203479
6.203343
6.203207
6.203071
6.2029347
6.202799
6.202663
6.202527
6.202391
6.2022552
6.202119
6.201983
6.201847
6.201711
6.2015753
6.2014394
6.2013035
6.2011676
6.2010317
6.200896
6.20076
6.200624
6.200488
6.2003527
6.2002163
6.200081
6.199945
6.199809
6.199673
6.1995373
6.199402
6.199266
6.19913
6.1989946
6.1988587
6.198723
6.1985874
6.1984515
6.198316
6.19818
6.198045
6.197909
6.197773
6.1976376
6.1975017
6.197366
6.1972303
6.197095
6.1969595
6.1968236
6.1966877
6.1965523
6.196417
6.1962814
6.196146
6.19601
6.1958747
6.1957393
6.1956034
6.195468
6.1953325
6.195197
6.1950617
6.1949263
6.194791
6.194655
6.1945195
6.194384
6.1942487
6.1941133
6.193978
6.1938424
6.193707
6.1935716
6.193436
6.1933007
6.193166
6.1930304
6.192895
6.1927595
6.192624
6.192489
6.1923532
6.1922183
6.192083
6.191948
6.191812
6.191677
6.1915417
6.1914067
6.1912713
6.191136
6.191001
6.1908655
6.19073
6.190595
6.19046
6.190325
6.1901894
6.1900544
6.1899195
6.1897845
6.189649
6.189514
6.1893787
6.189244
6.1891084
6.1889734
6.1888385
6.1887035
6.188568
6.188433
6.188298
6.1881633
6.188028
6.187893
6.187758
6.187623
6.187488
6.187353
6.187218
6.1870832
6.1869483
6.1868134
6.1866784
6.1865435
6.1864085
6.1862736
6.1861386
6.1860037
6.1858687
6.1857343
6.185599
6.1854644
6.1853294
6.1851945
6.1850595
6.184925
6.18479
6.184655
6.1845207
6.1843853
6.184251
6.184116
6.183981
6.1838465
6.183712
6.183577
6.183442
6.1833076
6.183173
6.183038
6.1829033
6.182769
6.182634
6.1824994
6.182365
6.1822305
6.1820955
6.181961
6.1818266
6.1816916
6.181557
6.1814227
6.181288
6.1811533
6.1810184
6.180884
6.1807494
6.180615
6.1804805
6.180346
6.1802115
6.180077
6.1799426
6.1798077
6.179673
6.179539
6.1794043
6.17927
6.179136
6.179001
6.178867
6.1787324
6.178598
6.1784635
6.178329
6.1781945
6.1780605
6.1779256
6.1777916
6.177657
6.1775227
6.1773887
6.177254
6.1771197
6.1769857
6.1768513
6.176717
6.176583
6.1764483
6.176314
6.17618
6.1760454
6.1759114
6.1757774
6.175643
6.175509
6.1753745
6.1752405
6.175106
6.174972
6.1748376
6.1747036
6.1745696
6.1744356
6.174301
6.174167
6.174033
6.1738987
6.1737647
6.1736307
6.1734967
6.1733627
6.1732283
6.1730943
6.1729603
6.1728263
6.1726923
6.1725583
6.1724243
6.1722903
6.1721563
6.172022
6.1718884
6.1717544
6.1716204
6.1714864
6.1713524
6.1712184
6.1710844
6.1709504
6.170817
6.170683
6.170549
6.170415
6.170281
6.1701474
6.1700134
6.1698794
6.1697454
6.169612
6.1694784
6.1693444
6.1692104
6.1690764
6.168943
6.1688094
6.1686754
6.168542
6.168408
6.1682744
6.1681404
6.168007
6.167873
6.1677394
6.167606
6.167472
6.1673384
6.1672044
6.167071
6.166937
6.1668034
6.16667
6.1665363
6.166403
6.166269
6.1661353
6.166002
6.1658683
6.165735
6.1656013
6.1654673
6.165334
6.1652007
6.1650667
6.1649337
6.1647997
6.1646667
6.1645327
6.1643996
6.1642656
6.1641326
6.163999
6.1638656
6.163732
6.1635985
6.1634655
6.163332
6.1631985
6.163065
6.1629314
6.162798
6.162665
6.1625314
6.1623983
6.162265
6.1621313
6.161998
6.1618648
6.1617312
6.161598
6.1614647
6.1613317
6.161198
6.161065
6.1609316
6.1607985
6.160665
6.160532
6.1603985
6.1602654
6.1601324
6.159999
6.159866
6.159733
6.1595993
6.1594663
6.159333
6.1592
6.1590667
6.1589336
6.1588006
6.1586676
6.1585345
6.1584015
6.158268
6.158135
6.158002
6.157869
6.157736
6.157603
6.1574697
6.1573367
6.1572037
6.1570706
6.1569376
6.156805
6.1566715
6.156539
6.156406
6.156273
6.15614
6.156007
6.155874
6.1557407
6.155608
6.155475
6.1553426
6.1552095
6.1550765
6.1549435
6.154811
6.154678
6.1545453
6.1544123
6.1542797
6.1541467
6.154014
6.153881
6.1537485
6.1536155
6.1534824
6.15335
6.153217
6.1530843
6.1529517
6.1528187
6.152686
6.152553
6.1524205
6.152288
6.1521554
6.1520224
6.15189
6.1517572
6.1516247
6.1514916
6.1513596
6.1512265
6.151094
6.1509614
6.150829
6.1506963
6.1505637
6.150431
6.1502986
6.1501656
6.1500335
6.1499004
6.1497684
6.149636
6.149503
6.1493707
6.149238
6.1491055
6.148973
6.1488404
6.148708
6.148576
6.148443
6.1483107
6.148178
6.148046
6.1479135
6.147781
6.1476483
6.1475163
6.1473837
6.1472516
6.147119
6.146987
6.1468544
6.146722
6.1465898
6.146457
6.146325
6.1461926
6.1460605
6.1459284
6.145796
6.1456637
6.145531
6.145399
6.145267
6.1451344
6.1450024
6.1448703
6.144738
6.1446056
6.1444736
6.1443415
6.144209
6.144077
6.1439447
6.1438127
6.1436806
6.1435485
6.143416
6.1432843
6.1431518
6.14302
6.1428876
6.1427555
6.1426234
6.1424913
6.1423597
6.142227
6.142095
6.1419635
6.1418314
6.1416993
6.141567
6.141435
6.1413035
6.1411715
6.1410394
6.1409073
6.140775
6.140643
6.1405115
6.1403794
6.140248
6.1401157
6.1399837
6.139852
6.13972
6.139588
6.1394563
6.139324
6.139192
6.1390605
6.138929
6.138797
6.138665
6.138533
6.1384015
6.13827
6.138138
6.138006
6.137874
6.1377425
6.137611
6.137479
6.137347
6.1372156
6.137084
6.1369524
6.1368203
6.1366887
6.136557
6.1364255
6.1362934
6.1361623
6.13603
6.1358986
6.135767
6.1356354
6.135504
6.135372
6.1352406
6.135109
6.1349773
6.1348457
6.134714
6.134583
6.1344514
6.1343193
6.1341877
6.1340566
6.133925
6.133794
6.133662
6.1335306
6.133399
6.1332674
6.133136
6.1330047
6.132873
6.1327415
6.1326103
6.1324787
6.1323476
6.132216
6.132085
6.1319532
6.1318216
6.1316905
6.131559
6.131428
6.1312966
6.131165
6.1310334
6.1309023
6.130771
6.1306396
6.1305084
6.1303773
6.1302457
6.1301146
6.1299834
6.129852
6.129721
6.1295896
6.1294584
6.129327
6.129196
6.1290646
6.1289334
6.1288023
6.128671
6.12854
6.128409
6.128278
6.1281466
6.128015
6.1278844
6.1277533
6.127622
6.1274905
6.12736
6.1272287
6.1270976
6.1269665
6.1268353
6.126704
6.126573
6.1264424
6.1263113
6.12618
6.1260495
6.1259184
6.1257873
6.125656
6.1255255
6.1253943
6.125263
6.1251326
6.1250014
6.1248703
6.1247396
6.1246085
6.124478
6.1243467
6.1242156
6.124085
6.1239543
6.123823
6.1236925
6.1235614
6.1234307
6.1232996
6.123169
6.1230383
6.122907
6.1227765
6.122646
6.122515
6.122384
6.1222534
6.122123
6.121992
6.121861
6.1217303
6.1215997
6.121469
6.1213384
6.1212077
6.121077
6.120946
6.1208153
6.120685
6.120554
6.1204233
6.1202927
6.1201625
6.120032
6.119901
6.11977
6.11964
6.119509
6.1193786
6.1192484
6.1191177
6.118987
6.1188564
6.118726
6.118595
6.118465
6.1183343
6.1182036
6.1180735
6.117943
6.117812
6.1176815
6.1175513
6.1174207
6.1172905
6.11716
6.117029
6.116899
6.116769
6.116638
6.1165075
6.1163774
6.116247
6.1161165
6.1159863
6.115856
6.1157255
6.1155953
6.1154647
6.1153345
6.1152043
6.115074
6.1149435
6.1148133
6.1146827
6.114553
6.1144223
6.114292
6.114162
6.114032
6.1139016
6.1137714
6.113641
6.113511
6.1133804
6.1132503
6.11312
6.1129904
6.11286
6.1127295
6.1125994
6.112469
6.112339
6.1122093
6.112079
6.111949
6.111819
6.1116886
6.111559
6.1114287
6.1112986
6.1111684
6.1110387
6.1109085
6.1107783
6.110648
6.110518
6.1103883
6.110258
6.1101284
6.109998
6.109868
6.1097383
6.109608
6.1094785
6.1093483
6.1092186
6.109089
6.1089587
6.1088285
6.108699
6.1085687
6.108439
6.1083093
6.108179
6.1080494
6.1079197
6.1077895
6.10766
6.10753
6.1074004
6.1072702
6.1071405
6.107011
6.106881
6.1067514
6.1066213
6.1064916
6.106362
6.106232
6.1061025
6.105973
6.105843
6.1057134
6.1055837
6.105454
6.1053243
6.1051946
6.105065
6.104935
6.1048055
6.104676
6.104546
6.1044164
6.104287
6.1041574
6.1040277
6.103898
6.1037683
6.103639
6.1035094
6.10338
6.1032505
6.103121
6.102991
6.1028614
6.102732
6.102603
6.1024733
6.1023436
6.1022143
6.1020846
6.101955
6.1018257
6.1016965
6.101567
6.1014376
6.101308
6.1011786
6.1010494
6.1009197
6.1007905
6.100661
6.1005316
6.100402
6.1002727
6.1001434
6.100014
6.0998845
6.0997553
6.099626
6.099497
6.099367
6.0992384
6.0991087
6.0989795
6.0988503
6.098721
6.098592
6.0984626
6.098333
6.098204
6.098075
6.0979457
6.0978165
6.0976872
6.097558
6.097429
6.0972996
6.0971704
6.097041
6.096912
6.0967827
6.0966535
6.0965247
6.0963955
6.0962663
6.0961375
6.0960083
6.095879
6.09575
6.095621
6.095492
6.095363
6.095234
6.0951047
6.094976
6.0948467
6.0947175
6.0945888
6.09446
6.094331
6.0942016
6.094073
6.0939436
6.093815
6.0936856
6.093557
6.093428
6.093299
6.09317
6.0930414
6.092912
6.0927835
6.0926547
6.092526
6.0923967
6.092268
6.0921392
6.0920105
6.0918813
6.0917525
6.091624
6.091495
6.0913663
6.0912375
6.091109
6.09098
6.090851
6.090722
6.0905933
6.0904646
6.090336
6.0902076
6.090079
6.08995
6.0898213
6.0896926
6.089564
6.089435
6.0893064
6.089178
6.0890493
6.0889206
6.088792
6.088663
6.088535
6.088406
6.0882773
6.0881486
6.0880203
6.0878916
6.0877633
6.0876346
6.087506
6.0873775
6.087249
6.08712
6.086992
6.086863
6.086735
6.0866065
6.0864778
6.0863495
6.0862207
6.0860925
6.0859637
6.0858355
6.085707
6.0855784
6.08545
6.0853214
6.0851936
6.085065
6.0849366
6.0848083
6.0846796
6.0845513
6.084423
6.084295
6.084166
6.084038
6.08391
6.0837812
6.083653
6.0835247
6.0833964
6.083268
6.08314
6.0830116
6.0828834
6.082755
6.082627
6.0824986
6.0823703
6.082242
6.0821137
6.081986
6.0818577
6.0817294
6.081601
6.081473
6.0813446
6.0812163
6.0810885
6.0809603
6.080832
6.0807037
6.080576
6.0804477
6.08032
6.0801916
6.0800633
6.0799356
6.0798073
6.0796795
6.079551
6.079423
6.079295
6.079167
6.079039
6.078911
6.078783
6.078655
6.078527
6.078399
6.0782714
6.078143
6.0780153
6.0778875
6.0777593
6.0776315
6.0775037
6.0773754
6.0772476
6.07712
6.0769916
6.076864
6.0767365
6.076608
6.0764804
6.0763526
6.076225
6.076097
6.075969
6.0758414
6.0757136
6.0755854
6.0754576
6.07533
6.075202
6.075074
6.0749464
6.074819
6.0746913
6.0745635
6.0744357
6.074308
6.0741806
6.074053
6.073925
6.073797
6.0736694
6.0735416
6.0734143
6.0732865
6.0731587
6.0730314
6.0729036
6.072776
6.072648
6.0725207
6.072393
6.0722656
6.0721383
6.07201
6.0718827
6.0717554
6.0716276
6.0715003
6.0713725
6.071245
6.0711174
6.07099
6.070863
6.070735
6.0706077
6.07048
6.0703526
6.0702252
6.0700974
6.06997
6.069843
6.0697155
6.0695877
6.0694604
6.069333
6.0692058
6.069078
6.0689507
6.068824
6.0686965
6.0685687
6.0684414
6.068314
6.0681868
6.0680594
6.067932
6.067805
6.0676775
6.06755
6.067423
6.0672956
6.067168
6.067041
6.0669136
6.066787
6.0666595
6.066532
6.066405
6.0662775
6.06615
6.0660233
6.065896
6.0657687
6.065642
6.0655146
6.0653872
6.06526
6.065133
6.065006
6.064879
6.0647516
6.0646243
6.0644975
6.0643706
6.0642433
6.0641165
6.063989
6.0638623
6.063735
6.063608
6.063481
6.063354
6.0632267
6.0631
6.062973
6.0628457
6.062719
6.062592
6.0624647
6.062338
6.062211
6.062084
6.061957
6.06183
6.061703
6.0615764
6.0614495
6.0613227
6.0611954
6.0610685
6.0609417
6.060815
6.060688
6.060561
6.0604343
6.0603075
6.0601807
6.060054
6.059927
6.0598
6.0596733
6.0595465
6.0594196
6.059293
6.0591664
6.0590396
6.0589128
6.058786
6.058659
6.0585327
6.058406
6.058279
6.058152
6.058026
6.057899
6.057772
6.057646
6.057519
6.057392
6.0572658
6.057139
6.0570126
6.0568857
6.056759
6.0566325
6.0565057
6.0563793
6.0562525
6.056126
6.0559998
6.055873
6.0557466
6.0556197
6.0554934
6.055367
6.05524
6.055114
6.0549874
6.0548606
6.054734
6.054608
6.0544815
6.0543547
6.0542283
6.054102
6.0539756
6.053849
6.053723
6.053596
6.0534697
6.0533433
6.053217
6.0530906
6.052964
6.052838
6.0527115
6.052585
6.052459
6.0523324
6.052206
6.0520797
6.0519533
6.051827
6.051701
6.0515747
6.0514483
6.051322
6.0511956
6.0510693
6.0509434
6.050817
6.0506907
6.050565
6.0504384
6.050312
6.0501857
6.05006
6.0499334
6.0498075
6.049681
6.049555
6.049429
6.0493026
6.0491767
6.0490503
6.0489244
6.048798
6.048672
6.048546
6.04842
6.0482936
6.0481677
6.048042
6.0479155
6.0477896
6.0476637
6.0475373
6.047411
6.0472856
6.047159
6.0470333
6.046907
6.0467815
6.046655
6.0465293
6.0464034
6.046277
6.046151
6.0460253
6.0458994
6.0457735
6.0456476
6.0455217
6.045396
6.04527
6.045144
6.045018
6.0448923
6.0447664
6.0446405
6.0445147
6.044389
6.044263
6.044137
6.0440116
6.0438857
6.04376
6.043634
6.043508
6.0433826
6.0432568
6.043131
6.043005
6.0428796
6.0427537
6.042628
6.0425024
6.0423765
6.0422506
6.042125
6.0419993
6.041874
6.041748
6.0416226
6.0414963
6.041371
6.041245
6.04112
6.040994
6.0408683
6.040743
6.040617
6.0404916
6.040366
6.0402403
6.040115
6.0399895
6.0398636
6.039738
6.039613
6.039487
6.0393615
6.039236
6.0391107
6.0389853
6.0388594
6.038734
6.0386086
6.038483
6.0383577
6.0382323
6.038107
6.0379815
6.037856
6.0377307
6.0376053
6.03748
6.037354
6.0372286
6.037103
6.036978
6.0368524
6.036727
6.036602
6.0364766
6.036351
6.036226
6.0361004
6.035975
6.03585
6.0357246
6.035599
6.035474
6.035349
6.0352235
6.035098
6.034973
6.0348473
6.0347223
6.034597
6.034472
6.0343466
6.034221
6.0340962
6.033971
6.033846
6.0337205
6.0335956
6.03347
6.033345
6.0332203
6.033095
6.03297
6.0328445
6.0327196
6.0325947
6.0324693
6.0323443
6.0322194
6.032094
6.031969
6.0318437
6.031719
6.031594
6.031469
6.031344
6.0312185
6.0310936
6.0309687
6.0308437
6.030719
6.030594
6.030469
6.030344
6.030219
6.030094
6.029969
6.0298443
6.0297194
6.0295944
6.0294695
6.0293446
6.029219
6.029094
6.02897
6.028845
6.02872
6.028595
6.02847
6.028345
6.0282207
6.0280957
6.027971
6.027846
6.0277214
6.0275965
6.0274715
6.027347
6.027222
6.027097
6.026973
6.026848
6.0267234
6.0265985
6.0264735
6.0263486
6.026224
6.026099
6.0259748
6.02585
6.0257254
6.025601
6.025476
6.0253515
6.0252266
6.025102
6.0249777
6.0248528
6.0247283
6.024604
6.024479
6.0243545
6.0242295
6.024105
6.0239806
6.023856
6.0237317
6.023607
6.0234823
6.023358
6.0232334
6.023109
6.0229845
6.02286
6.0227356
6.022611
6.022486
6.0223618
6.0222373
6.0221133
6.021989
6.021864
6.0217395
6.021615
6.0214906
6.021366
6.021242
6.0211177
6.020993
6.020869
6.0207443
6.0206203
6.020496
6.020371
6.020247
6.020123
6.019998
6.019874
6.0197496
6.019625
6.019501
6.0193768
6.0192523
6.0191283
6.019004
6.01888
6.0187554
6.0186315
6.018507
6.018383
6.0182586
6.0181346
6.01801
6.0178857
6.0177617
6.0176377
6.0175133
6.0173893
6.017265
6.017141
6.017017
6.0168924
6.0167685
6.0166445
6.0165205
6.016396
6.016272
6.016148
6.0160236
6.0158997
6.015776
6.0156517
6.0155277
6.0154037
6.01528
6.015156
6.0150313
6.0149074
6.0147834
6.0146594
6.0145354
6.0144114
6.0142875
6.0141635
6.01404
6.0139155
6.0137916
6.0136676
6.013544
6.01342
6.013296
6.013172
6.013048
6.012924
6.0128007
6.0126767
6.0125527
6.0124288
6.0123053
6.0121813
6.0120573
6.0119333
6.01181
6.011686
6.011562
6.0114384
6.0113144
6.011191
6.011067
6.0109434
6.0108194
6.010696
6.010572
6.0104485
6.0103245
6.0102005
6.010077
6.009953
6.0098295
6.009706
6.009582
6.0094585
6.009335
6.009211
6.0090876
6.008964
6.0088406
6.0087166
6.008593
6.008469
6.0083456
6.0082226
6.0080986
6.007975
6.0078516
6.007728
6.007604
6.0074806
6.007357
6.0072336
6.00711
6.0069866
6.006863
6.0067396
6.006616
6.0064926
6.006369
6.0062456
6.006122
6.0059986
6.005875
6.0057516
6.0056286
6.005505
6.0053816
6.005258
6.0051346
6.0050116
6.0048876
6.0047646
6.0046415
6.0045176
6.0043945
6.004271
6.0041475
6.0040245
6.003901
6.0037775
6.0036545
6.003531
6.003408
6.0032845
6.0031614
6.003038
6.002915
6.0027914
6.002668
6.002545
6.0024214
6.0022984
6.0021753
6.002052
6.001929
6.001806
6.0016823
6.0015593
6.001436
6.0013127
6.0011897
6.001066
6.0009437
6.00082
6.000697
6.000574
6.0004506
6.0003276
6.0002046
6.0000815
5.9999585
5.9998355
5.9997125
5.9995894
5.9994664
5.9993434
5.9992204
5.9990973
5.998974
5.998851
5.998728
5.998605
5.9984818
5.9983587
5.998236
5.998113
5.99799
5.997867
5.997744
5.997621
5.9974985
5.997375
5.9972525
5.9971294
5.9970064
5.9968834
5.996761
5.996638
5.996515
5.9963923
5.996269
5.996146
5.9960237
5.9959006
5.995778
5.995655
5.9955325
5.9954095
5.9952865
5.995164
5.995041
5.9949183
5.9947953
5.994673
5.9945498
5.994427
5.9943047
5.9941816
5.9940586
5.9939365
5.9938135
5.993691
5.993568
5.9934454
5.993323
5.9932003
5.9930773
5.9929547
5.992832
5.9927096
5.992587
5.992464
5.9923415
5.992219
5.9920964
5.991974
5.991851
5.9917283
5.9916058
5.991483
5.9913607
5.991238
5.9911156
5.9909935
5.990871
5.9907484
5.990626
5.9905033
5.990381
5.990258
5.9901357
5.990013
5.9898906
5.989768
5.989646
5.9895234
5.989401
5.9892783
5.9891562
5.9890337
5.988911
5.988789
5.9886665
5.988544
5.988422
5.9882994
5.9881773
5.9880543
5.987932
5.9878097
5.9876876
5.987565
5.987443
5.9873204
5.9871984
5.987076
5.9869537
5.9868317
5.986709
5.986587
5.9864645
5.9863424
5.98622
5.986098
5.9859757
5.985853
5.985731
5.985609
5.985487
5.9853644
5.9852424
5.9851203
5.984998
5.984876
5.9847536
5.9846315
5.9845095
5.9843874
5.984265
5.984143
5.9840207
5.9838986
5.9837766
5.9836545
5.9835324
5.9834104
5.9832883
5.983166
5.983044
5.9829226
5.9828005
5.9826784
5.982556
5.9824343
5.982312
5.98219
5.982068
5.981946
5.9818244
5.9817023
5.9815803
5.981458
5.9813366
5.9812145
5.9810925
5.980971
5.980849
5.9807267
5.980605
5.980483
5.980361
5.980239
5.9801173
5.9799953
5.9798737
5.9797516
5.97963
5.979508
5.9793863
5.9792643
5.9791427
5.979021
5.978899
5.9787774
5.9786553
5.9785333
5.978412
5.97829
5.9781685
5.9780464
5.977925
5.977803
5.977681
5.9775596
5.977438
5.9773164
5.977195
5.9770727
5.976951
5.9768295
5.976708
5.9765863
5.9764647
5.976343
5.9762216
5.9761
5.975978
5.9758563
5.9757347
5.975613
5.9754915
5.97537
5.9752483
5.9751267
5.975005
5.974884
5.9747624
5.974641
5.9745193
5.9743977
5.974276
5.974155
5.974033
5.973912
5.97379
5.9736686
5.973547
5.973426
5.9733043
5.9731827
5.9730616
5.97294
5.9728184
5.9726973
5.9725757
5.9724545
5.972333
5.9722114
5.9720902
5.9719687
5.971847
5.971726
5.9716043
5.9714837
5.971362
5.9712405
5.9711194
5.970998
5.9708767
5.9707556
5.970634
5.970513
5.9703918
5.97027
5.970149
5.970028
5.969907
5.969785
5.969664
5.969543
5.969422
5.9693003
5.969179
5.969058
5.968937
5.9688153
5.968694
5.968573
5.968452
5.968331
5.9682097
5.9680886
5.9679675
5.9678464
5.9677253
5.967604
5.967483
5.967362
5.967241
5.9671197
5.966999
5.966878
5.966757
5.966635
5.9665146
5.9663935
5.966273
5.966151
5.96603
5.9659095
5.9657884
5.9656672
5.9655466
5.9654255
5.9653044
5.9651837
5.9650626
5.9649415
5.964821
5.9646997
5.964579
5.964458
5.964337
5.964216
5.964095
5.9639745
5.9638534
5.9637322
5.9636116
5.963491
5.9633703
5.963249
5.963128
5.9630075
5.962887
5.9627657
5.962645
5.9625244
5.9624033
5.9622827
5.962162
5.962041
5.9619203
5.9617996
5.961679
5.9615583
5.961437
5.9613166
5.961196
5.9610753
5.9609547
5.960834
5.9607134
5.9605927
5.9604716
5.960351
5.9602304
5.9601097
5.959989
5.9598684
5.959748
5.959627
5.9595065
5.959386
5.959265
5.9591446
5.959024
5.958904
5.958783
5.9586625
5.958542
5.958421
5.958301
5.9581804
5.95806
5.957939
5.957819
5.9576983
5.9575777
5.9574575
5.957337
5.9572163
5.957096
5.956975
5.956855
5.9567347
5.956614
5.956494
5.956373
5.956253
5.9561324
5.9560122
5.9558916
5.955771
5.955651
5.95553
5.95541
5.9552894
5.955169
5.955049
5.9549284
5.954808
5.954688
5.9545674
5.9544473
5.954327
5.9542065
5.9540863
5.953966
5.953846
5.953726
5.953605
5.953485
5.953365
5.9532447
5.9531245
5.9530044
5.952884
5.9527636
5.9526434
5.952523
5.952403
5.952283
5.9521627
5.9520426
5.9519224
5.9518023
5.951682
5.951562
5.9514422
5.951322
5.951202
5.9510813
5.9509616
5.9508414
5.9507213
5.9506016
5.950481
5.950361
5.950241
5.950121
5.950001
5.9498806
5.949761
5.9496408
5.9495206
5.949401
5.9492807
5.9491606
5.949041
5.9489207
5.948801
5.948681
5.948561
5.948441
5.948321
5.948201
5.948081
5.9479613
5.9478416
5.9477215
5.947602
5.9474816
5.947362
5.947242
5.947122
5.9470024
5.9468822
5.9467626
5.946643
5.9465227
5.946403
5.9462833
5.9461637
5.9460435
5.945924
5.945804
5.9456844
5.9455647
5.9454446
5.945325
5.945205
5.9450855
5.944966
5.944846
5.9447265
5.944607
5.944487
5.9443674
5.9442477
5.944128
5.9440084
5.9438887
5.943769
5.9436493
5.9435296
5.94341
5.94329
5.9431705
5.943051
5.942931
5.942812
5.9426923
5.9425726
5.942453
5.942333
5.942214
5.9420943
5.9419746
5.941855
5.9417357
5.941616
5.9414964
5.941377
5.9412575
5.9411383
5.9410186
5.940899
5.9407797
5.94066
5.940541
5.940421
5.940302
5.940182
5.940063
5.9399433
5.939824
5.9397044
5.939585
5.9394655
5.9393463
5.939227
5.9391074
5.938988
5.938869
5.9387493
5.93863
5.938511
5.938391
5.938272
5.938153
5.9380336
5.937914
5.9377947
5.9376755
5.9375563
5.937437
5.9373174
5.937198
5.937079
5.9369597
5.936841
5.9367213
5.936602
5.936483
5.9363637
5.9362445
5.9361253
5.936006
5.935887
5.9357677
5.935649
5.9355297
5.9354105
5.9352913
5.935172
5.935053
5.9349337
5.9348145
5.9346957
5.9345765
5.9344573
5.934338
5.934219
5.9341
5.933981
5.9338617
5.933743
5.933624
5.9335046
5.933386
5.9332666
5.9331474
5.9330287
5.9329095
5.9327908
5.9326715
5.9325523
5.9324336
5.9323144
5.9321957
5.9320765
5.9319577
5.9318385
5.93172
5.931601
5.9314823
5.931363
5.931244
5.931125
5.9310064
5.9308877
5.9307685
5.9306498
5.930531
5.9304123
5.930293
5.9301744
5.9300556
5.929937
5.9298177
5.929699
5.92958
5.9294615
5.9293427
5.929224
5.929105
5.928986
5.9288673
5.9287486
5.92863
5.9285116
5.9283924
5.9282737
5.928155
5.928036
5.927918
5.927799
5.9276805
5.9275618
5.927443
5.9273243
5.9272056
5.927087
5.926968
5.9268494
5.926731
5.9266124
5.9264936
5.926375
5.926256
5.926138
5.926019
5.9259005
5.925782
5.9256635
5.925545
5.9254265
5.9253078
5.9251895
5.925071
5.9249525
5.924834
5.924715
5.924597
5.924478
5.92436
5.924241
5.924123
5.924004
5.923886
5.923767
5.923649
5.92353
5.9234123
5.9232936
5.9231753
5.9230566
5.9229383
5.92282
5.9227014
5.922583
5.922465
5.922346
5.922228
5.9221096
5.9219913
5.921873
5.9217544
5.921636
5.921518
5.9213996
5.9212813
5.9211626
5.921045
5.9209266
5.9208083
5.92069
5.920572
5.920453
5.920335
5.9202166
5.9200983
5.91998
5.919862
5.919744
5.9196258
5.9195075
5.9193892
5.919271
5.9191527
5.919035
5.9189167
5.9187984
5.91868
5.918562
5.9184437
5.918326
5.9182076
5.9180894
5.917971
5.9178534
5.9177356
5.9176173
5.917499
5.917381
5.917263
5.917145
5.917027
5.9169087
5.9167905
5.9166727
5.9165545
5.9164367
5.916319
5.9162006
5.916083
5.9159646
5.915847
5.9157286
5.915611
5.9154925
5.9153748
5.915257
5.9151387
5.915021
5.9149027
5.9147854
5.914667
5.9145494
5.9144316
5.9143133
5.9141955
5.9140778
5.91396
5.9138417
5.913724
5.913606
5.9134884
5.9133706
5.913253
5.913135
5.9130173
5.9128995
5.9127812
5.9126635
5.9125457
5.912428
5.9123106
5.912193
5.912075
5.9119573
5.9118395
5.9117217
5.911604
5.911486
5.9113684
5.9112506
5.9111333
5.9110155
5.9108977
5.91078
5.910662
5.9105444
5.910427
5.9103093
5.9101915
5.9100738
5.9099565
5.9098387
5.9097214
5.9096036
5.909486
5.9093685
5.9092507
5.909133
5.9090157
5.908898
5.90878
5.908663
5.9085455
5.9084277
5.9083104
5.9081926
5.9080753
5.9079576
5.9078403
5.907723
5.907605
5.907488
5.90737
5.907253
5.907135
5.9070177
5.9069004
5.9067826
5.906666
5.906548
5.9064307
5.9063134
5.9061956
5.9060783
5.905961
5.9058437
5.905726
5.905609
5.9054914
5.905374
5.9052567
5.9051394
5.905022
5.904905
5.9047875
5.90467
5.904553
5.9044356
5.9043183
5.904201
5.9040837
5.9039664
5.903849
5.903732
5.9036145
5.903497
5.90338
5.9032626
5.903146
5.9030285
5.902911
5.902794
5.902677
5.9025598
5.9024425
5.902325
5.902208
5.902091
5.9019737
5.9018564
5.9017396
5.9016223
5.901505
5.901388
5.901271
5.9011536
5.9010367
5.90092
5.9008026
5.9006853
5.9005685
5.900451
5.9003344
5.9002175
5.9001
5.899983
5.899866
5.899749
5.899632
5.899515
5.8993983
5.899281
5.899164
5.899047
5.89893
5.8988132
5.8986964
5.898579
5.8984623
5.8983455
5.898228
5.8981113
5.8979945
5.8978777
5.897761
5.897644
5.8975267
5.89741
5.897293
5.8971763
5.8970594
5.8969426
5.896826
5.896709
5.896592
5.8964753
5.896358
5.8962417
5.896125
5.896008
5.895891
5.8957744
5.8956575
5.8955407
5.895424
5.895307
5.8951907
5.895074
5.894957
5.8948402
5.8947234
5.894607
5.8944902
5.8943734
5.894257
5.8941402
5.8940234
5.8939066
5.89379
5.8936734
5.8935566
5.8934402
5.8933234
5.8932066
5.8930902
5.8929734
5.8928566
5.8927402
5.892624
5.892507
5.8923903
5.892274
5.8921576
5.8920407
5.8919244
5.8918076
5.891691
5.8915744
5.891458
5.8913417
5.891225
5.8911085
5.8909917
5.890876
5.890759
5.8906426
5.890526
5.8904095
5.890293
5.8901763
5.8900604
5.8899436
5.8898273
5.889711
5.8895946
5.889478
5.889362
5.889245
5.8891287
5.889013
5.888896
5.8887796
5.8886633
5.888547
5.8884306
5.8883142
5.888198
5.8880816
5.887965
5.8878493
5.887733
5.8876166
5.8875003
5.887384
5.8872676
5.8871512
5.887035
5.8869185
5.886802
5.886686
5.88657
5.8864536
5.8863373
5.8862214
5.886105
5.8859887
5.885873
5.8857565
5.88564
5.885524
5.885408
5.8852916
5.8851757
5.8850594
5.884943
5.884827
5.884711
5.884595
5.8844786
5.8843627
5.884247
5.8841305
5.884014
5.8838983
5.8837824
5.883666
5.88355
5.883434
5.883318
5.883202
5.8830857
5.88297
5.8828535
5.882738
5.882622
5.882506
5.8823895
5.882274
5.882158
5.882042
5.881926
5.8818097
5.881694
5.881578
5.881462
5.881346
5.88123
5.8811145
5.8809986
5.8808823
5.8807664
5.880651
5.8805346
5.880419
5.880303
5.8801875
5.880071
5.8799553
5.8798394
5.8797235
5.879608
5.8794923
5.8793764
5.8792605
5.8791447
5.879029
5.878913
5.878797
5.8786817
5.878566
5.87845
5.878334
5.878218
5.878103
5.877987
5.877871
5.8777556
5.87764
5.8775244
5.8774085
5.877293
5.8771772
5.8770614
5.8769455
5.87683
5.8767147
5.876599
5.876483
5.8763676
5.8762517
5.8761363
5.8760204
5.875905
5.8757896
5.875674
5.8755584
5.8754425
5.875327
5.8752112
5.875096
5.8749804
5.874865
5.874749
5.874634
5.8745184
5.8744025
5.874287
5.8741717
5.8740563
5.8739405
5.873825
5.8737097
5.8735943
5.873479
5.873363
5.873248
5.873132
5.873017
5.8729014
5.872786
5.8726707
5.8725553
5.87244
5.8723245
5.872209
5.8720937
5.8719783
5.871863
5.8717475
5.871632
5.8715167
5.8714013
5.871286
5.8711705
5.8710556
5.87094
5.870825
5.8707094
5.8705945
5.870479
5.8703637
5.8702483
5.870133
5.870018
5.8699026
5.869787
5.8696723
5.869557
5.8694415
5.8693266
5.869211
5.8690963
5.868981
5.8688655
5.86875
5.868635
5.86852
5.868405
5.86829
5.8681746
5.868059
5.8679442
5.8678293
5.867714
5.8675985
5.8674836
5.8673687
5.8672533
5.8671384
5.8670235
5.866908
5.866793
5.866678
5.866563
5.866448
5.866333
5.866218
5.8661027
5.865988
5.865873
5.865758
5.865643
5.8655276
5.8654127
5.865298
5.865183
5.865068
5.864953
5.864838
5.864723
5.864608
5.8644934
5.864378
5.864263
5.8641486
5.864033
5.8639183
5.863804
5.863689
5.863574
5.8634586
5.863344
5.8632293
5.8631144
5.8629994
5.8628845
5.86277
5.862655
5.8625402
5.8624253
5.8623104
5.8621955
5.862081
5.861966
5.861851
5.8617363
5.861622
5.861507
5.861392
5.8612776
5.8611627
5.8610477
5.8609333
5.8608184
5.860704
5.860589
5.8604746
5.86036
5.860245
5.8601303
5.860016
5.859901
5.8597865
5.859672
5.859557
5.859442
5.859328
5.8592134
5.8590984
5.858984
5.8588696
5.8587546
5.85864
5.8585258
5.858411
5.8582964
5.858182
5.858067
5.8579526
5.857838
5.8577237
5.8576093
5.8574944
5.8573804
5.8572655
5.857151
5.8570366
5.856922
5.8568077
5.8566933
5.856579
5.856464
5.85635
5.856235
5.856121
5.856006
5.8558917
5.8557777
5.855663
5.8555484
5.8554344
5.85532
5.8552055
5.855091
5.8549767
5.854862
5.854748
5.8546333
5.8545194
5.854405
5.8542905
5.854176
5.8540616
5.8539476
5.853833
5.8537188
5.853605
5.8534904
5.8533764
5.853262
5.8531475
5.8530335
5.852919
5.8528047
5.8526907
5.8525763
5.8524623
5.852348
5.8522334
5.852119
5.852005
5.851891
5.8517766
5.8516626
5.8515487
5.851434
5.85132
5.851206
5.851092
5.850978
5.8508635
5.850749
5.850635
5.850521
5.8504066
5.8502927
5.8501787
5.8500648
5.8499503
5.8498363
5.8497224
5.8496084
5.8494945
5.84938
5.849266
5.849152
5.849038
5.848924
5.84881
5.848696
5.8485823
5.848468
5.848354
5.84824
5.848126
5.848012
5.8478985
5.847784
5.84767
5.847556
5.847442
5.8473287
5.8472147
5.8471003
5.846987
5.846873
5.846759
5.846645
5.8465314
5.8464174
5.8463035
5.8461895
5.8460755
5.845962
5.845848
5.845734
5.84562
5.845506
5.8453927
5.8452787
5.8451653
5.8450513
5.8449373
5.8448234
5.84471
5.844596
5.8444824
5.8443685
5.8442545
5.844141
5.844027
5.8439136
5.8437996
5.843686
5.8435726
5.8434587
5.843345
5.843231
5.843117
5.8430037
5.8428903
5.842777
5.842663
5.842549
5.8424354
5.842322
5.8422084
5.8420944
5.841981
5.8418674
5.841754
5.84164
5.8415265
5.841413
5.8412995
5.841186
5.8410726
5.8409586
5.840845
5.8407316
5.840618
5.8405046
5.840391
5.8402777
5.840164
5.8400507
5.839937
5.8398237
5.83971
5.8395963
5.8394833
5.8393693
5.8392563
5.839143
5.8390293
5.838916
5.8388023
5.838689
5.8385754
5.838462
5.838349
5.8382354
5.838122
5.8380084
5.8378954
5.837782
5.8376684
5.837555
5.837442
5.8373284
5.837215
5.8371015
5.836988
5.836875
5.8367615
5.8366485
5.836535
5.836422
5.8363085
5.836195
5.836082
5.8359685
5.8358555
5.835742
5.835629
5.8355155
5.8354025
5.835289
5.835176
5.835063
5.8349495
5.8348365
5.834723
5.83461
5.8344965
5.8343835
5.8342705
5.8341575
5.834044
5.833931
5.8338175
5.8337045
5.8335915
5.8334785
5.833365
5.833252
5.833139
5.833026
5.832913
5.8328
5.8326864
5.8325734
5.832461
5.8323474
5.8322344
5.8321214
5.8320084
5.8318954
5.8317823
5.8316693
5.8315563
5.8314433
5.8313303
5.8312173
5.8311043
5.8309913
5.8308783
5.8307652
5.830652
5.830539
5.8304267
5.830313
5.8302007
5.8300877
5.8299747
5.8298616
5.829749
5.829636
5.829523
5.82941
5.8292975
5.8291845
5.8290715
5.828959
5.828846
5.828733
5.82862
5.8285074
5.8283944
5.828282
5.828169
5.828056
5.8279433
5.8278303
5.8277173
5.827605
5.827492
5.827379
5.8272667
5.8271537
5.827041
5.8269286
5.8268156
5.826703
5.82659
5.8264775
5.8263645
5.826252
5.826139
5.8260264
5.825914
5.8258014
5.825689
5.825576
5.8254633
5.8253503
5.8252378
5.825125
5.8250127
5.8248997
5.824787
5.824675
5.824562
5.8244495
5.824337
5.8242245
5.8241115
5.8239994
5.823887
5.823774
5.823662
5.823549
5.8234363
5.823324
5.823211
5.823099
5.822986
5.822874
5.822761
5.822649
5.822536
5.822424
5.8223114
5.822199
5.8220863
5.8219743
5.8218617
5.821749
5.8216367
5.821524
5.821412
5.8212996
5.821187
5.8210745
5.8209624
5.82085
5.8207374
5.8206253
5.820513
5.8204
5.8202877
5.8201756
5.820063
5.819951
5.8198385
5.819726
5.819614
5.819502
5.8193893
5.819277
5.8191648
5.819052
5.81894
5.8188276
5.8187156
5.818603
5.818491
5.818379
5.8182664
5.8181543
5.8180423
5.8179297
5.8178177
5.817705
5.817593
5.817481
5.817369
5.817257
5.8171444
5.8170323
5.8169203
5.8168077
5.8166957
5.8165836
5.8164716
5.8163595
5.816247
5.816135
5.8160233
5.8159113
5.8157988
5.8156867
5.8155746
5.8154626
5.8153505
5.8152385
5.8151264
5.8150144
5.8149023
5.8147902
5.814678
5.814566
5.814454
5.814342
5.81423
5.8141184
5.814006
5.8138943
5.813782
5.81367
5.813558
5.8134465
5.8133345
5.8132224
5.8131104
5.8129983
5.8128867
5.8127747
5.8126626
5.812551
5.812439
5.812327
5.8122153
5.8121033
5.811991
5.8118796
5.8117676
5.8116555
5.811544
5.811432
5.8113203
5.8112082
5.8110967
5.8109846
5.810873
5.8107615
5.8106494
5.8105373
5.8104258
5.8103137
5.810202
5.81009
5.8099785
5.809867
5.809755
5.8096433
5.8095317
5.8094196
5.809308
5.8091965
5.8090844
5.808973
5.8088613
5.8087497
5.808638
5.808526
5.8084145
5.808303
5.8081913
5.8080797
5.8079677
5.807856
5.8077445
5.8076334
5.8075213
5.80741
5.807298
5.8071866
5.807075
5.8069634
5.806852
5.8067403
5.8066287
5.806517
5.8064055
5.806294
5.8061824
5.806071
5.805959
5.805848
5.805736
5.805625
5.8055134
5.805402
5.80529
5.8051786
5.8050675
5.804956
5.8048444
5.804733
5.804621
5.80451
5.8043985
5.8042874
5.804176
5.8040643
5.803953
5.8038416
5.80373
5.803619
5.8035073
5.803396
5.8032846
5.803173
5.803062
5.8029504
5.8028393
5.8027277
5.8026166
5.802505
5.802394
5.8022823
5.8021708
5.8020597
5.8019485
5.8018374
5.801726
5.8016148
5.801503
5.801392
5.8012805
5.8011694
5.8010583
5.800947
5.8008356
5.8007245
5.8006134
5.8005023
5.8003907
5.8002796
5.8001685
5.8000574
5.7999463
5.7998347
5.7997236
5.7996125
5.7995014
5.7993903
5.799279
5.799168
5.799057
5.798946
5.798835
5.7987237
5.798612
5.7985015
5.7983904
5.7982793
5.798168
5.798057
5.797946
5.797835
5.797724
5.7976127
5.7975016
5.7973905
5.79728
5.7971683
5.7970576
5.7969465
5.7968354
5.796725
5.7966137
5.7965026
5.7963915
5.796281
5.7961693
5.7960587
5.7959476
5.795837
5.795726
5.795615
5.795504
5.795393
5.7952824
5.7951713
5.7950606
5.7949495
5.7948384
5.794728
5.7946167
5.7945056
5.794395
5.7942843
5.7941732
5.7940626
5.7939515
5.793841
5.79373
5.793619
5.7935085
5.7933974
5.793287
5.7931757
5.793065
5.7929544
5.792844
5.7927327
5.792622
5.7925115
5.7924004
5.7922897
5.792179
5.792068
5.7919574
5.7918468
5.791736
5.7916255
5.7915144
5.791404
5.791293
5.7911825
5.791072
5.7909613
5.7908506
5.79074
5.7906294
5.7905188
5.790408
5.7902975
5.790187
5.7900763
5.7899656
5.789855
5.7897444
5.7896338
5.789523
5.7894125
5.789302
5.7891912
5.789081
5.7889705
5.78886
5.788749
5.7886386
5.788528
5.788418
5.788307
5.7881966
5.7880864
5.787976
5.787865
5.7877545
5.7876444
5.7875338
5.787423
5.7873125
5.7872024
5.7870917
5.7869816
5.786871
5.786761
5.78665
5.78654
5.7864294
5.786319
5.7862086
5.786098
5.785988
5.785877
5.785767
5.785657
5.7855463
5.7854357
5.7853255
5.7852154
5.7851048
5.7849946
5.7848845
5.784774
5.7846637
5.784553
5.784443
5.7843328
5.7842226
5.7841125
5.784002
5.7838917
5.783781
5.783671
5.7835608
5.7834506
5.7833405
5.7832303
5.78312
5.78301
5.7829
5.782789
5.782679
5.782569
5.782459
5.7823486
5.7822385
5.7821283
5.782018
5.781908
5.7817974
5.7816877
5.7815776
5.7814674
5.7813573
5.781247
5.781137
5.781027
5.7809167
5.780807
5.780697
5.7805867
5.7804766
5.7803664
5.7802567
5.780146
5.7800364
5.7799263
5.779816
5.779706
5.7795963
5.779486
5.779376
5.7792664
5.779156
5.7790465
5.778936
5.778826
5.778716
5.7786064
5.7784963
5.7783866
5.7782764
5.7781663
5.7780566
5.7779465
5.777837
5.7777267
5.777617
5.7775073
5.777397
5.7772875
5.7771773
5.777067
5.7769575
5.776848
5.7767377
5.776628
5.7765183
5.776408
5.7762985
5.776189
5.7760787
5.775969
5.7758594
5.7757497
5.7756395
5.77553
5.77542
5.7753105
5.775201
5.7750907
5.774981
5.7748713
5.7747617
5.774652
5.7745423
5.7744327
5.774323
5.774213
5.774103
5.7739935
5.773884
5.773774
5.7736645
5.773555
5.773445
5.7733355
5.773226
5.773116
5.773007
5.772897
5.772787
5.7726774
5.7725677
5.7724586
5.772349
5.772239
5.7721295
5.77202
5.77191
5.771801
5.7716913
5.7715816
5.771472
5.771363
5.771253
5.7711434
5.771034
5.7709246
5.770815
5.770705
5.770596
5.7704864
5.7703767
5.7702675
5.770158
5.7700486
5.769939
5.7698293
5.76972
5.7696104
5.769501
5.7693915
5.7692823
5.7691727
5.7690635
5.768954
5.7688446
5.768735
5.768626
5.7685165
5.7684073
5.7682977
5.768188
5.7680793
5.7679696
5.7678604
5.767751
5.7676415
5.7675323
5.767423
5.7673135
5.7672043
5.767095
5.766986
5.766876
5.766767
5.766658
5.7665486
5.7664394
5.76633
5.7662206
5.7661114
5.7660027
5.765893
5.765784
5.7656746
5.7655654
5.765456
5.765347
5.765238
5.7651286
5.7650194
5.76491
5.764801
5.764692
5.7645826
5.7644734
5.7643642
5.764255
5.764146
5.7640367
5.7639275
5.7638187
5.7637095
5.7636003
5.7634916
5.7633824
5.7632732
5.763164
5.763055
5.762946
5.762837
5.762728
5.7626185
5.76251
5.7624006
5.762292
5.7621827
5.7620735
5.761965
5.7618556
5.7617464
5.7616377
5.761529
5.7614193
5.7613106
5.761202
5.7610927
5.760984
5.7608747
5.760766
5.760657
5.760548
5.760439
5.76033
5.7602215
5.7601123
5.7600036
5.7598944
5.7597857
5.7596765
5.7595677
5.759459
5.75935
5.7592416
5.7591324
5.7590237
5.758915
5.7588058
5.758697
5.7585883
5.758479
5.758371
5.7582617
5.758153
5.7580442
5.7579355
5.757827
5.7577176
5.757609
5.7575006
5.7573915
5.7572827
5.757174
5.7570653
5.7569566
5.756848
5.756739
5.7566304
5.7565217
5.756413
5.7563043
5.7561955
5.756087
5.755978
5.75587
5.755761
5.7556524
5.7555437
5.755435
5.7553263
5.755218
5.7551093
5.7550006
5.754892
5.754783
5.7546744
5.7545657
5.7544575
5.7543488
5.7542405
5.754132
5.754023
5.7539144
5.753806
5.7536974
5.753589
5.7534804
5.7533717
5.7532635
5.7531548
5.7530465
5.752938
5.7528296
5.752721
5.752612
5.752504
5.7523956
5.752287
5.7521787
5.75207
5.751961
5.751853
5.7517447
5.751636
5.751528
5.7514195
5.7513113
5.7512026
5.7510943
5.7509856
5.7508774
5.750769
5.750661
5.750552
5.750444
5.7503357
5.7502275
5.7501187
5.7500105
5.7499022
5.749794
5.749686
5.7495775
5.749469
5.7493606
5.7492523
5.749144
5.749036
5.7489276
5.7488194
5.7487106
5.748603
5.7484946
5.7483864
5.7482777
5.7481694
5.7480617
5.7479534
5.747845
5.747737
5.7476287
5.7475204
5.747412
5.7473044
5.747196
5.747088
5.7469797
5.7468715
5.746763
5.746655
5.7465467
5.746439
5.7463307
5.7462225
5.7461143
5.7460065
5.7458982
5.74579
5.7456822
5.745574
5.7454658
5.745358
5.7452497
5.7451415
5.7450333
5.7449255
5.7448177
5.7447095
5.7446017
5.7444935
5.7443852
5.7442775
5.744169
5.7440615
5.743953
5.7438455
5.7437377
5.7436295
5.743521
5.7434134
5.7433057
5.7431974
5.7430897
5.7429814
5.7428737
5.742766
5.7426577
5.74255
5.742442
5.742334
5.7422266
5.7421184
5.7420106
5.7419024
5.7417946
5.741687
5.741579
5.741471
5.7413635
5.7412553
5.7411475
5.7410398
5.740932
5.740824
5.740716
5.7406087
5.7405005
5.7403927
5.7402854
5.740177
5.7400694
5.739962
5.739854
5.739746
5.739639
5.7395306
5.739423
5.739315
5.7392077
5.7391
5.738992
5.7388844
5.7387767
5.738669
5.738561
5.7384534
5.738346
5.7382383
5.7381306
5.738023
5.737915
5.7378078
5.7377
5.737592
5.737485
5.737377
5.7372694
5.7371616
5.7370543
5.7369466
5.7368393
5.7367315
5.736624
5.7365165
5.7364087
5.7363014
5.7361937
5.736086
5.735978
5.735871
5.7357635
5.735656
5.7355485
5.7354407
5.735333
5.7352257
5.7351184
5.735011
5.7349033
5.7347956
5.7346883
5.734581
5.734473
5.734366
5.7342587
5.7341514
5.7340436
5.7339363
5.733829
5.7337213
5.733614
5.7335067
5.733399
5.733292
5.7331843
5.733077
5.7329693
5.732862
5.7327547
5.7326474
5.73254
5.732433
5.7323256
5.7322183
5.732111
5.7320037
5.731896
5.731789
5.7316813
5.7315745
5.731467
5.7313595
5.731252
5.731145
5.731038
5.730931
5.730823
5.730716
5.730609
5.7305017
5.7303944
5.730287
5.73018
5.7300725
5.7299657
5.7298584
5.729751
5.729644
5.7295365
5.7294297
5.7293224
5.729215
5.729108
5.7290006
5.7288938
5.7287865
5.7286797
5.7285724
5.728465
5.7283583
5.728251
5.7281437
5.728037
5.7279296
5.7278223
5.7277155
5.727608
5.7275014
5.727394
5.7272873
5.72718
5.727073
5.7269664
5.726859
5.726752
5.726645
5.7265377
5.726431
5.726324
5.726217
5.72611
5.7260027
5.725896
5.725789
5.7256823
5.725575
5.725468
5.725361
5.725254
5.7251472
5.72504
5.7249336
5.724827
5.7247195
5.7246127
5.724506
5.7243986
5.724292
5.724185
5.724078
5.7239714
5.7238646
5.7237577
5.723651
5.7235436
5.7234373
5.72333
5.7232237
5.7231164
5.72301
5.722903
5.7227964
5.722689
5.722583
5.7224755
5.7223687
5.7222624
5.722155
5.7220488
5.721942
5.721835
5.7217283
5.7216215
5.7215147
5.7214084
5.7213016
5.7211947
5.721088
5.720981
5.7208743
5.720768
5.720661
5.7205544
5.7204475
5.720341
5.720235
5.720128
5.7200212
5.7199144
5.7198076
5.7197013
5.719595
5.719488
5.7193813
5.719275
5.719168
5.7190614
5.718955
5.718848
5.718742
5.718635
5.7185287
5.718422
5.7183156
5.718209
5.7181025
5.7179956
5.7178893
5.717783
5.717676
5.71757
5.7174635
5.7173567
5.7172503
5.717144
5.717037
5.716931
5.7168245
5.7167177
5.7166114
5.716505
5.7163987
5.716292
5.7161856
5.716079
5.715973
5.715866
5.71576
5.715654
5.715547
5.7154408
5.7153344
5.715228
5.7151217
5.7150154
5.7149086
5.7148027
5.7146964
5.7145896
5.7144837
5.714377
5.714271
5.7141647
5.714058
5.713952
5.7138457
5.7137394
5.713633
5.7135267
5.7134204
5.713314
5.7132077
5.7131014
5.7129955
5.7128887
5.712783
5.7126765
5.7125707
5.7124643
5.7123575
5.7122517
5.7121453
5.712039
5.711933
5.711827
5.7117205
5.7116146
5.7115083
5.711402
5.711296
5.7111897
5.711084
5.7109776
5.710871
5.7107654
5.710659
5.710553
5.710447
5.7103405
5.7102346
5.7101283
5.7100224
5.7099166
5.7098103
5.7097044
5.709598
5.709492
5.709386
5.70928
5.7091737
5.709068
5.708962
5.7088556
5.70875
5.708644
5.7085376
5.7084317
5.708326
5.70822
5.7081137
5.708008
5.707902
5.707796
5.70769
5.707584
5.707478
5.707372
5.7072663
5.7071605
5.707054
5.7069483
5.7068424
5.7067366
5.7066307
5.7065244
5.706419
5.706313
5.706207
5.706101
5.7059956
5.7058897
5.7057834
5.705678
5.705572
5.705466
5.7053604
5.705254
5.7051487
5.705043
5.704937
5.704831
5.7047253
5.7046194
5.7045135
5.704408
5.7043023
5.7041965
5.7040906
5.7039847
5.703879
5.7037735
5.7036676
5.703562
5.703456
5.7033505
5.7032447
5.703139
5.7030334
5.7029276
5.702822
5.7027164
5.7026105
5.702505
5.7023993
5.7022934
5.702188
5.702082
5.701977
5.701871
5.7017655
5.7016597
5.701554
5.7014484
5.701343
5.701237
5.701132
5.701026
5.7009206
5.7008147
5.7007093
5.700604
5.700498
5.7003927
5.700287
5.7001815
5.700076
5.6999702
5.699865
5.6997595
5.6996536
5.6995482
5.699443
5.699337
5.6992316
5.6991262
5.699021
5.6989155
5.69881
5.6987042
5.698599
5.6984935
5.698388
5.6982827
5.6981773
5.698072
5.697966
5.6978607
5.697756
5.6976504
5.697545
5.697439
5.697334
5.6972284
5.6971235
5.6970177
5.6969123
5.6968074
5.696702
5.696596
5.6964912
5.696386
5.6962805
5.696175
5.6960697
5.6959643
5.695859
5.695754
5.6956487
5.6955433
5.695438
5.6953325
5.6952276
5.6951222
5.695017
5.6949115
5.6948066
5.694701
5.6945963
5.6944904
5.6943855
5.69428
5.6941752
5.69407
5.6939645
5.6938596
5.693754
5.6936493
5.693544
5.693439
5.6933336
5.6932282
5.6931233
5.693018
5.692913
5.692808
5.692703
5.6925974
5.6924925
5.6923876
5.692282
5.692177
5.692072
5.691967
5.691862
5.6917567
5.6916513
5.6915464
5.6914415
5.6913366
5.6912313
5.6911263
5.6910214
5.690916
5.690811
5.6907063
5.6906013
5.6904964
5.6903915
5.690286
5.6901813
5.6900764
5.6899714
5.6898665
5.6897616
5.6896563
5.6895514
5.6894464
5.6893415
5.6892366
5.6891317
5.689027
5.688922
5.688817
5.6887116
5.688607
5.6885023
5.6883974
5.6882925
5.6881876
5.6880827
5.687978
5.687873
5.687768
5.6876636
5.687558
5.6874533
5.687349
5.687244
5.687139
5.687034
5.6869297
5.6868243
5.68672
5.686615
5.68651
5.686405
5.6863008
5.686196
5.686091
5.6859865
5.6858816
5.685777
5.685672
5.6855674
5.6854625
5.685358
5.685253
5.6851487
5.685044
5.684939
5.6848345
5.6847296
5.684625
5.6845202
5.6844153
5.684311
5.6842065
5.6841016
5.683997
5.6838923
5.683788
5.683683
5.6835785
5.683474
5.683369
5.6832647
5.6831603
5.6830554
5.6829505
5.6828465
5.6827416
5.682637
5.6825323
5.6824284
5.6823235
5.682219
5.682114
5.6820097
5.6819053
5.681801
5.6816964
5.6815915
5.681487
5.6813827
5.681278
5.681174
5.6810694
5.680965
5.6808605
5.6807556
5.680651
5.6805468
5.6804423
5.680338
5.6802335
5.680129
5.6800246
5.67992
5.679816
5.6797113
5.679607
5.6795025
5.679398
5.679294
5.6791897
5.679085
5.6789804
5.6788764
5.678772
5.6786675
5.678563
5.678459
5.6783543
5.6782503
5.678146
5.6780415
5.6779375
5.6778326
5.6777287
5.677624
5.6775203
5.677416
5.6773114
5.6772075
5.6771026
5.6769986
5.6768947
5.6767898
5.676686
5.676582
5.6764774
5.6763735
5.676269
5.6761646
5.6760607
5.6759562
5.6758523
5.675748
5.675644
5.6755395
5.6754355
5.675331
5.675227
5.6751227
5.675019
5.6749144
5.6748104
5.6747065
5.674602
5.674498
5.6743937
5.6742897
5.6741858
5.674082
5.6739774
5.6738734
5.6737695
5.673665
5.673561
5.673457
5.673353
5.673249
5.673145
5.673041
5.672937
5.6728325
5.6727285
5.672625
5.6725206
5.6724167
5.6723127
5.672209
5.672105
5.672001
5.671897
5.671793
5.6716886
5.6715846
5.6714807
5.671377
5.671273
5.6711693
5.6710653
5.6709614
5.6708574
5.6707535
5.6706495
5.6705456
5.6704416
5.6703377
5.6702337
5.67013
5.6700263
5.6699224
5.6698184
5.6697145
5.6696105
5.6695065
5.6694026
5.669299
5.669195
5.669091
5.6689878
5.668884
5.66878
5.668676
5.6685724
5.6684685
5.668365
5.668261
5.668157
5.6680536
5.6679497
5.6678457
5.6677423
5.6676383
5.667535
5.667431
5.6673274
5.6672235
5.6671195
5.667016
5.6669126
5.6668086
5.666705
5.666601
5.6664977
5.6663938
5.6662903
5.666187
5.666083
5.6659794
5.6658754
5.665772
5.665668
5.6655645
5.665461
5.6653576
5.6652536
5.66515
5.665046
5.664943
5.6648393
5.664736
5.6646323
5.6645284
5.664425
5.6643214
5.664218
5.6641145
5.6640105
5.663907
5.6638036
5.6637
5.6635966
5.663493
5.6633897
5.6632857
5.6631827
5.6630793
5.662976
5.662872
5.6627684
5.6626654
5.662562
5.6624584
5.6623545
5.662251
5.662148
5.6620445
5.661941
5.6618376
5.661734
5.6616306
5.661527
5.6614237
5.66132
5.6612167
5.6611137
5.6610103
5.660907
5.6608033
5.6607003
5.660597
5.6604934
5.66039
5.6602864
5.6601834
5.66008
5.6599765
5.6598735
5.65977
5.659667
5.6595635
5.6594605
5.659357
5.6592536
5.65915
5.659047
5.6589437
5.6588407
5.658737
5.6586337
5.6585307
5.6584277
5.6583242
5.658221
5.658118
5.658015
5.6579113
5.657808
5.657705
5.657602
5.6574984
5.6573954
5.6572924
5.657189
5.657086
5.656983
5.6568794
5.6567764
5.656673
5.65657
5.656467
5.656364
5.6562605
5.6561575
5.6560545
5.6559515
5.655848
5.655745
5.655642
5.655539
5.655436
5.655333
5.6552296
5.6551266
5.6550236
5.6549206
5.6548176
5.6547146
5.6546116
5.6545086
5.654405
5.6543026
5.6541996
5.654096
5.6539936
5.6538906
5.653787
5.6536846
5.653581
5.6534786
5.6533756
5.6532726
5.6531696
5.6530666
5.6529636
5.6528606
5.6527576
5.6526546
5.652552
5.652449
5.652346
5.652243
5.65214
5.652037
5.6519346
5.6518316
5.6517286
5.651626
5.651523
5.65142
5.651317
5.6512146
5.6511116
5.6510086
5.650906
5.650803
5.6507
5.6505976
5.6504946
5.6503916
5.650289
5.650186
5.6500835
5.6499805
5.649878
5.649775
5.6496725
5.6495695
5.649467
5.649364
5.6492615
5.6491585
5.649056
5.648953
5.6488504
5.648748
5.648645
5.6485424
5.64844
5.648337
5.6482344
5.6481314
5.648029
5.6479263
5.6478233
5.647721
5.6476183
5.647516
5.647413
5.6473103
5.6472077
5.647105
5.6470027
5.6468997
5.646797
5.6466947
5.646592
5.6464896
5.646387
5.646284
5.6461816
5.646079
5.6459765
5.645874
5.6457715
5.645669
5.6455665
5.645464
5.6453614
5.645259
5.6451564
5.645054
5.6449513
5.644849
5.6447463
5.644644
5.6445413
5.6444387
5.644336
5.6442337
5.644131
5.644029
5.6439266
5.643824
5.6437216
5.643619
5.6435165
5.6434145
5.643312
5.6432095
5.643107
5.643005
5.6429024
5.6428
5.6426973
5.642595
5.642493
5.6423903
5.6422877
5.6421857
5.642083
5.641981
5.6418786
5.641776
5.641674
5.6415715
5.6414695
5.641367
5.641265
5.6411624
5.64106
5.640958
5.6408553
5.6407533
5.6406507
5.6405487
5.6404467
5.640344
5.640242
5.6401396
5.6400375
5.639935
5.639833
5.639731
5.6396284
5.6395264
5.6394243
5.639322
5.6392198
5.6391177
5.639015
5.638913
5.638811
5.6387086
5.6386065
5.6385045
5.6384025
5.6383
5.638198
5.638096
5.637994
5.637892
5.6377897
5.6376877
5.637585
5.637483
5.637381
5.637279
5.637177
5.637075
5.636973
5.636871
5.636769
5.636667
5.6365647
5.6364627
5.63636
5.6362586
5.6361566
5.6360545
5.6359525
5.6358504
5.6357484
5.6356463
5.6355443
5.6354423
5.63534
5.635238
5.6351366
5.6350346
5.6349325
5.6348305
5.6347284
5.634627
5.634525
5.634423
5.6343207
5.6342187
5.634117
5.634015
5.633913
5.6338115
5.6337094
5.6336074
5.633506
5.633404
5.6333017
5.6332
5.633098
5.632996
5.6328945
5.6327925
5.632691
5.632589
5.6324873
5.6323853
5.632283
5.6321816
5.6320796
5.631978
5.631876
5.6317744
5.6316724
5.631571
5.6314692
5.631367
5.6312656
5.6311636
5.631062
5.6309605
5.6308584
5.630757
5.630655
5.6305532
5.6304517
5.63035
5.630248
5.6301465
5.630045
5.629943
5.6298413
5.6297398
5.6296377
5.629536
5.6294346
5.629333
5.6292315
5.62913
5.629028
5.6289263
5.6288247
5.628723
5.6286216
5.62852
5.6284184
5.628317
5.6282153
5.6281137
5.628012
5.6279106
5.6278086
5.6277075
5.6276054
5.627504
5.627403
5.627301
5.627199
5.627098
5.6269965
5.626895
5.6267934
5.626692
5.6265903
5.6264887
5.6263876
5.626286
5.6261845
5.626083
5.6259813
5.62588
5.6257787
5.625677
5.6255755
5.625474
5.6253724
5.6252713
5.6251698
5.625068
5.624967
5.6248655
5.624764
5.6246624
5.6245613
5.6244597
5.6243587
5.624257
5.6241555
5.6240544
5.623953
5.623852
5.62375
5.623649
5.6235476
5.6234465
5.623345
5.623244
5.6231422
5.623041
5.6229396
5.6228385
5.622737
5.622636
5.6225343
5.622433
5.6223316
5.6222305
5.6221294
5.622028
5.621927
5.621825
5.621724
5.621623
5.621522
5.6214204
5.6213193
5.621218
5.6211166
5.6210155
5.6209145
5.6208134
5.620712
5.6206107
5.6205096
5.6204085
5.6203074
5.6202064
5.6201053
5.6200037
5.6199026
5.6198015
5.6197004
5.6195993
5.6194983
5.619397
5.619296
5.619195
5.619094
5.618993
5.6188912
5.6187906
5.6186895
5.6185884
5.6184874
5.6183863
5.618285
5.618184
5.618083
5.617982
5.617881
5.6177797
5.6176786
5.617578
5.617477
5.617376
5.6172748
5.6171737
5.6170726
5.6169715
5.616871
5.61677
5.6166687
5.6165676
5.616467
5.616366
5.616265
5.616164
5.616063
5.615962
5.6158614
5.6157603
5.615659
5.6155586
5.6154575
5.6153564
5.615256
5.6151547
5.615054
5.614953
5.6148524
5.6147513
5.6146502
5.6145496
5.614449
5.614348
5.614247
5.614146
5.6140456
5.6139445
5.613844
5.613743
5.613642
5.613541
5.6134405
5.61334
5.613239
5.613138
5.613037
5.6129365
5.612836
5.612735
5.612634
5.6125336
5.612433
5.6123323
5.6122313
5.6121306
5.61203
5.6119294
5.6118283
5.6117277
5.611627
5.6115265
5.611426
5.611325
5.611224
5.6111236
5.611023
5.6109223
5.6108217
5.610721
5.61062
5.6105194
5.610419
5.610318
5.6102176
5.610117
5.6100163
5.6099157
5.609815
5.6097145
5.609614
5.6095138
5.609413
5.609312
5.609212
5.6091113
5.6090107
5.60891
5.6088095
5.608709
5.6086087
5.6085076
5.6084075
5.608307
5.6082063
5.6081057
5.6080055
5.607905
5.6078043
5.6077037
5.6076035
5.607503
5.6074023
5.607302
5.6072016
5.607101
5.6070004
5.6069
5.6067996
5.606699
5.606599
5.6064982
5.606398
5.6062975
5.606197
5.6060967
5.605996
5.605896
5.6057954
5.6056952
5.6055946
5.6054945
5.605394
5.6052938
5.605193
5.605093
5.6049924
5.6048923
5.604792
5.6046915
5.6045914
5.6044908
5.6043906
5.6042905
5.60419
5.6040897
5.6039896
5.603889
5.603789
5.6036887
5.603588
5.603488
5.603388
5.6032877
5.603187
5.603087
5.602987
5.6028867
5.6027865
5.602686
5.602586
5.6024857
5.6023855
5.6022854
5.6021852
5.6020846
5.6019845
5.6018844
5.601784
5.601684
5.601584
5.601484
5.6013837
5.6012836
5.6011834
5.6010833
5.600983
5.600883
5.600783
5.6006827
5.6005826
5.6004825
5.6003823
5.600282
5.600182
5.600082
5.5999823
5.599882
5.599782
5.599682
5.5995817
5.5994816
5.599382
5.599282
5.5991817
5.5990815
5.5989814
5.5988817
5.5987816
5.5986814
5.598582
5.5984817
5.5983815
5.598282
5.5981817
5.5980816
5.5979815
5.597882
5.5977817
5.597682
5.597582
5.5974817
5.597382
5.597282
5.5971823
5.597082
5.596982
5.5968823
5.5967827
5.5966825
5.5965824
5.5964828
5.596383
5.596283
5.5961833
5.596083
5.5959835
5.5958834
5.5957837
5.595684
5.595584
5.5954843
5.5953846
5.5952845
5.595185
5.595085
5.594985
5.5948853
5.5947857
5.5946856
5.594586
5.594486
5.5943866
5.5942864
5.594187
5.594087
5.5939875
5.593888
5.5937877
5.593688
5.5935884
5.5934887
5.593389
5.5932894
5.5931892
5.5930896
5.59299
5.5928903
5.5927906
5.592691
5.5925913
5.5924916
5.592392
5.5922923
5.5921926
5.592093
5.5919933
5.5918937
5.591794
5.5916944
5.5915947
5.591495
5.5913954
5.5912957
5.5911965
5.591097
5.590997
5.5908976
5.590798
5.5906982
5.5905986
5.5904994
5.5903997
5.5903
5.5902004
5.5901012
5.5900016
5.589902
5.5898023
5.5897026
5.5896034
5.589504
5.589404
5.589305
5.5892053
5.5891056
5.5890064
5.588907
5.5888076
5.588708
5.5886083
5.588509
5.5884094
5.58831
5.5882106
5.588111
5.5880117
5.587912
5.587813
5.5877132
5.587614
5.5875144
5.587415
5.5873156
5.5872164
5.5871167
5.5870175
5.5869184
5.5868187
5.5867195
5.58662
5.5865207
5.5864215
5.586322
5.5862226
5.5861235
5.5860243
5.5859246
5.5858254
5.5857263
5.5856266
5.5855274
5.585428
5.585329
5.5852294
5.58513
5.585031
5.584932
5.5848327
5.584733
5.584634
5.5845346
5.5844355
5.5843363
5.584237
5.584138
5.5840387
5.583939
5.58384
5.5837407
5.5836415
5.5835423
5.583443
5.583344
5.583245
5.5831456
5.5830464
5.5829473
5.582848
5.582749
5.5826497
5.582551
5.582452
5.5823526
5.5822535
5.5821543
5.582055
5.581956
5.581857
5.581758
5.581659
5.5815597
5.5814605
5.5813613
5.5812626
5.5811634
5.581064
5.580965
5.5808663
5.580767
5.580668
5.580569
5.58047
5.580371
5.5802717
5.580173
5.580074
5.579975
5.579876
5.579777
5.579678
5.579579
5.5794797
5.579381
5.579282
5.579183
5.579084
5.578985
5.578886
5.5787873
5.578688
5.5785894
5.5784903
5.5783916
5.5782924
5.5781937
5.578095
5.577996
5.577897
5.577798
5.577699
5.5776005
5.5775013
5.5774026
5.5773034
5.5772047
5.577106
5.5770073
5.576908
5.5768094
5.5767107
5.5766115
5.576513
5.576414
5.5763154
5.576216
5.5761175
5.576019
5.57592
5.5758214
5.575722
5.5756235
5.575525
5.575426
5.5753274
5.5752287
5.57513
5.5750313
5.574932
5.5748334
5.5747347
5.574636
5.5745373
5.5744386
5.57434
5.574241
5.5741425
5.5740438
5.5739455
5.573847
5.573748
5.5736494
5.5735507
5.573452
5.5733533
5.5732546
5.573156
5.573057
5.572959
5.57286
5.5727615
5.572663
5.572564
5.5724654
5.5723667
5.5722685
5.57217
5.572071
5.571973
5.571874
5.5717754
5.5716767
5.571578
5.57148
5.571381
5.571283
5.571184
5.5710855
5.570987
5.5708885
5.57079
5.5706916
5.570593
5.5704947
5.570396
5.5702972
5.570199
5.5701003
5.570002
5.569904
5.569805
5.5697064
5.569608
5.5695095
5.5694113
5.569313
5.5692143
5.569116
5.5690174
5.568919
5.568821
5.5687222
5.568624
5.5685253
5.568427
5.568329
5.56823
5.568132
5.5680337
5.567935
5.5678368
5.5677385
5.5676403
5.5675416
5.5674434
5.567345
5.567247
5.567148
5.56705
5.5669518
5.5668535
5.5667553
5.566657
5.5665584
5.56646
5.566362
5.5662637
5.5661654
5.566067
5.565969
5.565871
5.5657725
5.5656743
5.565576
5.5654774
5.5653796
5.5652814
5.565183
5.565085
5.5649867
5.5648885
5.5647902
5.564692
5.564594
5.5644956
5.5643973
5.564299
5.564201
5.5641026
5.564005
5.5639067
5.5638084
5.56371
5.563612
5.563514
5.563416
5.563318
5.5632195
5.5631213
5.5630236
5.5629253
5.562827
5.562729
5.562631
5.562533
5.5624347
5.562337
5.5622387
5.5621405
5.5620427
5.5619445
5.5618463
5.5617485
5.5616503
5.5615525
5.5614543
5.5613565
5.5612583
5.56116
5.5610623
5.560964
5.5608664
5.560768
5.5606704
5.560572
5.5604744
5.560376
5.5602784
5.5601807
5.5600824
5.5599847
5.559887
5.5597887
5.559691
5.5595927
5.559495
5.5593967
5.559299
5.5592012
5.5591035
5.5590053
5.5589075
5.5588098
5.558712
5.558614
5.558516
5.5584183
5.55832
5.5582223
5.5581245
5.558027
5.557929
5.5578313
5.557733
5.5576353
5.5575376
5.55744
5.557342
5.5572443
5.5571465
5.557049
5.5569506
5.556853
5.556755
5.5566573
5.5565596
5.556462
5.556364
5.5562663
5.5561686
5.556071
5.555973
5.5558753
5.5557775
5.55568
5.555582
5.555485
5.555387
5.5552893
5.5551915
5.555094
5.554996
5.5548983
5.5548005
5.554703
5.5546055
5.5545077
5.55441
5.554312
5.554215
5.554117
5.5540195
5.5539217
5.553824
5.5537267
5.553629
5.553531
5.553434
5.553336
5.5532384
5.553141
5.5530434
5.5529456
5.5528483
5.5527506
5.5526533
5.5525556
5.552458
5.5523605
5.552263
5.5521655
5.5520678
5.5519705
5.5518727
5.5517755
5.5516777
5.5515804
5.5514827
5.5513854
5.551288
5.5511904
5.551093
5.5509953
5.550898
5.5508003
5.550703
5.550606
5.550508
5.5504107
5.550313
5.5502157
5.5501184
5.550021
5.5499234
5.549826
5.549729
5.5496316
5.549534
5.5494366
5.5493393
5.549242
5.5491443
5.549047
5.5489497
5.5488524
5.5487547
5.5486574
5.54856
5.548463
5.5483656
5.5482683
5.548171
5.548074
5.5479765
5.5478787
5.5477815
5.547684
5.547587
5.5474896
5.5473924
5.547295
5.547198
5.5471005
5.5470033
5.546906
5.5468087
5.5467114
5.546614
5.5465174
5.54642
5.546323
5.5462255
5.5461283
5.546031
5.5459337
5.5458364
5.5457397
5.5456424
5.545545
5.545448
5.5453506
5.5452533
5.5451565
5.545059
5.544962
5.544865
5.544768
5.5446706
5.5445733
5.5444765
5.544379
5.544282
5.544185
5.544088
5.5439906
5.543894
5.5437965
5.5436993
5.5436025
5.543505
5.543408
5.543311
5.5432143
5.543117
5.5430202
5.542923
5.542826
5.542729
5.5426316
5.542535
5.5424376
5.5423408
5.5422435
5.5421467
5.54205
5.5419526
5.541856
5.5417585
5.5416617
5.541565
5.5414677
5.541371
5.541274
5.541177
5.54108
5.540983
5.540886
5.540789
5.5406923
5.5405955
5.5404983
5.5404015
5.5403047
5.540208
5.5401106
5.540014
5.539917
5.53982
5.539723
5.539626
5.5395293
5.5394325
5.5393357
5.539239
5.539142
5.5390453
5.5389485
5.5388513
5.5387545
5.5386577
5.538561
5.538464
5.5383673
5.5382705
5.5381737
5.538077
5.53798
5.5378833
5.5377865
5.5376897
5.537593
5.5374966
5.5374
5.537303
5.537206
5.5371094
5.5370126
5.536916
5.536819
5.536722
5.536626
5.536529
5.5364323
5.5363355
5.5362387
5.5361423
5.5360456
5.5359488
5.535852
5.5357556
5.535659
5.535562
5.5354652
5.535369
5.535272
5.5351753
5.535079
5.534982
5.5348854
5.534789
5.5346923
5.534596
5.534499
5.5344024
5.534306
5.5342093
5.534113
5.534016
5.5339193
5.533823
5.533726
5.53363
5.5335336
5.533437
5.53334
5.5332437
5.5331473
5.5330505
5.532954
5.5328574
5.532761
5.5326643
5.532568
5.5324717
5.532375
5.5322785
5.532182
5.5320854
5.531989
5.531893
5.531796
5.5316997
5.5316033
5.5315065
5.53141
5.531314
5.5312176
5.5311213
5.5310245
5.530928
5.530832
5.5307355
5.5306387
5.5305424
5.530446
5.5303497
5.5302534
5.530157
5.530061
5.5299644
5.529868
5.5297713
5.529675
5.5295787
5.5294824
5.529386
5.5292897
5.5291934
5.529097
5.5290008
5.5289044
5.528808
5.528712
5.5286155
5.528519
5.528423
5.528327
5.5282307
5.5281343
5.528038
5.5279417
5.5278454
5.527749
5.5276527
5.5275564
5.5274606
5.5273643
5.527268
5.5271716
5.5270753
5.5269794
5.526883
5.526787
5.5266905
5.5265946
5.5264983
5.526402
5.5263057
5.52621
5.5261135
5.5260177
5.5259213
5.525825
5.5257287
5.525633
5.5255365
5.5254407
5.5253444
5.525248
5.525152
5.525056
5.52496
5.5248637
5.524768
5.5246716
5.5245757
5.5244794
5.5243835
5.524287
5.5241914
5.524095
5.523999
5.5239034
5.523807
5.523711
5.523615
5.523519
5.5234227
5.523327
5.523231
5.5231347
5.523039
5.522943
5.5228467
5.522751
5.522655
5.5225587
5.522463
5.522367
5.5222707
5.522175
5.522079
5.521983
5.5218873
5.521791
5.521695
5.5215993
5.5215034
5.5214076
5.5213113
5.5212154
5.5211196
5.5210238
5.520928
5.520832
5.520736
5.5206404
5.5205445
5.5204487
5.5203524
5.5202565
5.5201607
5.520065
5.5199695
5.519873
5.5197773
5.519682
5.519586
5.51949
5.5193944
5.5192986
5.5192027
5.519107
5.519011
5.518915
5.5188193
5.5187235
5.5186276
5.518532
5.5184364
5.5183406
5.5182447
5.518149
5.518053
5.5179577
5.517862
5.517766
5.51767
5.517575
5.517479
5.517383
5.5172873
5.517192
5.517096
5.517
5.516905
5.516809
5.516713
5.516618
5.516522
5.5164266
5.5163307
5.516235
5.5161395
5.5160437
5.515948
5.5158525
5.5157566
5.5156612
5.5155654
5.51547
5.515374
5.515279
5.515183
5.5150876
5.5149918
5.5148964
5.5148005
5.514705
5.51461
5.514514
5.5144186
5.5143228
5.5142274
5.5141315
5.514036
5.513941
5.513845
5.5137496
5.513654
5.513559
5.513463
5.5133677
5.5132723
5.5131764
5.513081
5.5129857
5.5128903
5.5127945
5.512699
5.5126038
5.5125084
5.512413
5.512317
5.5122223
5.5121264
5.512031
5.5119357
5.5118403
5.511745
5.511649
5.5115542
5.5114584
5.511363
5.5112677
5.5111723
5.511077
5.5109816
5.510886
5.510791
5.5106955
5.5106
5.5105047
5.5104094
5.510314
5.5102186
5.5101233
5.510028
5.509933
5.5098376
5.5097423
5.509647
5.5095515
5.509456
5.509361
5.5092654
5.5091705
5.509075
5.50898
5.5088844
5.5087895
5.5086937
5.508599
5.5085034
5.508408
5.508313
5.508218
5.5081224
5.508027
5.507932
5.507837
5.5077415
5.5076466
5.507551
5.507456
5.507361
5.5072656
5.50717
5.5070753
5.50698
5.506885
5.5067897
5.5066943
5.5065994
5.5065045
5.506409
5.506314
5.506219
5.5061235
5.5060287
5.5059333
5.5058384
5.5057435
5.505648
5.5055532
5.505458
5.505363
5.5052676
5.5051727
5.505078
5.5049825
5.5048876
5.5047927
5.5046973
5.5046024
5.504507
5.504412
5.5043173
5.5042224
5.504127
5.504032
5.5039372
5.5038424
5.503747
5.503652
5.503557
5.5034623
5.503367
5.503272
5.503177
5.5030823
5.5029874
5.5028925
5.5027976
5.502702
5.5026073
5.5025125
5.5024176
5.5023227
5.502228
5.502133
5.502038
5.501943
5.501848
5.5017533
5.5016584
5.501563
5.5014687
5.501374
5.501279
5.501184
5.501089
5.500994
5.5008993
5.5008044
5.5007095
5.5006146
5.5005198
5.500425
5.50033
5.500235
5.5001407
5.500046
5.499951
5.499856
5.499761
5.4996667
5.499572
5.499477
5.499382
5.4992876
5.4991927
5.499098
5.499003
5.4989085
5.4988136
5.4987187
5.4986243
5.4985294
5.4984345
5.4983397
5.4982452
5.4981503
5.498056
5.497961
5.497866
5.4977717
5.497677
5.4975824
5.4974875
5.497393
5.4972982
5.497204
5.497109
5.497014
5.4969196
5.4968247
5.4967303
5.4966354
5.496541
5.496446
5.4963517
5.4962573
5.4961624
5.496068
5.495973
5.4958787
5.4957843
5.4956894
5.495595
5.4955006
5.4954057
5.4953113
5.495217
5.495122
5.4950275
5.494933
5.4948387
5.494744
5.4946494
5.494555
5.4944606
5.4943657
5.4942713
5.494177
5.4940825
5.4939876
5.493893
5.4937987
5.4937043
5.49361
5.4935155
5.493421
5.4933267
5.4932323
5.4931374
5.493043
5.4929485
5.492854
5.4927597
5.4926653
5.492571
5.4924765
5.492382
5.4922876
5.492193
5.492099
5.4920044
5.49191
5.4918156
5.491721
5.4916267
5.4915323
5.491438
5.4913435
5.4912496
5.491155
5.4910607
5.4909663
5.490872
5.4907775
5.4906836
5.4905887
5.4904947
5.4904003
5.490306
5.490212
5.4901175
5.490023
5.4899287
5.4898343
5.4897404
5.489646
5.4895515
5.4894576
5.489363
5.489269
5.489175
5.4890804
5.488986
5.488892
5.4887977
5.4887033
5.4886093
5.488515
5.488421
5.4883265
5.4882326
5.488138
5.4880443
5.48795
5.487856
5.4877615
5.487667
5.487573
5.4874787
5.487385
5.487291
5.4871964
5.4871025
5.487008
5.486914
5.4868197
5.486726
5.4866314
5.4865375
5.4864435
5.486349
5.486255
5.486161
5.486067
5.485973
5.485879
5.4857845
5.4856906
5.4855967
5.4855027
5.4854083
5.4853144
5.4852204
5.4851265
5.485032
5.484938
5.484844
5.4847503
5.4846563
5.484562
5.484468
5.484374
5.48428
5.484186
5.484092
5.4839983
5.4839044
5.48381
5.4837165
5.4836226
5.483528
5.483434
5.4833403
5.4832463
5.4831524
5.4830585
5.4829645
5.4828706
5.4827766
5.4826827
5.4825892
5.4824953
5.4824014
5.4823074
5.4822135
5.4821196
5.4820256
5.4819317
5.4818377
5.481744
5.4816504
5.4815564
5.4814625
5.4813685
5.4812746
5.4811807
5.481087
5.4809933
5.4808993
5.4808054
5.4807115
5.480618
5.480524
5.48043
5.4803367
5.4802427
5.480149
5.4800553
5.4799614
5.4798675
5.4797735
5.47968
5.479586
5.4794927
5.4793987
5.479305
5.4792113
5.4791174
5.479024
5.47893
5.478836
5.4787426
5.478649
5.478555
5.4784613
5.478368
5.4782743
5.4781804
5.4780865
5.477993
5.4778996
5.4778056
5.477712
5.477618
5.4775248
5.477431
5.4773374
5.477244
5.47715
5.4770565
5.476963
5.476869
5.4767756
5.476682
5.4765882
5.476495
5.4764013
5.476308
5.476214
5.4761205
5.476027
5.475933
5.4758396
5.475746
5.4756527
5.475559
5.4754653
5.475372
5.4752784
5.475185
5.4750915
5.474998
5.474904
5.474811
5.474717
5.4746237
5.47453
5.4744368
5.4743433
5.47425
5.4741564
5.474063
5.4739695
5.473876
5.4737825
5.473689
5.4735956
5.473502
5.4734087
5.4733152
5.473222
5.4731283
5.473035
5.4729414
5.472848
5.4727545
5.4726615
5.472568
5.4724746
5.472381
5.4722877
5.4721947
5.472101
5.4720078
5.4719143
5.471821
5.4717274
5.471634
5.471541
5.4714475
5.471354
5.4712605
5.4711676
5.471074
5.4709806
5.4708877
5.470794
5.4707007
5.4706078
5.4705143
5.470421
5.470328
5.4702344
5.4701414
5.470048
5.4699545
5.4698615
5.469768
5.469675
5.4695816
5.469488
5.469395
5.4693017
5.4692087
5.4691157
5.4690223
5.4689293
5.468836
5.468743
5.4686494
5.4685564
5.468463
5.46837
5.4682765
5.4681835
5.46809
5.467997
5.467904
5.4678106
5.4677176
5.4676247
5.467531
5.467438
5.467345
5.467252
5.467159
5.467066
5.4669724
5.4668794
5.4667864
5.4666934
5.4666004
5.466507
5.466414
5.466321
5.466228
5.466135
5.466042
5.4659486
5.4658556
5.4657626
5.4656696
5.4655766
5.4654837
5.4653907
5.465297
5.4652042
5.4651113
5.4650183
5.4649253
5.4648323
5.4647393
5.4646463
5.4645534
5.4644604
5.4643674
5.4642744
5.4641814
5.4640884
5.4639955
5.4639025
5.4638095
5.4637165
5.4636235
5.4635305
5.463438
5.463345
5.463252
5.463159
5.463066
5.462973
5.46288
5.4627876
5.4626946
5.4626017
5.4625087
5.4624157
5.4623227
5.46223
5.462137
5.4620442
5.4619517
5.4618587
5.461766
5.461673
5.4615803
5.4614873
5.4613943
5.461302
5.461209
5.461116
5.4610233
5.4609303
5.460838
5.460745
5.460652
5.4605594
5.4604664
5.4603734
5.460281
5.460188
5.4600954
5.4600024
5.45991
5.459817
5.4597244
5.4596314
5.459539
5.459446
5.4593534
5.459261
5.459168
5.4590755
5.4589825
5.45889
5.458797
5.4587045
5.458612
5.458519
5.4584265
5.458334
5.458241
5.4581485
5.458056
5.457963
5.4578705
5.457778
5.457685
5.4575925
5.4575
5.4574075
5.4573145
5.457222
5.4571295
5.457037
5.456944
5.4568515
5.456759
5.4566665
5.456574
5.4564815
5.4563885
5.456296
5.4562035
5.456111
5.4560184
5.455926
5.4558334
5.455741
5.4556484
5.455556
5.4554634
5.4553704
5.455278
5.4551854
5.4550934
5.455001
5.4549084
5.454816
5.4547234
5.454631
5.4545383
5.454446
5.4543533
5.454261
5.4541683
5.454076
5.4539833
5.453891
5.4537983
5.4537063
5.4536138
5.4535213
5.4534287
5.4533362
5.4532437
5.4531517
5.453059
5.4529667
5.452874
5.4527817
5.4526896
5.452597
5.4525046
5.4524126
5.45232
5.4522276
5.4521356
5.452043
5.4519506
5.4518585
5.451766
5.4516735
5.451581
5.451489
5.4513965
5.4513044
5.451212
5.45112
5.4510274
5.4509354
5.450843
5.4507504
5.4506583
5.450566
5.450474
5.4503813
5.4502892
5.4501967
5.4501047
5.450012
5.44992
5.449828
5.4497356
5.4496436
5.449551
5.449459
5.4493666
5.4492745
5.4491825
5.44909
5.448998
5.448906
5.4488134
5.4487214
5.4486294
5.448537
5.448445
5.448353
5.4482603
5.4481683
5.4480762
5.447984
5.447892
5.4477997
5.4477077
5.4476156
5.447523
5.447431
5.447339
5.447247
5.447155
5.447063
5.446971
5.446879
5.4467864
5.4466944
5.4466023
5.4465103
5.4464183
5.4463263
5.446234
5.446142
5.44605
5.445958
5.445866
5.445774
5.445682
5.44559
5.445498
5.445406
5.445314
5.445222
5.44513
5.445038
5.444946
5.444854
5.4447618
5.4446697
5.4445777
5.444486
5.444394
5.444302
5.44421
5.444118
5.444026
5.443934
5.4438424
5.4437504
5.4436584
5.4435663
5.4434743
5.4433827
5.4432907
5.4431987
5.443107
5.443015
5.442923
5.4428315
5.4427395
5.4426475
5.442556
5.442464
5.442372
5.44228
5.4421883
5.442096
5.4420047
5.4419127
5.441821
5.441729
5.441637
5.4415455
5.4414535
5.441362
5.44127
5.441178
5.4410863
5.4409947
5.4409027
5.440811
5.440719
5.440627
5.4405355
5.440444
5.440352
5.4402604
5.4401684
5.440077
5.439985
5.4398932
5.4398017
5.43971
5.439618
5.4395266
5.4394345
5.439343
5.4392514
5.4391594
5.439068
5.4389763
5.4388847
5.4387927
5.438701
5.4386096
5.438518
5.438426
5.4383345
5.438243
5.4381514
5.43806
5.437968
5.437876
5.4377847
5.437693
5.4376016
5.43751
5.4374185
5.4373264
5.437235
5.4371433
5.437052
5.43696
5.4368687
5.436777
5.4366856
5.436594
5.4365025
5.436411
5.4363194
5.436228
5.4361362
5.4360447
5.435953
5.4358616
5.43577
5.4356785
5.435587
5.4354954
5.435404
5.4353123
5.4352207
5.4351296
5.435038
5.4349465
5.434855
5.4347634
5.434672
5.434581
5.434489
5.4343977
5.434306
5.4342146
5.434123
5.434032
5.4339404
5.433849
5.4337573
5.433666
5.4335747
5.433483
5.433392
5.4333005
5.433209
5.4331174
5.4330263
5.4329348
5.4328437
5.432752
5.4326606
5.4325695
5.432478
5.4323864
5.4322953
5.4322042
5.4321127
5.432021
5.43193
5.4318385
5.4317474
5.431656
5.431565
5.4314733
5.431382
5.4312906
5.4311996
5.431108
5.431017
5.430926
5.4308343
5.430743
5.4306517
5.4305606
5.430469
5.430378
5.430287
5.4301953
5.4301043
5.430013
5.4299216
5.4298306
5.4297395
5.429648
5.429557
5.429466
5.4293747
5.429283
5.429192
5.429101
5.4290094
5.4289184
5.4288273
5.428736
5.428645
5.4285536
5.4284625
5.4283714
5.4282804
5.4281893
5.428098
5.4280066
5.4279156
5.4278245
5.4277334
5.4276423
5.4275513
5.42746
5.427369
5.427278
5.427187
5.427096
5.427005
5.4269137
5.4268227
5.4267316
5.4266405
5.4265494
5.4264584
5.4263673
5.426276
5.426185
5.426094
5.426003
5.425912
5.425821
5.4257298
5.4256387
5.4255476
5.425457
5.425366
5.425275
5.425184
5.4250927
5.4250016
5.424911
5.42482
5.424729
5.424638
5.424547
5.424456
5.424365
5.424274
5.4241834
5.4240923
5.424001
5.4239106
5.4238195
5.4237285
5.423638
5.423547
5.4234557
5.423365
5.423274
5.423183
5.4230924
5.4230013
5.4229107
5.4228196
5.4227285
5.422638
5.422547
5.4224563
5.422365
5.4222746
5.4221835
5.422093
5.422002
5.4219112
5.42182
5.4217296
5.4216385
5.421548
5.4214573
5.421366
5.421275
5.4211845
5.421094
5.421003
5.4209123
5.4208217
5.4207306
5.42064
5.420549
5.4204583
5.4203677
5.420277
5.420186
5.4200954
5.420005
5.419914
5.419823
5.4197326
5.419642
5.419551
5.4194603
5.4193697
5.419279
5.419188
5.4190974
5.419007
5.418916
5.4188256
5.418735
5.4186444
5.418554
5.418463
5.418372
5.4182816
5.418191
5.4181004
5.4180098
5.417919
5.4178286
5.417738
5.4176474
5.417557
5.417466
5.4173756
5.417285
5.4171944
5.417104
5.417013
5.4169226
5.416832
5.4167414
5.416651
5.41656
5.4164696
5.416379
5.4162884
5.416198
5.416107
5.416017
5.4159265
5.415836
5.4157453
5.4156547
5.4155645
5.415474
5.4153833
5.4152927
5.415202
5.4151115
5.4150214
5.414931
5.41484
5.4147496
5.4146595
5.414569
5.414479
5.414388
5.4142976
5.414207
5.414117
5.4140263
5.4139357
5.4138455
5.413755
5.4136643
5.413574
5.4134836
5.4133935
5.413303
5.4132123
5.413122
5.4130316
5.4129415
5.412851
5.4127607
5.41267
5.41258
5.4124894
5.4123993
5.4123087
5.4122186
5.4121284
5.412038
5.4119473
5.411857
5.411767
5.4116764
5.4115863
5.411496
5.4114056
5.4113154
5.411225
5.4111347
5.4110446
5.410954
5.410864
5.4107738
5.410683
5.410593
5.410503
5.4104123
5.410322
5.410232
5.410142
5.4100513
5.409961
5.409871
5.409781
5.409691
5.4096003
5.40951
5.40942
5.40933
5.40924
5.4091496
5.4090595
5.408969
5.408879
5.4087887
5.4086986
5.4086084
5.4085183
5.408428
5.408338
5.408248
5.408158
5.4080677
