5.407984
5.4079
5.407816
5.4077315
5.4076476
5.4075637
5.40748
5.407396
5.407312
5.407228
5.407144
5.40706
5.406976
5.4068923
5.4068084
5.4067245
5.4066405
5.4065566
5.406473
5.406389
5.406305
5.4062214
5.4061375
5.4060535
5.4059696
5.4058857
5.405802
5.4057183
5.405634
5.4055505
5.4054666
5.4053826
5.4052987
5.405215
5.405131
5.405047
5.404963
5.4048786
5.4047947
5.404711
5.404627
5.4045424
5.4044585
5.4043746
5.4042907
5.4042068
5.4041224
5.4040384
5.4039545
5.4038706
5.4037867
5.4037027
5.4036183
5.4035344
5.4034505
5.4033666
5.4032826
5.4031987
5.403115
5.4030304
5.402947
5.4028625
5.4027786
5.4026947
5.402611
5.402527
5.402443
5.402359
5.402275
5.402191
5.4021072
5.4020233
5.4019394
5.4018555
5.4017715
5.4016876
5.4016037
5.40152
5.4014363
5.4013524
5.4012685
5.4011846
5.4011006
5.4010167
5.400933
5.400849
5.4007654
5.4006815
5.4005976
5.4005136
5.4004297
5.4003463
5.4002624
5.4001784
5.4000945
5.4000106
5.399927
5.399843
5.3997593
5.399676
5.399592
5.399508
5.399424
5.3993406
5.3992567
5.3991733
5.3990893
5.3990054
5.3989215
5.398838
5.398754
5.3986707
5.3985868
5.398503
5.3984194
5.3983355
5.398252
5.398168
5.398084
5.3980007
5.3979173
5.3978333
5.3977494
5.397666
5.397582
5.3974986
5.3974147
5.397331
5.397248
5.397164
5.3970804
5.3969965
5.396913
5.396829
5.3967457
5.3966618
5.3965783
5.396495
5.396411
5.3963275
5.396244
5.39616
5.3960767
5.395993
5.3959093
5.395826
5.3957424
5.3956585
5.395575
5.3954916
5.3954077
5.395324
5.395241
5.3951573
5.3950734
5.39499
5.3949065
5.394823
5.3947396
5.3946557
5.3945723
5.394489
5.3944054
5.394322
5.3942385
5.394155
5.3940716
5.3939877
5.393904
5.393821
5.3937373
5.393654
5.3935704
5.393487
5.3934035
5.39332
5.3932366
5.393153
5.3930697
5.3929863
5.392903
5.392819
5.392736
5.3926525
5.392569
5.3924856
5.392402
5.3923187
5.3922353
5.392152
5.3920684
5.391985
5.3919015
5.3918185
5.391735
5.3916516
5.391568
5.3914847
5.3914013
5.3913183
5.3912344
5.3911514
5.391068
5.3909845
5.3909016
5.3908176
5.3907347
5.390651
5.390568
5.3904843
5.3904014
5.390318
5.390235
5.3901515
5.390068
5.3899846
5.389901
5.389818
5.3897347
5.3896513
5.3895683
5.389485
5.389402
5.3893185
5.389235
5.389152
5.3890686
5.3889856
5.388902
5.3888187
5.388736
5.388653
5.3885694
5.388486
5.388403
5.3883195
5.3882365
5.388153
5.38807
5.3879867
5.3879037
5.3878202
5.3877373
5.3876543
5.387571
5.387488
5.3874044
5.3873215
5.387238
5.387155
5.387072
5.3869886
5.3869057
5.3868227
5.3867393
5.3866563
5.386573
5.38649
5.386407
5.386324
5.3862405
5.3861575
5.3860745
5.3859916
5.385908
5.385825
5.385742
5.385659
5.385576
5.385493
5.38541
5.385327
5.3852434
5.3851604
5.3850775
5.3849945
5.3849115
5.3848286
5.3847456
5.384662
5.384579
5.384496
5.3844132
5.3843303
5.3842473
5.3841643
5.3840814
5.3839984
5.3839154
5.3838325
5.3837495
5.3836665
5.3835835
5.3835006
5.3834176
5.3833346
5.3832517
5.3831687
5.3830857
5.3830028
5.38292
5.382837
5.382754
5.382671
5.382588
5.382505
5.382422
5.3823395
5.3822565
5.3821735
5.3820906
5.3820076
5.3819246
5.3818417
5.381759
5.381676
5.381593
5.3815103
5.381428
5.381345
5.381262
5.381179
5.3810964
5.3810134
5.3809304
5.3808475
5.380765
5.380682
5.380599
5.380516
5.3804336
5.3803506
5.380268
5.380185
5.380102
5.3800197
5.3799367
5.3798537
5.379771
5.3796883
5.379606
5.379523
5.3794403
5.3793573
5.3792744
5.379192
5.379109
5.3790264
5.3789434
5.378861
5.378778
5.3786955
5.3786125
5.37853
5.378447
5.3783646
5.3782816
5.378199
5.378116
5.3780336
5.377951
5.377868
5.3777857
5.377703
5.37762
5.3775377
5.377455
5.3773723
5.37729
5.377207
5.3771243
5.377042
5.376959
5.3768764
5.376794
5.3767114
5.3766284
5.376546
5.3764634
5.376381
5.376298
5.3762155
5.376133
5.3760505
5.375968
5.375885
5.3758025
5.37572
5.3756375
5.3755546
5.375472
5.3753896
5.375307
5.3752246
5.375142
5.3750596
5.374977
5.3748946
5.374812
5.3747296
5.374647
5.374564
5.3744817
5.374399
5.3743167
5.374234
5.3741517
5.374069
5.3739867
5.373904
5.3738217
5.3737392
5.3736567
5.3735743
5.3734922
5.3734093
5.3733273
5.373245
5.3731623
5.37308
5.3729973
5.372915
5.3728323
5.37275
5.372668
5.3725853
5.372503
5.3724203
5.372338
5.3722553
5.3721733
5.372091
5.3720083
5.371926
5.3718433
5.3717613
5.371679
5.3715963
5.371514
5.371432
5.3713493
5.371267
5.371185
5.3711023
5.37102
5.370938
5.3708553
5.370773
5.370691
5.3706083
5.370526
5.370444
5.3703613
5.370279
5.370197
5.3701143
5.3700323
5.36995
5.369868
5.3697853
5.3697033
5.369621
5.3695383
5.3694563
5.369374
5.369292
5.36921
5.3691273
5.3690453
5.368963
5.3688807
5.3687983
5.3687162
5.3686337
5.3685517
5.3684697
5.368387
5.368305
5.368223
5.3681407
5.3680587
5.367976
5.367894
5.367812
5.3677297
5.3676476
5.3675656
5.367483
5.367401
5.367319
5.367237
5.3671546
5.3670726
5.3669906
5.366908
5.366826
5.366744
5.366662
5.36658
5.3664975
5.3664155
5.3663335
5.3662515
5.3661695
5.366087
5.366005
5.365923
5.365841
5.365759
5.365677
5.365595
5.3655124
5.365431
5.3653483
5.3652663
5.3651843
5.3651023
5.3650203
5.3649383
5.3648562
5.364774
5.364692
5.36461
5.364528
5.364446
5.364364
5.364282
5.3642
5.364118
5.364036
5.363954
5.363872
5.3637905
5.3637085
5.3636265
5.3635445
5.3634624
5.3633804
5.3632984
5.3632164
5.3631344
5.3630524
5.362971
5.362889
5.362807
5.362725
5.3626432
5.362561
5.362479
5.362397
5.3623157
5.3622336
5.3621516
5.3620696
5.361988
5.361906
5.361824
5.361742
5.3616605
5.3615785
5.3614964
5.361415
5.361333
5.361251
5.3611693
5.3610873
5.3610053
5.360924
5.3608418
5.3607597
5.360678
5.3605967
5.3605146
5.3604326
5.360351
5.360269
5.3601875
5.3601055
5.360024
5.359942
5.3598604
5.3597784
5.359697
5.359615
5.3595333
5.3594513
5.3593698
5.359288
5.359206
5.3591247
5.3590426
5.358961
5.358879
5.3587976
5.3587155
5.358634
5.3585525
5.3584704
5.358389
5.3583074
5.3582253
5.358144
5.3580623
5.3579803
5.3578987
5.357817
5.357735
5.3576536
5.357572
5.3574905
5.3574085
5.357327
5.3572454
5.357164
5.3570824
5.3570004
5.356919
5.3568373
5.3567557
5.356674
5.3565927
5.3565106
5.356429
5.3563476
5.356266
5.3561845
5.356103
5.3560214
5.35594
5.355858
5.3557763
5.355695
5.355613
5.3555317
5.35545
5.3553686
5.355287
5.3552055
5.355124
5.3550425
5.354961
5.3548794
5.354798
5.3547163
5.354635
5.354553
5.3544717
5.3543906
5.3543086
5.3542275
5.354146
5.3540645
5.353983
5.3539014
5.35382
5.3537383
5.3536572
5.3535757
5.353494
5.3534126
5.353331
5.3532495
5.353168
5.353087
5.3530054
5.352924
5.352843
5.3527613
5.3526797
5.352598
5.3525167
5.3524356
5.352354
5.3522725
5.3521914
5.35211
5.3520284
5.351947
5.351866
5.351784
5.3517027
5.3516216
5.35154
5.351459
5.3513775
5.3512964
5.351215
5.3511333
5.3510523
5.3509707
5.3508897
5.350808
5.3507266
5.3506455
5.3505645
5.350483
5.3504014
5.3503203
5.350239
5.3501577
5.350076
5.349995
5.349914
5.3498325
5.3497515
5.34967
5.349589
5.349508
5.3494263
5.349345
5.3492637
5.3491826
5.349101
5.34902
5.348939
5.3488574
5.3487763
5.3486953
5.348614
5.3485327
5.3484516
5.34837
5.348289
5.348208
5.348127
5.3480453
5.3479643
5.347883
5.347802
5.3477206
5.3476396
5.3475585
5.3474774
5.3473964
5.3473153
5.347234
5.3471527
5.3470716
5.3469906
5.3469095
5.346828
5.346747
5.346666
5.346585
5.3465037
5.3464227
5.3463416
5.3462605
5.3461795
5.3460984
5.346017
5.3459363
5.3458548
5.345774
5.3456926
5.3456116
5.3455305
5.3454494
5.3453684
5.345288
5.3452063
5.345125
5.3450446
5.3449636
5.3448825
5.3448014
5.3447204
5.3446393
5.3445582
5.344477
5.344396
5.344315
5.3442345
5.3441534
5.3440723
5.3439913
5.34391
5.343829
5.3437486
5.3436675
5.3435864
5.3435054
5.3434243
5.3433437
5.3432627
5.3431816
5.3431005
5.34302
5.342939
5.342858
5.342777
5.342696
5.342615
5.342534
5.3424535
5.3423724
5.3422914
5.342211
5.3421297
5.3420486
5.341968
5.341887
5.341806
5.3417253
5.3416443
5.3415637
5.3414826
5.341402
5.341321
5.3412404
5.3411593
5.3410783
5.3409977
5.3409166
5.340836
5.3407555
5.3406744
5.3405933
5.3405128
5.3404317
5.340351
5.34027
5.3401895
5.340109
5.340028
5.339947
5.3398666
5.3397856
5.339705
5.339624
5.3395433
5.3394623
5.3393817
5.339301
5.33922
5.3391395
5.339059
5.338978
5.338897
5.3388166
5.3387356
5.338655
5.3385744
5.338494
5.3384132
5.338332
5.3382516
5.338171
5.3380904
5.3380094
5.337929
5.337848
5.3377676
5.3376865
5.337606
5.3375254
5.337445
5.337364
5.3372836
5.337203
5.337122
5.3370414
5.336961
5.33688
5.3367996
5.336719
5.3366385
5.336558
5.3364773
5.3363967
5.336316
5.3362355
5.336155
5.3360744
5.335994
5.335913
5.3358326
5.335752
5.3356714
5.335591
5.3355103
5.3354297
5.335349
5.3352685
5.335188
5.3351073
5.3350267
5.334946
5.3348656
5.3347855
5.334705
5.3346243
5.3345437
5.334463
5.3343825
5.3343024
5.334222
5.3341413
5.3340607
5.33398
5.3339
5.3338194
5.333739
5.333658
5.3335776
5.3334975
5.333417
5.3333364
5.333256
5.3331757
5.333095
5.3330145
5.3329344
5.332854
5.3327737
5.332693
5.3326125
5.3325324
5.332452
5.332371
5.332291
5.3322105
5.33213
5.33205
5.3319693
5.3318887
5.3318086
5.3317285
5.331648
5.3315673
5.331487
5.3314066
5.3313265
5.331246
5.331166
5.331085
5.331005
5.3309245
5.3308444
5.330764
5.3306837
5.3306036
5.330523
5.330443
5.3303623
5.330282
5.3302016
5.3301215
5.3300414
5.329961
5.3298807
5.3298006
5.32972
5.32964
5.32956
5.329479
5.329399
5.3293185
5.3292384
5.3291583
5.329078
5.3289976
5.3289175
5.3288374
5.3287573
5.3286767
5.3285966
5.3285165
5.3284364
5.3283563
5.3282757
5.3281956
5.3281155
5.3280354
5.327955
5.3278747
5.3277946
5.3277144
5.3276343
5.327554
5.327474
5.327394
5.3273134
5.327234
5.327153
5.327073
5.326993
5.326913
5.326833
5.3267527
5.3266726
5.3265924
5.3265123
5.326432
5.326352
5.326272
5.326192
5.326112
5.3260317
5.3259516
5.3258715
5.3257914
5.3257113
5.325631
5.325551
5.3254714
5.325391
5.3253107
5.325231
5.325151
5.325071
5.3249907
5.3249106
5.3248305
5.324751
5.324671
5.3245907
5.3245106
5.3244305
5.3243504
5.3242707
5.3241906
5.3241105
5.324031
5.323951
5.3238707
5.3237906
5.3237104
5.323631
5.3235507
5.3234706
5.323391
5.323311
5.3232307
5.323151
5.323071
5.322991
5.322911
5.322831
5.322751
5.3226714
5.3225913
5.3225117
5.3224316
5.3223515
5.322272
5.3221917
5.322112
5.322032
5.321952
5.321872
5.3217926
5.3217125
5.3216324
5.3215528
5.3214726
5.321393
5.3213134
5.3212333
5.3211536
5.3210735
5.320994
5.320914
5.320834
5.320754
5.3206744
5.3205943
5.3205147
5.320435
5.320355
5.3202753
5.3201957
5.3201156
5.320036
5.3199563
5.319876
5.3197966
5.319717
5.319637
5.319557
5.3194776
5.319398
5.319318
5.319238
5.3191586
5.3190784
5.318999
5.318919
5.3188396
5.3187594
5.31868
5.3186
5.3185205
5.318441
5.318361
5.318281
5.3182015
5.318122
5.3180423
5.3179626
5.317883
5.317803
5.3177233
5.3176436
5.317564
5.3174844
5.3174047
5.317325
5.3172455
5.317166
5.317086
5.3170066
5.316927
5.3168473
5.3167677
5.316688
5.3166084
5.316529
5.316449
5.3163695
5.31629
5.3162103
5.3161306
5.316051
5.3159714
5.3158917
5.315812
5.3157325
5.3156533
5.3155737
5.315494
5.3154144
5.315335
5.315255
5.3151755
5.315096
5.3150167
5.314937
5.3148575
5.314778
5.314698
5.314619
5.3145394
5.31446
5.31438
5.3143005
5.3142214
5.3141418
5.314062
5.313983
5.3139033
5.3138237
5.313744
5.313665
5.3135853
5.313506
5.3134265
5.313347
5.313267
5.313188
5.3131084
5.313029
5.3129497
5.31287
5.312791
5.3127112
5.312632
5.3125525
5.3124733
5.3123937
5.312314
5.312235
5.3121552
5.312076
5.3119965
5.3119173
5.3118377
5.3117585
5.311679
5.3115997
5.31152
5.311441
5.311362
5.311282
5.311203
5.3111234
5.311044
5.3109646
5.3108854
5.310806
5.3107266
5.3106475
5.310568
5.3104887
5.3104095
5.31033
5.3102508
5.310171
5.310092
5.310013
5.3099337
5.309854
5.309775
5.3096957
5.3096166
5.309537
5.309458
5.3093786
5.309299
5.30922
5.3091407
5.3090615
5.308982
5.3089027
5.3088236
5.3087444
5.3086653
5.308586
5.308507
5.308428
5.308348
5.308269
5.30819
5.3081107
5.3080316
5.3079524
5.3078732
5.307794
5.3077145
5.3076353
5.307556
5.307477
5.307398
5.3073187
5.3072395
5.3071604
5.307081
5.307002
5.306923
5.3068438
5.3067646
5.3066854
5.3066063
5.306527
5.306448
5.3063693
5.30629
5.3062105
5.306132
5.3060527
5.3059735
5.3058944
5.305815
5.305736
5.305657
5.305578
5.305499
5.30542
5.305341
5.3052616
5.3051825
5.3051033
5.3050246
5.3049455
5.3048663
5.304787
5.3047085
5.3046293
5.30455
5.304471
5.3043923
5.304313
5.304234
5.3041553
5.304076
5.303997
5.3039184
5.303839
5.30376
5.3036814
5.303602
5.303523
5.3034444
5.303365
5.303286
5.3032074
5.3031282
5.303049
5.3029704
5.3028913
5.3028126
5.3027334
5.3026547
5.3025756
5.3024964
5.3024178
5.302339
5.30226
5.302181
5.302102
5.3020234
5.3019443
5.301865
5.3017864
5.3017077
5.3016286
5.30155
5.3014708
5.301392
5.301313
5.3012342
5.3011556
5.3010764
5.3009977
5.300919
5.30084
5.300761
5.300682
5.3006034
5.3005247
5.3004456
5.300367
5.300288
5.300209
5.3001304
5.3000517
5.299973
5.299894
5.299815
5.2997365
5.2996573
5.2995787
5.2995
5.2994213
5.2993426
5.2992635
5.299185
5.299106
5.2990274
5.298949
5.29887
5.298791
5.2987123
5.2986336
5.298555
5.298476
5.2983975
5.2983184
5.2982397
5.298161
5.2980824
5.2980037
5.297925
5.2978463
5.2977676
5.297689
5.2976103
5.2975316
5.297453
5.2973742
5.2972956
5.297217
5.297138
5.2970595
5.296981
5.296902
5.2968235
5.296745
5.296666
5.2965875
5.296509
5.29643
5.2963514
5.296273
5.2961946
5.296116
5.296037
5.2959585
5.29588
5.295801
5.295723
5.2956443
5.2955656
5.295487
5.2954082
5.29533
5.295251
5.2951727
5.295094
5.2950153
5.2949367
5.2948585
5.29478
5.294701
5.294623
5.294544
5.2944655
5.294387
5.2943087
5.29423
5.2941513
5.294073
5.2939944
5.2939157
5.2938375
5.293759
5.29368
5.293602
5.2935233
5.293445
5.2933664
5.293288
5.2932096
5.293131
5.2930527
5.292974
5.292896
5.292817
5.2927384
5.29266
5.2925816
5.2925034
5.292425
5.2923465
5.292268
5.2921896
5.2921114
5.2920327
5.291954
5.291876
5.2917976
5.291719
5.2916408
5.291562
5.291484
5.2914057
5.291327
5.291249
5.29117
5.291092
5.2910137
5.290935
5.290857
5.2907786
5.2907
5.2906218
5.2905436
5.2904654
5.2903867
5.2903085
5.2902303
5.2901516
5.2900734
5.289995
5.2899165
5.2898383
5.28976
5.289682
5.2896037
5.289525
5.289447
5.2893686
5.2892904
5.2892118
5.2891335
5.2890553
5.288977
5.288899
5.2888207
5.2887425
5.2886643
5.288586
5.2885075
5.2884293
5.288351
5.288273
5.2881947
5.2881165
5.2880383
5.28796
5.287882
5.2878036
5.2877254
5.2876472
5.287569
5.287491
5.2874126
5.2873344
5.2872562
5.287178
5.2871
5.2870216
5.2869434
5.286865
5.286787
5.286709
5.2866306
5.286553
5.286474
5.2863965
5.2863183
5.28624
5.286162
5.2860837
5.2860055
5.285928
5.2858496
5.2857714
5.285693
5.285615
5.285537
5.285459
5.285381
5.2853026
5.2852244
5.2851467
5.2850685
5.2849903
5.284912
5.2848344
5.284756
5.284678
5.2846
5.284522
5.284444
5.2843657
5.284288
5.2842097
5.284132
5.284054
5.2839756
5.2838974
5.2838197
5.2837415
5.2836637
5.2835855
5.2835073
5.2834296
5.2833514
5.2832737
5.2831955
5.283118
5.2830396
5.2829614
5.2828836
5.2828054
5.2827277
5.2826495
5.282572
5.282494
5.282416
5.2823377
5.28226
5.282182
5.282104
5.2820263
5.281948
5.2818704
5.281792
5.2817144
5.281636
5.2815585
5.281481
5.2814026
5.281325
5.281247
5.281169
5.281091
5.2810135
5.2809353
5.2808576
5.2807794
5.2807016
5.280624
5.280546
5.280468
5.2803903
5.2803125
5.280235
5.280157
5.280079
5.280001
5.2799234
5.279845
5.2797675
5.27969
5.279612
5.2795343
5.2794566
5.2793784
5.2793007
5.279223
5.2791452
5.2790675
5.27899
5.2789116
5.278834
5.278756
5.2786784
5.2786007
5.278523
5.2784452
5.2783675
5.27829
5.278212
5.2781343
5.2780566
5.277979
5.277901
5.277823
5.2777452
5.2776675
5.2775903
5.2775126
5.277435
5.277357
5.2772794
5.2772017
5.277124
5.277046
5.2769685
5.2768908
5.276813
5.2767353
5.2766576
5.27658
5.276502
5.276425
5.276347
5.2762694
5.2761917
5.276114
5.2760367
5.275959
5.2758813
5.2758036
5.275726
5.275648
5.275571
5.275493
5.2754154
5.2753377
5.2752604
5.2751827
5.275105
5.2750273
5.27495
5.2748723
5.2747946
5.274717
5.2746396
5.274562
5.274484
5.274407
5.274329
5.2742515
5.274174
5.2740965
5.2740192
5.2739415
5.273864
5.2737865
5.273709
5.2736316
5.273554
5.2734766
5.273399
5.273321
5.273244
5.273166
5.273089
5.273011
5.272934
5.272856
5.272779
5.2727013
5.272624
5.2725463
5.272469
5.2723913
5.272314
5.2722363
5.272159
5.2720814
5.272004
5.271927
5.271849
5.271772
5.271694
5.271617
5.2715397
5.271462
5.2713847
5.2713075
5.2712297
5.2711525
5.271075
5.2709975
5.2709203
5.270843
5.2707653
5.270688
5.270611
5.270533
5.270456
5.2703786
5.2703013
5.2702236
5.2701464
5.270069
5.269992
5.269914
5.269837
5.2697597
5.2696824
5.269605
5.269528
5.26945
5.269373
5.2692957
5.2692184
5.269141
5.269064
5.2689867
5.268909
5.2688317
5.2687545
5.268677
5.2686
5.2685227
5.2684455
5.2683682
5.268291
5.2682137
5.2681365
5.2680593
5.267982
5.2679048
5.2678275
5.2677503
5.267673
5.267596
5.2675185
5.2674413
5.267364
5.267287
5.2672095
5.2671323
5.267055
5.266978
5.266901
5.266824
5.2667465
5.2666693
5.266592
5.266515
5.2664375
5.2663603
5.2662835
5.2662063
5.266129
5.266052
5.2659745
5.2658978
5.2658205
5.2657433
5.265666
5.2655888
5.265512
5.2654347
5.2653575
5.2652802
5.2652035
5.265126
5.265049
5.2649717
5.264895
5.2648177
5.2647405
5.2646637
5.2645864
5.264509
5.2644324
5.264355
5.264278
5.264201
5.264124
5.2640467
5.26397
5.2638927
5.263816
5.2637386
5.263662
5.2635846
5.2635074
5.2634306
5.2633533
5.2632766
5.2631993
5.2631226
5.2630453
5.2629685
5.2628913
5.2628145
5.2627373
5.2626605
5.2625833
5.2625065
5.262429
5.2623525
5.2622757
5.2621984
5.2621217
5.2620444
5.2619677
5.2618904
5.2618136
5.261737
5.2616596
5.261583
5.261506
5.261429
5.261352
5.261275
5.261198
5.2611213
5.2610445
5.2609673
5.2608905
5.2608137
5.2607365
5.2606597
5.260583
5.260506
5.260429
5.260352
5.2602754
5.2601986
5.2601213
5.2600446
5.259968
5.259891
5.2598143
5.2597375
5.2596602
5.2595835
5.2595067
5.25943
5.259353
5.2592764
5.259199
5.2591224
5.2590456
5.258969
5.258892
5.2588153
5.2587385
5.2586617
5.258585
5.258508
5.2584314
5.2583547
5.258278
5.258201
5.258124
5.2580476
5.257971
5.2578936
5.2578173
5.2577405
5.2576637
5.257587
5.25751
5.2574334
5.2573566
5.25728
5.257203
5.2571263
5.2570496
5.256973
5.2568965
5.2568197
5.256743
5.256666
5.2565894
5.2565126
5.256436
5.256359
5.2562823
5.256206
5.2561293
5.2560525
5.2559757
5.255899
5.2558227
5.255746
5.255669
5.2555923
5.255516
5.2554393
5.2553625
5.2552857
5.2552094
5.2551327
5.255056
5.2549796
5.254903
5.254826
5.2547493
5.254673
5.254596
5.25452
5.254443
5.2543664
5.25429
5.2542133
5.2541366
5.2540603
5.2539835
5.253907
5.2538304
5.253754
5.2536774
5.2536006
5.2535243
5.2534475
5.2533712
5.2532945
5.253218
5.2531414
5.2530646
5.2529883
5.2529116
5.2528353
5.252759
5.252682
5.252606
5.252529
5.252453
5.252376
5.2523
5.2522235
5.2521467
5.2520704
5.2519937
5.2519174
5.251841
5.2517643
5.251688
5.251611
5.251535
5.2514586
5.251382
5.2513056
5.2512293
5.251153
5.251076
5.251
5.2509236
5.250847
5.2507706
5.2506943
5.250618
5.250541
5.250465
5.2503886
5.250312
5.2502356
5.2501593
5.250083
5.2500067
5.24993
5.2498536
5.2497773
5.249701
5.2496247
5.2495484
5.249472
5.2493954
5.249319
5.249243
5.2491665
5.24909
5.249014
5.2489376
5.2488613
5.248785
5.2487082
5.248632
5.2485557
5.2484794
5.248403
5.248327
5.2482505
5.248174
5.248098
5.2480216
5.2479453
5.247869
5.2477927
5.247717
5.24764
5.247564
5.2474875
5.2474117
5.2473354
5.247259
5.247183
5.2471066
5.2470303
5.246954
5.2468777
5.2468014
5.246725
5.2466493
5.246573
5.2464967
5.2464204
5.246344
5.2462683
5.2461915
5.2461157
5.2460394
5.245963
5.2458873
5.245811
5.2457347
5.2456584
5.2455826
5.2455063
5.24543
5.2453537
5.2452774
5.2452016
5.2451253
5.245049
5.244973
5.244897
5.2448206
5.2447443
5.2446685
5.244592
5.2445164
5.24444
5.244364
5.244288
5.2442117
5.244136
5.2440596
5.2439833
5.2439075
5.243831
5.243755
5.243679
5.243603
5.243527
5.2434506
5.243375
5.2432985
5.2432227
5.2431464
5.2430706
5.2429943
5.2429185
5.242842
5.2427664
5.24269
5.2426143
5.2425385
5.242462
5.2423863
5.24231
5.242234
5.2421584
5.242082
5.2420063
5.24193
5.241854
5.2417784
5.241702
5.2416263
5.24155
5.241474
5.2413983
5.241322
5.241246
5.2411704
5.2410946
5.2410183
5.2409425
5.2408667
5.2407904
5.2407146
5.2406387
5.2405624
5.2404866
5.240411
5.240335
5.240259
5.240183
5.240107
5.2400312
5.2399554
5.2398796
5.239804
5.2397275
5.2396517
5.239576
5.2395
5.239424
5.2393484
5.2392726
5.239197
5.2391205
5.2390447
5.238969
5.238893
5.238817
5.2387414
5.2386656
5.23859
5.238514
5.238438
5.2383623
5.2382865
5.2382107
5.238135
5.238059
5.237983
5.2379074
5.2378316
5.237756
5.23768
5.237604
5.2375283
5.2374525
5.2373767
5.237301
5.237225
5.2371492
5.237074
5.2369976
5.236922
5.2368464
5.2367706
5.236695
5.236619
5.236543
5.236468
5.236392
5.236316
5.2362404
5.2361646
5.2360888
5.2360134
5.2359376
5.235862
5.235786
5.23571
5.235635
5.235559
5.235483
5.2354074
5.235332
5.235256
5.2351804
5.235105
5.235029
5.2349534
5.234878
5.2348022
5.2347264
5.2346506
5.2345753
5.2344995
5.234424
5.2343483
5.234273
5.234197
5.2341213
5.234046
5.23397
5.2338943
5.233819
5.233743
5.233668
5.233592
5.2335167
5.233441
5.2333655
5.2332897
5.233214
5.2331386
5.233063
5.2329874
5.232912
5.2328362
5.232761
5.232685
5.2326097
5.232534
5.2324586
5.2323833
5.2323074
5.232232
5.2321563
5.232081
5.2320056
5.23193
5.2318544
5.2317786
5.2317033
5.2316275
5.231552
5.231477
5.2314014
5.2313256
5.2312503
5.2311745
5.231099
5.231024
5.2309484
5.2308726
5.2307973
5.230722
5.2306466
5.2305713
5.2304955
5.23042
5.230345
5.2302694
5.2301936
5.2301183
5.230043
5.2299676
5.229892
5.229817
5.229741
5.2296658
5.2295904
5.229515
5.2294397
5.229364
5.2292886
5.229213
5.229138
5.2290626
5.228987
5.228912
5.2288365
5.228761
5.228686
5.2286105
5.228535
5.22846
5.2283845
5.228309
5.228234
5.2281585
5.228083
5.228008
5.2279325
5.227857
5.227782
5.2277064
5.227631
5.2275558
5.2274804
5.227405
5.2273297
5.2272544
5.227179
5.2271037
5.2270284
5.226953
5.226878
5.226803
5.2267275
5.226652
5.226577
5.2265015
5.2264266
5.226351
5.226276
5.2262006
5.2261252
5.22605
5.2259746
5.2258997
5.2258244
5.225749
5.2256737
5.225599
5.2255235
5.225448
5.2253733
5.225298
5.2252226
5.2251472
5.2250724
5.224997
5.2249217
5.224847
5.2247715
5.224696
5.224621
5.224546
5.2244706
5.2243958
5.2243204
5.224245
5.22417
5.224095
5.2240195
5.2239447
5.2238693
5.2237945
5.223719
5.2236443
5.223569
5.223494
5.2234187
5.223344
5.2232685
5.2231936
5.2231183
5.223043
5.222968
5.222893
5.222818
5.222743
5.2226677
5.222593
5.2225175
5.2224426
5.222368
5.2222924
5.2222176
5.222142
5.2220674
5.2219925
5.221917
5.2218423
5.221767
5.221692
5.2216167
5.221542
5.221467
5.221392
5.221317
5.221242
5.221167
5.2210917
5.221017
5.220942
5.2208667
5.220792
5.220717
5.220642
5.2205667
5.220492
5.220417
5.220342
5.2202673
5.220192
5.220117
5.220042
5.219967
5.219892
5.219817
5.2197423
5.2196674
5.2195926
5.219517
5.2194424
5.2193675
5.2192926
5.219218
5.219143
5.219068
5.218993
5.2189183
5.218843
5.2187686
5.2186937
5.2186184
5.2185435
5.2184687
5.218394
5.218319
5.218244
5.218169
5.2180943
5.2180195
5.2179446
5.2178698
5.217795
5.21772
5.217645
5.2175703
5.217496
5.2174206
5.217346
5.2172713
5.2171965
5.2171216
5.2170467
5.216972
5.216897
5.216822
5.2167473
5.216673
5.216598
5.216523
5.2164483
5.2163734
5.2162986
5.2162237
5.2161493
5.2160745
5.2159996
5.215925
5.2158504
5.2157755
5.2157006
5.215626
5.215551
5.2154765
5.2154016
5.215327
5.2152524
5.2151775
5.2151027
5.2150283
5.2149534
5.2148786
5.2148037
5.2147293
5.2146544
5.21458
5.214505
5.2144303
5.2143555
5.214281
5.214206
5.2141314
5.214057
5.213982
5.2139077
5.213833
5.2137585
5.2136836
5.213609
5.2135344
5.21346
5.213385
5.2133102
5.213236
5.213161
5.2130866
5.2130117
5.2129374
5.2128625
5.212788
5.2127132
5.212639
5.2125645
5.2124896
5.2124147
5.2123404
5.212266
5.212191
5.2121167
5.212042
5.2119675
5.211893
5.211818
5.211744
5.2116694
5.2115946
5.21152
5.2114453
5.211371
5.2112966
5.2112217
5.2111473
5.211073
5.210998
5.2109237
5.2108493
5.210775
5.2107005
5.2106256
5.2105513
5.210477
5.210402
5.2103276
5.2102532
5.210179
5.2101045
5.21003
5.209955
5.209881
5.2098064
5.209732
5.209657
5.209583
5.2095084
5.209434
5.2093596
5.2092853
5.209211
5.2091365
5.2090616
5.208987
5.208913
5.2088385
5.208764
5.2086897
5.2086153
5.208541
5.2084665
5.208392
5.2083178
5.2082434
5.208169
5.208094
5.20802
5.207946
5.2078714
5.207797
5.2077227
5.2076483
5.207574
5.2074995
5.207425
5.2073507
5.2072763
5.207202
5.2071276
5.207053
5.206979
5.206905
5.2068305
5.206756
5.2066817
5.2066073
5.206533
5.2064586
5.206384
5.2063103
5.206236
5.2061615
5.206087
5.2060127
5.205939
5.2058644
5.20579
5.2057157
5.2056413
5.205567
5.205493
5.2054186
5.205344
5.2052703
5.205196
5.2051215
5.205047
5.204973
5.204899
5.2048244
5.2047505
5.204676
5.204602
5.204528
5.2044535
5.204379
5.204305
5.204231
5.2041564
5.2040825
5.204008
5.203934
5.20386
5.203786
5.2037115
5.203637
5.203563
5.203489
5.203415
5.2033405
5.2032666
5.203192
5.203118
5.203044
5.2029696
5.2028956
5.2028213
5.2027473
5.202673
5.202599
5.2025247
5.2024508
5.202377
5.2023025
5.2022285
5.202154
5.2020802
5.202006
5.201932
5.201858
5.2017837
5.2017097
5.201636
5.2015615
5.2014875
5.201413
5.2013392
5.2012653
5.201191
5.201117
5.201043
5.200969
5.200895
5.200821
5.200747
5.2006726
5.2005987
5.200525
5.200451
5.200377
5.2003026
5.2002287
5.200155
5.2000804
5.2000065
5.1999326
5.1998587
5.1997848
5.199711
5.1996365
5.1995625
5.1994886
5.1994147
5.199341
5.1992664
5.1991925
5.1991186
5.1990447
5.198971
5.198897
5.198823
5.198749
5.198675
5.1986012
5.1985273
5.198453
5.198379
5.198305
5.198231
5.1981573
5.1980834
5.1980095
5.1979356
5.1978617
5.197788
5.197714
5.19764
5.197566
5.197492
5.1974187
5.1973443
5.1972704
5.197197
5.197123
5.197049
5.196975
5.1969013
5.1968274
5.1967535
5.1966796
5.1966057
5.196532
5.1964583
5.1963844
5.1963105
5.1962366
5.1961627
5.196089
5.1960154
5.1959414
5.1958675
5.1957936
5.1957197
5.195646
5.1955724
5.1954985
5.1954246
5.1953506
5.195277
5.1952033
5.1951294
5.1950555
5.194982
5.194908
5.1948347
5.194761
5.194687
5.194613
5.1945395
5.1944656
5.1943917
5.1943183
5.1942444
5.1941705
5.194097
5.194023
5.1939497
5.193876
5.193802
5.1937284
5.1936545
5.1935806
5.193507
5.193434
5.19336
5.193286
5.1932125
5.1931386
5.193065
5.1929913
5.192918
5.192844
5.1927705
5.1926966
5.192623
5.192549
5.192476
5.192402
5.1923285
5.1922545
5.192181
5.192107
5.192034
5.19196
5.1918864
5.191813
5.191739
5.1916656
5.1915917
5.1915183
5.191445
5.191371
5.1912975
5.191224
5.19115
5.1910768
5.1910033
5.19093
5.190856
5.1907825
5.1907086
5.190635
5.190562
5.1904883
5.190415
5.190341
5.1902676
5.190194
5.19012
5.190047
5.1899734
5.1899
5.1898265
5.1897526
5.189679
5.1896057
5.1895323
5.189459
5.189385
5.1893115
5.189238
5.1891646
5.189091
5.189018
5.188944
5.188871
5.188797
5.1887236
5.18865
5.1885767
5.1885033
5.18843
5.1883564
5.188283
5.1882095
5.188136
5.1880627
5.1879888
5.187916
5.187842
5.187769
5.187695
5.187622
5.187548
5.187475
5.187402
5.1873283
5.187255
5.1871815
5.187108
5.1870346
5.186961
5.1868877
5.1868143
5.186741
5.1866674
5.186594
5.1865206
5.1864476
5.186374
5.1863008
5.1862273
5.186154
5.1860805
5.186007
5.185934
5.1858606
5.185787
5.185714
5.1856403
5.1855674
5.185494
5.1854205
5.185347
5.185274
5.1852007
5.1851273
5.185054
5.1849804
5.1849074
5.184834
5.1847606
5.1846876
5.184614
5.1845407
5.184468
5.1843944
5.184321
5.184248
5.1841745
5.184101
5.184028
5.1839547
5.1838813
5.1838083
5.183735
5.1836615
5.1835885
5.183515
5.183442
5.1833687
5.1832957
5.1832223
5.183149
5.183076
5.1830025
5.1829295
5.182856
5.182783
5.1827097
5.1826367
5.1825633
5.1824903
5.182417
5.182344
5.182271
5.1821976
5.182124
5.182051
5.1819777
5.181905
5.181832
5.1817584
5.1816854
5.1816125
5.181539
5.181466
5.1813927
5.1813197
5.1812468
5.1811733
5.1811004
5.181027
5.180954
5.180881
5.1808076
5.1807346
5.1806617
5.1805887
5.1805153
5.1804423
5.1803694
5.180296
5.180223
5.18015
5.180077
5.1800036
5.1799307
5.1798577
5.1797843
5.179712
5.1796384
5.1795654
5.1794925
5.1794195
5.179346
5.179273
5.1792
5.179127
5.1790543
5.1789813
5.178908
5.178835
5.178762
5.178689
5.178616
5.178543
5.17847
5.178397
5.178324
5.178251
5.178178
5.1781054
5.178032
5.177959
5.177886
5.177813
5.17774
5.177667
5.177594
5.177521
5.1774483
5.1773753
5.1773024
5.1772294
5.1771564
5.1770835
5.1770105
5.1769376
5.1768646
5.176792
5.176719
5.176646
5.1765733
5.1765003
5.1764274
5.1763544
5.1762815
5.1762085
5.1761355
5.1760626
5.17599
5.175917
5.175844
5.175771
5.1756983
5.1756253
5.175553
5.17548
5.175407
5.1753345
5.175261
5.1751885
5.1751156
5.1750426
5.1749697
5.174897
5.174824
5.1747513
5.1746783
5.174606
5.174533
5.17446
5.1743875
5.1743145
5.1742415
5.174169
5.174096
5.174023
5.1739507
5.1738777
5.1738048
5.1737323
5.1736593
5.173587
5.173514
5.173441
5.173368
5.1732955
5.1732225
5.17315
5.173077
5.1730046
5.1729317
5.172859
5.172786
5.1727138
5.172641
5.1725683
5.1724954
5.1724224
5.17235
5.172277
5.1722045
5.172132
5.172059
5.1719866
5.1719136
5.171841
5.171768
5.1716957
5.1716228
5.1715503
5.171478
5.171405
5.1713324
5.1712594
5.171187
5.1711144
5.1710415
5.170969
5.1708965
5.1708236
5.170751
5.170678
5.1706057
5.170533
5.1704607
5.1703877
5.1703153
5.170243
5.17017
5.1700974
5.170025
5.169952
5.1698794
5.169807
5.1697345
5.169662
5.169589
5.1695166
5.169444
5.1693716
5.169299
5.169226
5.1691537
5.169081
5.1690087
5.168936
5.1688633
5.168791
5.1687183
5.168646
5.1685734
5.168501
5.1684284
5.168356
5.168283
5.1682105
5.168138
5.1680655
5.167993
5.1679206
5.167848
5.1677756
5.167703
5.1676307
5.167558
5.1674857
5.167413
5.1673408
5.167268
5.167196
5.1671233
5.167051
5.1669784
5.166906
5.1668334
5.166761
5.1666884
5.166616
5.1665435
5.166471
5.1663985
5.166326
5.1662536
5.166181
5.166109
5.1660366
5.165964
5.1658916
5.165819
5.1657467
5.165674
5.1656017
5.1655297
5.1654572
5.165385
5.1653123
5.16524
5.165168
5.1650953
5.165023
5.1649504
5.1648784
5.164806
5.1647334
5.164661
5.1645885
5.1645164
5.164444
5.1643715
5.164299
5.164227
5.1641545
5.164082
5.16401
5.1639376
5.163865
5.163793
5.1637206
5.163648
5.163576
5.1635036
5.1634316
5.163359
5.1632867
5.163214
5.163142
5.1630697
5.1629977
5.1629252
5.1628532
5.162781
5.1627083
5.1626363
5.162564
5.162492
5.1624193
5.1623473
5.162275
5.162203
5.1621304
5.1620584
5.161986
5.161914
5.1618414
5.1617694
5.1616974
5.161625
5.161553
5.1614804
5.1614084
5.161336
5.161264
5.1611915
5.1611195
5.161047
5.160975
5.160903
5.160831
5.1607585
5.1606865
5.160614
5.160542
5.16047
5.1603975
5.1603255
5.160253
5.160181
5.160109
5.160037
5.1599646
5.1598926
5.1598206
5.1597486
5.159676
5.159604
5.159532
5.1594596
5.1593876
5.1593156
5.1592436
5.1591716
5.1590996
5.159027
5.158955
5.158883
5.158811
5.158739
5.1586666
5.1585946
5.1585226
5.1584506
5.1583786
5.1583066
5.1582346
5.158162
5.15809
5.158018
5.157946
5.157874
5.157802
5.15773
5.157658
5.157586
5.1575136
5.157442
5.1573696
5.1572976
5.1572256
5.1571536
5.157082
5.1570096
5.1569376
5.1568656
5.1567936
5.1567216
5.15665
5.1565776
5.1565056
5.156434
5.156362
5.15629
5.156218
5.156146
5.156074
5.156002
5.15593
5.155858
5.155786
5.155714
5.155642
5.1555705
5.1554985
5.1554265
5.1553545
5.1552825
5.1552105
5.155139
5.155067
5.154995
5.154923
5.154851
5.1547794
5.1547074
5.1546354
5.1545634
5.154492
5.15442
5.154348
5.154276
5.1542044
5.1541324
5.1540604
5.1539884
5.153917
5.153845
5.153773
5.153701
5.1536293
5.1535573
5.1534853
5.153414
5.153342
5.1532702
5.1531982
5.1531262
5.153054
5.1529827
5.1529107
5.152839
5.152767
5.1526957
5.1526237
5.1525517
5.15248
5.152408
5.1523366
5.1522646
5.152193
5.152121
5.1520495
5.1519775
5.151906
5.151834
5.1517625
5.1516905
5.1516185
5.151547
5.1514754
5.1514034
5.151332
5.15126
5.1511884
5.1511164
5.151045
5.1509733
5.1509013
5.15083
5.150758
5.1506863
5.1506143
5.1505427
5.150471
5.150399
5.1503277
5.150256
5.150184
5.1501126
5.150041
5.1499696
5.1498976
5.149826
5.149754
5.1496825
5.149611
5.149539
5.1494675
5.149396
5.1493244
5.149253
5.149181
5.1491094
5.149038
5.1489663
5.1488943
5.148823
5.1487513
5.1486797
5.1486077
5.148536
5.1484647
5.148393
5.1483216
5.1482496
5.1481786
5.1481066
5.148035
5.1479635
5.147892
5.1478205
5.147749
5.1476774
5.147606
5.147534
5.1474624
5.147391
5.1473193
5.147248
5.1471763
5.1471047
5.147033
5.1469617
5.14689
5.1468186
5.146747
5.1466756
5.146604
5.1465325
5.146461
5.1463895
5.146318
5.1462464
5.146175
5.1461034
5.146032
5.1459603
5.145889
5.1458173
5.1457458
5.1456747
5.145603
5.1455317
5.14546
5.1453886
5.145317
5.1452456
5.145174
5.1451025
5.145031
5.14496
5.1448884
5.144817
5.1447453
5.144674
5.144603
5.1445312
5.1444597
5.144388
5.144317
5.1442456
5.144174
5.1441026
5.144031
5.14396
5.1438885
5.143817
5.1437454
5.1436744
5.143603
5.1435313
5.14346
5.1433887
5.143317
5.1432457
5.1431746
5.143103
5.143032
5.1429605
5.142889
5.1428175
5.1427464
5.142675
5.142604
5.1425323
5.1424613
5.14239
5.1423187
5.142247
5.1421757
5.1421046
5.142033
5.141962
5.1418905
5.141819
5.141748
5.1416764
5.1416054
5.141534
5.141463
5.1413913
5.14132
5.1412487
5.1411777
5.1411066
5.141035
5.1409636
5.1408925
5.1408215
5.14075
5.140679
5.1406074
5.1405363
5.1404653
5.1403937
5.1403227
5.140251
5.14018
5.140109
5.1400375
5.1399665
5.139895
5.139824
5.139753
5.1396813
5.1396103
5.1395392
5.139468
5.1393967
5.1393256
5.1392546
5.139183
5.139112
5.139041
5.13897
5.1388984
5.1388273
5.1387563
5.138685
5.1386137
5.1385427
5.1384716
5.1384006
5.1383295
5.138258
5.138187
5.138116
5.138045
5.1379733
5.1379023
5.137831
5.13776
5.137689
5.137618
5.137547
5.137476
5.137405
5.1373334
5.1372623
5.1371913
5.1371202
5.137049
5.136978
5.136907
5.136836
5.136765
5.1366935
5.136623
5.136552
5.1364803
5.1364098
5.1363387
5.136267
5.136196
5.1361256
5.136054
5.1359835
5.1359124
5.1358414
5.1357703
5.1356993
5.135628
5.135557
5.135486
5.135415
5.135344
5.135273
5.135202
5.1351314
5.13506
5.1349893
5.134918
5.134847
5.134776
5.134705
5.134634
5.134563
5.1344924
5.1344213
5.1343503
5.1342793
5.134208
5.1341376
5.1340666
5.1339955
5.1339245
5.1338534
5.133783
5.133712
5.133641
5.1335697
5.133499
5.133428
5.133357
5.1332865
5.1332154
5.1331444
5.1330733
5.1330028
5.1329317
5.1328607
5.1327896
5.132719
5.132648
5.1325774
5.1325064
5.1324353
5.1323647
5.1322937
5.132223
5.132152
5.132081
5.1320105
5.1319394
5.1318684
5.131798
5.1317267
5.131656
5.131585
5.1315145
5.1314435
5.131373
5.131302
5.1312313
5.1311603
5.1310897
5.1310186
5.130948
5.130877
5.1308064
5.1307354
5.1306643
5.130594
5.130523
5.130452
5.1303816
5.1303105
5.13024
5.1301694
5.1300983
5.130028
5.1299567
5.129886
5.1298156
5.1297445
5.129674
5.129603
5.1295323
5.129462
5.129391
5.12932
5.1292496
5.1291785
5.129108
5.1290374
5.1289663
5.1288958
5.128825
5.128754
5.1286836
5.128613
5.1285424
5.128472
5.128401
5.12833
5.1282597
5.1281886
5.128118
5.1280475
5.127977
5.1279063
5.1278353
5.1277647
5.127694
5.1276236
5.127553
5.1274824
5.127412
5.127341
5.12727
5.1271996
5.127129
5.1270585
5.126988
5.1269174
5.1268463
5.1267757
5.126705
5.1266346
5.126564
5.1264935
5.126423
5.1263523
5.1262817
5.126211
5.1261406
5.12607
5.1259995
5.125929
5.1258583
5.1257877
5.125717
5.1256466
5.125576
5.1255054
5.125435
5.1253643
5.1252937
5.125223
5.1251526
5.125082
5.1250114
5.124941
5.1248703
5.1247997
5.1247296
5.124659
5.1245885
5.124518
5.1244473
5.124377
5.124306
5.124236
5.1241655
5.124095
5.1240244
5.123954
5.1238832
5.1238127
5.1237426
5.123672
5.1236014
5.123531
5.1234603
5.12339
5.1233196
5.123249
5.1231785
5.1231084
5.123038
5.1229672
5.122897
5.1228266
5.122756
5.122686
5.1226153
5.122545
5.122474
5.122404
5.1223335
5.122263
5.122193
5.1221223
5.122052
5.1219816
5.121911
5.1218405
5.1217704
5.1217
5.1216297
5.121559
5.121489
5.1214185
5.121348
5.121278
5.121207
5.121137
5.1210666
5.1209965
5.120926
5.1208553
5.120785
5.120715
5.1206446
5.120574
5.120504
5.1204333
5.120363
5.120293
5.1202226
5.1201525
5.120082
5.120012
5.119941
5.119871
5.119801
5.1197305
5.1196604
5.11959
5.1195197
5.119449
5.119379
5.119309
5.1192384
5.1191683
5.119098
5.1190276
5.1189575
5.1188874
5.118817
5.1187468
5.118676
5.118606
5.118536
5.1184654
5.1183953
5.118325
5.118255
5.118185
5.1181145
5.1180444
5.1179743
5.1179037
5.1178336
5.1177635
5.1176934
5.117623
5.1175528
5.1174827
5.1174126
5.1173425
5.117272
5.117202
5.1171317
5.1170616
5.1169915
5.116921
5.1168513
5.116781
5.1167107
5.1166406
5.1165705
5.1165004
5.1164303
5.11636
5.11629
5.11622
5.11615
5.1160793
5.116009
5.115939
5.115869
5.115799
5.115729
5.1156588
5.1155887
5.1155186
5.1154485
5.1153784
5.1153083
5.115238
5.115168
5.115098
5.115028
5.114958
5.1148877
5.1148176
5.1147475
5.1146774
5.1146073
5.1145372
5.114467
5.1143975
5.1143274
5.1142573
5.1141872
5.114117
5.114047
5.113977
5.1139073
5.1138372
5.113767
5.113697
5.113627
5.113557
5.113487
5.1134167
5.113347
5.113277
5.113207
5.113137
5.113067
5.112997
5.112927
5.112857
5.112787
5.112717
5.112647
5.112577
5.1125073
5.1124372
5.112367
5.1122975
5.1122274
5.1121573
5.1120872
5.1120176
5.1119475
5.1118774
5.111808
5.1117377
5.1116676
5.111598
5.111528
5.111458
5.111388
5.111318
5.1112485
5.1111784
5.1111083
5.1110387
5.1109686
5.110899
5.110829
5.1107593
5.110689
5.110619
5.1105494
5.1104794
5.1104097
5.1103396
5.11027
5.1102
5.1101303
5.11006
5.10999
5.1099205
5.109851
5.109781
5.109711
5.109641
5.1095715
5.1095014
5.1094317
5.109362
5.109292
5.1092224
5.1091523
5.1090827
5.109013
5.108943
5.1088734
5.1088033
5.1087337
5.108664
5.108594
5.1085243
5.108454
5.1083846
5.108315
5.108245
5.1081753
5.1081057
5.1080356
5.107966
5.1078963
5.1078267
5.1077566
5.107687
5.1076174
5.1075478
5.1074777
5.107408
5.1073384
5.107269
5.1071987
5.107129
5.1070595
5.10699
5.10692
5.10685
5.1067805
5.106711
5.1066413
5.1065717
5.1065016
5.106432
5.1063623
5.1062927
5.106223
5.1061535
5.106084
5.106014
5.105944
5.1058745
5.105805
5.1057353
5.1056657
5.105596
5.1055264
5.105457
5.105387
5.1053176
5.105248
5.105178
5.1051087
5.105039
5.104969
5.1049
5.1048303
5.10476
5.104691
5.1046214
5.104552
5.104482
5.104412
5.104343
5.1042733
5.1042037
5.104134
5.1040645
5.103995
5.103925
5.1038556
5.103786
5.1037164
5.1036468
5.1035776
5.103508
5.1034384
5.1033688
5.103299
5.1032295
5.1031604
5.103091
5.103021
5.1029515
5.102882
5.1028123
5.1027427
5.1026735
5.102604
5.1025343
5.1024647
5.1023955
5.102326
5.1022563
5.1021867
5.1021175
5.102048
5.1019783
5.1019087
5.1018395
5.10177
5.1017003
5.1016307
5.1015615
5.101492
5.1014223
5.101353
5.1012836
5.1012144
5.101145
5.101075
5.1010056
5.1009364
5.100867
5.1007977
5.100728
5.1006584
5.1005893
5.1005197
5.1004505
5.100381
5.1003118
5.100242
5.100173
5.1001034
5.1000338
5.0999646
5.099895
5.099826
5.0997562
5.099687
5.0996175
5.0995483
5.0994787
5.0994096
5.09934
5.099271
5.099201
5.099132
5.0990624
5.0989933
5.098924
5.0988545
5.098785
5.098716
5.0986466
5.098577
5.098508
5.0984387
5.098369
5.0983
5.0982304
5.098161
5.098092
5.0980225
5.0979533
5.0978837
5.0978146
5.0977454
5.0976763
5.0976067
5.0975375
5.0974684
5.097399
5.0973296
5.0972605
5.0971913
5.0971217
5.0970526
5.0969834
5.096914
5.0968447
5.0967755
5.0967064
5.096637
5.0965676
5.0964985
5.0964293
5.09636
5.0962906
5.0962214
5.0961523
5.096083
5.096014
5.095945
5.0958753
5.095806
5.095737
5.095668
5.0955987
5.0955296
5.0954604
5.0953913
5.0953217
5.0952525
5.0951834
5.095114
5.095045
5.094976
5.094907
5.0948377
5.0947685
5.0946994
5.0946302
5.094561
5.094492
5.094423
5.0943537
5.0942845
5.0942154
5.0941463
5.094077
5.094008
5.093939
5.0938697
5.0938005
5.0937314
5.0936623
5.093593
5.093524
5.093455
5.0933857
5.0933166
5.093248
5.0931787
5.0931096
5.0930405
5.0929713
5.092902
5.092833
5.092764
5.0926948
5.092626
5.092557
5.092488
5.0924187
5.0923495
5.092281
5.0922117
5.0921426
5.0920734
5.0920043
5.0919356
5.0918665
5.0917974
5.091728
5.091659
5.0915904
5.0915213
5.091452
5.091383
5.0913143
5.091245
5.091176
5.0911074
5.091038
5.090969
5.0909004
5.0908313
5.090762
5.090693
5.0906243
5.090555
5.0904865
5.0904174
5.0903482
5.0902796
5.0902104
5.0901413
5.0900726
5.0900035
5.089935
5.0898657
5.0897965
5.089728
5.0896587
5.08959
5.089521
5.0894523
5.089383
5.089314
5.0892453
5.0891767
5.0891075
5.0890384
5.0889697
5.088901
5.088832
5.088763
5.088694
5.0886254
5.0885563
5.0884876
5.0884185
5.08835
5.0882807
5.088212
5.088143
5.088074
5.0880055
5.0879364
5.0878677
5.0877986
5.08773
5.0876613
5.087592
5.0875235
5.087455
5.0873857
5.087317
5.087248
5.087179
5.0871105
5.087042
5.0869727
5.086904
5.0868354
5.0867662
5.0866976
5.086629
5.08656
5.086491
5.0864224
5.086354
5.086285
5.086216
5.0861473
5.0860786
5.0860095
5.085941
5.085872
5.0858035
5.085735
5.085666
5.085597
5.0855284
5.0854597
5.085391
5.0853224
5.0852532
5.0851846
5.085116
5.0850472
5.0849786
5.08491
5.0848413
5.0847726
5.084704
5.0846353
5.084566
5.0844975
5.084429
5.08436
5.0842915
5.084223
5.084154
5.0840855
5.084017
5.083948
5.0838795
5.083811
5.083742
5.0836735
5.083605
5.083536
5.0834675
5.083399
5.08333
5.0832615
5.083193
5.083124
5.0830555
5.082987
5.082918
5.0828495
5.082781
5.082712
5.0826435
5.0825753
5.0825067
5.082438
5.0823693
5.0823007
5.082232
5.0821633
5.0820947
5.0820265
5.081958
5.081889
5.0818205
5.081752
5.0816836
5.081615
5.0815463
5.0814776
5.081409
5.081341
5.081272
5.0812035
5.081135
5.0810666
5.080998
5.0809293
5.0808606
5.0807924
5.080724
5.080655
5.0805864
5.0805182
5.0804496
5.080381
5.0803127
5.080244
5.0801754
5.080107
5.0800385
5.07997
5.0799017
5.079833
5.079765
5.079696
5.0796275
5.079559
5.0794907
5.079422
5.079354
5.079285
5.079217
5.0791483
5.0790796
5.0790114
5.078943
5.0788746
5.078806
5.0787377
5.078669
5.078601
5.078532
5.0784636
5.0783954
5.0783267
5.0782585
5.0781903
5.0781217
5.0780535
5.077985
5.077916
5.077848
5.07778
5.077711
5.077643
5.0775743
5.077506
5.0774374
5.077369
5.077301
5.0772324
5.077164
5.077096
5.0770273
5.076959
5.0768905
5.0768223
5.076754
5.076686
5.0766172
5.076549
5.0764804
5.076412
5.076344
5.0762753
5.076207
5.076139
5.076071
5.076002
5.075934
5.0758657
5.075797
5.075729
5.0756607
5.0755925
5.075524
5.0754557
5.0753875
5.0753193
5.0752506
5.0751824
5.0751143
5.075046
5.074978
5.074909
5.074841
5.074773
5.0747046
5.0746365
5.0745683
5.0745
5.074432
5.074363
5.074295
5.074227
5.0741587
5.0740905
5.0740223
5.073954
5.073886
5.0738173
5.073749
5.073681
5.0736127
5.0735445
5.0734763
5.073408
5.07334
5.0732718
5.0732036
5.0731354
5.073067
5.072999
5.072931
5.0728626
5.0727944
5.0727262
5.072658
5.07259
5.0725217
5.0724535
5.072386
5.072317
5.0722494
5.072181
5.072113
5.072045
5.0719767
5.0719085
5.0718403
5.071772
5.071704
5.0716357
5.071568
5.0715
5.0714316
5.0713634
5.0712953
5.071227
5.0711594
5.071091
5.071023
5.070955
5.0708866
5.0708184
5.0707507
5.0706825
5.0706143
5.070546
5.0704784
5.0704103
5.070342
5.070274
5.070206
5.070138
5.07007
5.0700016
5.069934
5.0698657
5.0697975
5.06973
5.0696616
5.0695934
5.0695252
5.0694575
5.0693893
5.069321
5.0692534
5.0691853
5.0691175
5.0690494
5.068981
5.0689135
5.0688453
5.068777
5.0687094
5.068641
5.0685735
5.0685053
5.0684376
5.0683694
5.068301
5.0682335
5.0681653
5.0680976
5.0680294
5.0679617
5.0678935
5.067826
5.0677576
5.06769
5.0676217
5.067554
5.067486
5.067418
5.06735
5.067282
5.067214
5.0671463
5.0670786
5.0670104
5.0669427
5.0668745
5.066807
5.0667386
5.066671
5.066603
5.066535
5.0664673
5.066399
5.0663314
5.066263
5.0661955
5.066128
5.06606
5.065992
5.065924
5.065856
5.0657883
5.0657206
5.065653
5.0655847
5.065517
5.0654488
5.065381
5.0653133
5.0652456
5.065178
5.0651097
5.065042
5.0649743
5.0649066
5.0648384
5.0647707
5.064703
5.064635
5.064567
5.0644994
5.0644317
5.064364
5.0642962
5.064228
5.0641603
5.0640926
5.064025
5.063957
5.0638895
5.0638213
5.0637536
5.063686
5.063618
5.0635505
5.0634828
5.063415
5.063347
5.0632796
5.0632114
5.0631437
5.063076
5.0630083
5.0629406
5.062873
5.062805
5.0627375
5.0626698
5.062602
5.0625343
5.0624666
5.062399
5.062331
5.0622635
5.062196
5.062128
5.0620604
5.0619926
5.061925
5.061857
5.0617895
5.061722
5.061654
5.0615864
5.0615187
5.061451
5.0613837
5.0613155
5.061248
5.0611806
5.061113
5.061045
5.0609775
5.0609097
5.060842
5.0607743
5.060707
5.0606394
5.0605717
5.060504
5.0604362
5.060369
5.0603013
5.0602336
5.060166
5.060098
5.0600305
5.059963
5.0598955
5.059828
5.05976
5.059693
5.059625
5.0595574
5.0594897
5.059422
5.059355
5.059287
5.05922
5.059152
5.0590844
5.0590167
5.0589495
5.0588818
5.058814
5.058747
5.058679
5.0586114
5.058544
5.0584764
5.058409
5.0583415
5.058274
5.058206
5.058139
5.058071
5.058004
5.057936
5.0578685
5.0578012
5.0577335
5.0576663
5.0575986
5.057531
5.0574636
5.0573964
5.0573287
5.0572615
5.0571938
5.057126
5.057059
5.056991
5.056924
5.056856
5.056789
5.056721
5.056654
5.0565863
5.056519
5.056452
5.056384
5.056317
5.056249
5.056182
5.056114
5.056047
5.0559797
5.055912
5.055845
5.0557775
5.05571
5.0556426
5.055575
5.0555077
5.0554404
5.0553727
5.0553055
5.0552382
5.0551705
5.0551033
5.0550356
5.0549684
5.054901
5.054834
5.054766
5.054699
5.054631
5.054564
5.054497
5.0544295
5.054362
5.0542946
5.0542274
5.05416
5.0540924
5.054025
5.053958
5.0538907
5.0538235
5.0537558
5.0536885
5.0536213
5.053554
5.053487
5.053419
5.053352
5.0532846
5.0532174
5.05315
5.053083
5.0530157
5.052948
5.052881
5.0528135
5.0527463
5.052679
5.052612
5.0525446
5.0524774
5.05241
5.052343
5.052275
5.052208
5.0521407
5.052074
5.0520062
5.051939
5.051872
5.0518045
5.0517373
5.05167
5.051603
5.0515356
5.0514684
5.051401
5.051334
5.0512667
5.0511994
5.051132
5.051065
5.050998
5.050931
5.0508637
5.0507965
5.0507293
5.050662
5.050595
5.0505276
5.0504603
5.050393
5.050326
5.0502586
5.0501914
5.0501246
5.0500574
5.04999
5.049923
5.0498557
5.049789
5.0497217
5.0496545
5.0495872
5.04952
5.049453
5.0493855
5.049319
5.0492516
5.0491843
5.049117
5.04905
5.048983
5.048916
5.0488486
5.048782
5.0487146
5.0486474
5.04858
5.0485134
5.048446
5.048379
5.0483117
5.048245
5.0481777
5.0481105
5.0480437
5.0479765
5.0479093
5.0478425
5.0477753
5.047708
5.0476413
5.047574
5.047507
5.04744
5.047373
5.047306
5.047239
5.047172
5.047105
5.0470376
5.046971
5.0469036
5.046837
5.0467696
5.046703
5.0466356
5.046569
5.0465016
5.0464344
5.0463676
5.0463004
5.0462337
5.0461664
5.0460997
5.0460324
5.0459657
5.0458984
5.0458317
5.045765
5.0456977
5.045631
5.0455637
5.045497
5.0454297
5.045363
5.045296
5.045229
5.0451617
5.045095
5.045028
5.044961
5.044894
5.0448275
5.04476
5.0446935
5.044626
5.0445595
5.0444927
5.0444255
5.0443587
5.044292
5.044225
5.044158
5.044091
5.0440245
5.043957
5.0438905
5.0438237
5.0437565
5.0436897
5.043623
5.043556
5.043489
5.043422
5.0433555
5.0432887
5.0432215
5.0431547
5.043088
5.043021
5.042954
5.042887
5.0428205
5.0427537
5.042687
5.04262
5.042553
5.042486
5.0424194
5.0423527
5.042286
5.042219
5.042152
5.042085
5.0420184
5.0419517
5.041885
5.041818
5.0417514
5.0416846
5.041618
5.041551
5.0414844
5.0414176
5.041351
5.041284
5.0412173
5.04115
5.0410833
5.0410166
5.04095
5.040883
5.0408163
5.0407495
5.040683
5.040616
5.0405493
5.0404825
5.040416
5.040349
5.0402822
5.0402155
5.0401487
5.0400825
5.0400157
5.039949
5.039882
5.0398154
5.0397487
5.039682
5.039615
5.0395484
5.0394816
5.039415
5.0393486
5.039282
5.039215
5.0391483
5.0390816
5.039015
5.0389485
5.038882
5.038815
5.0387483
5.0386815
5.0386147
5.0385485
5.0384817
5.038415
5.038348
5.038282
5.038215
5.0381484
5.0380816
5.038015
5.0379486
5.037882
5.037815
5.0377483
5.037682
5.0376153
5.037549
5.0374823
5.0374155
5.0373487
5.0372825
5.0372157
5.037149
5.0370827
5.037016
5.036949
5.036883
5.036816
5.03675
5.036683
5.0366163
5.03655
5.0364833
5.0364165
5.0363503
5.0362835
5.036217
5.0361505
5.0360837
5.0360174
5.0359507
5.0358844
5.0358176
5.0357513
5.0356846
5.0356183
5.0355515
5.0354853
5.0354185
5.035352
5.0352855
5.0352187
5.0351524
5.035086
5.0350194
5.034953
5.0348864
5.03482
5.034754
5.034687
5.034621
5.034554
5.0344877
5.034421
5.0343547
5.034288
5.0342216
5.0341554
5.0340886
5.0340223
5.033956
5.0338893
5.033823
5.0337563
5.03369
5.0336237
5.033557
5.0334907
5.0334244
5.0333576
5.0332913
5.033225
5.0331583
5.033092
5.0330257
5.0329595
5.0328927
5.0328264
5.03276
5.0326934
5.032627
5.032561
5.0324945
5.0324283
5.0323615
5.032295
5.032229
5.032162
5.032096
5.0320296
5.0319633
5.031897
5.031831
5.031764
5.0316978
5.0316315
5.031565
5.031499
5.0314326
5.0313663
5.0313
5.0312333
5.031167
5.0311007
5.0310345
5.030968
5.030902
5.0308356
5.0307693
5.030703
5.030637
5.03057
5.0305037
5.030438
5.030371
5.030305
5.0302386
5.0301723
5.030106
5.03004
5.0299735
5.029907
5.029841
5.0297747
5.0297084
5.029642
5.029576
5.0295095
5.0294433
5.029377
5.0293107
5.029245
5.029178
5.0291123
5.029046
5.02898
5.0289135
5.028847
5.028781
5.0287147
5.0286484
5.028582
5.0285163
5.02845
5.0283837
5.0283175
5.028251
5.028185
5.0281186
5.028053
5.0279865
5.0279202
5.027854
5.0277877
5.0277214
5.0276556
5.0275893
5.027523
5.0274568
5.027391
5.0273247
5.0272584
5.0271926
5.0271263
5.02706
5.0269938
5.026928
5.0268617
5.0267954
5.026729
5.0266633
5.026597
5.0265307
5.0264645
5.0263987
5.0263324
5.0262666
5.0262003
5.026134
5.026068
5.026002
5.0259356
5.0258694
5.0258036
5.0257373
5.0256715
5.025605
5.0255394
5.025473
5.025407
5.025341
5.0252748
5.025209
5.0251427
5.0250764
5.0250106
5.0249443
5.0248785
5.024812
5.0247464
5.02468
5.0246143
5.024548
5.0244823
5.024416
5.02435
5.024284
5.024218
5.024152
5.024086
5.0240197
5.023954
5.0238876
5.023822
5.023756
5.0236897
5.023624
5.0235577
5.023492
5.023426
5.02336
5.023294
5.0232277
5.023162
5.023096
5.02303
5.022964
5.0228977
5.022832
5.022766
5.0227003
5.022634
5.022568
5.0225024
5.022436
5.0223703
5.0223045
5.0222383
5.0221725
5.0221066
5.022041
5.0219746
5.0219088
5.021843
5.0217767
5.021711
5.021645
5.0215793
5.0215135
5.021447
5.0213814
5.0213156
5.02125
5.0211835
5.0211177
5.021052
5.020986
5.0209203
5.020854
5.020788
5.0207224
5.0206566
5.020591
5.020525
5.0204587
5.020393
5.020327
5.0202613
5.0201955
5.0201297
5.020064
5.019998
5.0199323
5.019866
5.0198007
5.0197344
5.0196686
5.019603
5.019537
5.019471
5.0194054
5.0193396
5.0192738
5.019208
5.019142
5.0190763
5.0190105
5.0189447
5.018879
5.018813
5.0187473
5.0186815
5.0186157
5.01855
5.018484
5.0184183
5.018353
5.0182867
5.018221
5.018155
5.01809
5.018024
5.017958
5.0178924
5.0178266
5.0177608
5.017695
5.0176296
5.017564
5.017498
5.017432
5.0173664
5.0173006
5.0172353
5.0171695
5.0171037
5.017038
5.016972
5.0169063
5.0168405
5.016775
5.0167093
5.0166435
5.0165777
5.016512
5.0164466
5.016381
5.016315
5.016249
5.016184
5.016118
5.0160522
5.0159864
5.015921
5.0158553
5.0157895
5.015724
5.0156584
5.0155926
5.0155272
5.0154614
5.0153956
5.0153303
5.0152645
5.0151987
5.0151334
5.0150676
5.015002
5.0149364
5.0148706
5.014805
5.0147395
5.0146737
5.0146084
5.0145426
5.014477
5.0144114
5.0143456
5.0142803
5.0142145
5.014149
5.0140834
5.014018
5.0139523
5.0138865
5.013821
5.013756
5.01369
5.013624
5.013559
5.013493
5.0134277
5.0133624
5.0132966
5.0132313
5.0131655
5.0130997
5.0130343
5.012969
5.012903
5.012838
5.012772
5.0127068
5.012641
5.0125756
5.0125103
5.0124445
5.012379
5.0123134
5.012248
5.0121827
5.012117
5.0120516
5.0119863
5.0119205
5.011855
5.0117893
5.011724
5.0116587
5.0115933
5.0115275
5.011462
5.011397
5.011331
5.0112658
5.0112004
5.011135
5.0110693
5.011004
5.0109386
5.010873
5.0108075
5.010742
5.010677
5.0106115
5.0105457
5.0104804
5.010415
5.0103498
5.010284
5.0102186
5.0101533
5.010088
5.0100226
5.0099573
5.0098915
5.009826
5.009761
5.0096955
5.00963
5.0095644
5.009499
5.0094337
5.0093684
5.009303
5.009238
5.0091724
5.009107
5.009042
5.0089765
5.0089107
5.0088453
5.00878
5.0087147
5.0086493
5.008584
5.0085187
5.0084534
5.008388
5.0083227
5.0082574
5.008192
5.0081267
5.0080614
5.007996
5.0079308
5.0078654
5.0078
5.007735
5.0076694
5.007604
5.007539
5.0074735
5.007408
5.007343
5.0072775
5.007212
5.007147
5.007082
5.0070167
5.0069513
5.006886
5.0068207
5.0067554
5.00669
5.006625
5.00656
5.0064945
5.006429
5.006364
5.0062985
5.006233
5.0061684
5.006103
5.0060377
5.0059724
5.005907
5.005842
5.005777
5.0057116
5.005646
5.005581
5.005516
5.0054507
5.0053854
5.00532
5.005255
5.00519
5.0051246
5.0050592
5.0049944
5.004929
5.0048637
5.004799
5.0047336
5.004668
5.0046034
5.004538
5.0044727
5.004408
5.0043426
5.004277
5.004212
5.004147
5.0040817
5.0040164
5.0039515
5.003886
5.0038214
5.003756
5.0036907
5.003626
5.0035605
5.0034957
5.0034304
5.0033655
5.0033
5.0032353
5.00317
5.0031047
5.00304
5.0029745
5.0029097
5.0028443
5.0027795
5.002714
5.0026493
5.002584
5.002519
5.002454
5.002389
5.0023236
5.002259
5.0021935
5.0021286
5.0020638
5.0019984
5.001933
5.0018682
5.0018034
5.001738
5.001673
5.001608
5.001543
5.001478
5.001413
5.001348
5.0012827
5.001218
5.001153
5.0010877
5.001023
5.000958
5.0008926
5.000828
5.0007625
5.0006976
5.000633
5.0005674
5.0005026
5.0004377
5.000373
5.0003076
5.0002427
5.000178
5.0001125
5.0000477
4.999983
4.999918
4.9998527
4.999788
4.999723
4.999658
4.999593
4.999528
4.999463
4.999398
4.9993334
4.999268
4.999203
4.9991384
4.9990735
4.9990087
4.998944
4.9988785
4.9988136
4.998749
4.998684
4.998619
4.998554
4.9984894
4.998424
4.998359
4.9982944
4.9982295
4.9981647
4.9981
4.998035
4.99797
4.997905
4.99784
4.997775
4.99771
4.9976454
4.9975805
4.9975157
4.997451
4.997386
4.997321
4.9972563
4.9971914
4.9971266
4.9970617
4.996997
4.996932
4.996867
4.9968023
4.9967375
4.9966726
4.996608
4.996543
4.996478
4.9964137
4.9963484
4.9962835
4.996219
4.996154
4.9960895
4.9960246
4.9959598
4.995895
4.99583
4.995765
4.9957004
4.995636
4.9955707
4.9955063
4.9954414
4.9953766
4.9953117
4.995247
4.995182
4.9951177
4.995053
4.994988
4.994923
4.9948583
4.994794
4.994729
4.994664
4.9945993
4.994535
4.99447
4.9944053
4.9943404
4.994276
4.994211
4.9941463
4.9940815
4.9940166
4.9939523
4.9938874
4.993823
4.993758
4.9936934
4.9936285
4.993564
4.9934993
4.9934344
4.99337
4.993305
4.9932404
4.993176
4.993111
4.9930463
4.992982
4.992917
4.992852
4.992788
4.992723
4.9926586
4.992594
4.9925294
4.9924645
4.9923997
4.9923353
4.9922705
4.9922056
4.9921412
4.992077
4.992012
4.991947
4.991883
4.9918184
4.9917536
4.9916887
4.9916244
4.9915595
4.991495
4.9914303
4.991366
4.991301
4.9912367
4.991172
4.9911075
4.991043
4.9909782
4.990914
4.990849
4.9907846
4.99072
4.9906554
4.9905906
4.990526
4.990462
4.990397
4.9903326
4.990268
4.9902034
4.990139
4.9900746
4.99001
4.9899454
4.989881
4.989816
4.989752
4.989687
4.9896226
4.989558
4.9894934
4.989429
4.9893646
4.9893
4.9892354
4.989171
4.9891067
4.989042
4.9889774
4.988913
4.9888487
4.988784
4.9887195
4.988655
4.9885907
4.988526
4.9884615
4.988397
4.9883327
4.988268
4.9882035
4.988139
4.988075
4.9880104
4.987946
4.987881
4.987817
4.9877524
4.987688
4.9876237
4.9875593
4.9874945
4.98743
4.9873657
4.9873013
4.987237
4.9871726
4.987108
4.987044
4.9869795
4.9869146
4.9868503
4.986786
4.9867215
4.986657
4.986593
4.9865284
4.986464
4.9863997
4.9863353
4.986271
4.9862065
4.986142
4.986078
4.9860134
4.985949
4.9858847
4.9858203
4.985756
4.9856915
4.985627
4.985563
4.9854984
4.985434
4.9853697
4.985306
4.985241
4.985177
4.9851127
4.9850483
4.984984
4.9849195
4.984855
4.984791
4.9847264
4.984662
4.9845977
4.984534
4.9844694
4.984405
4.9843407
4.9842763
4.984212
4.9841475
4.984083
4.9840193
4.983955
4.9838905
4.9838266
4.9837623
4.983698
4.9836335
4.983569
4.983505
4.9834404
4.9833765
4.983312
4.9832478
4.9831834
4.9831195
4.983055
4.9829907
4.982927
4.9828625
4.982798
4.982734
4.98267
4.9826055
4.982541
4.982477
4.982413
4.982349
4.9822845
4.98222
4.982156
4.982092
4.9820275
4.9819636
4.9818993
4.981835
4.981771
4.9817066
4.9816422
4.9815784
4.981514
4.98145
4.9813857
4.9813213
4.9812574
4.981193
4.981129
4.981065
4.981001
4.9809365
4.9808726
4.9808083
4.980744
4.98068
4.9806156
4.9805517
4.980488
4.9804235
4.9803596
4.980295
4.9802313
4.980167
4.980103
4.9800386
4.9799747
4.9799104
4.9798465
4.979782
4.979718
4.9796543
4.97959
4.979526
4.9794617
4.979398
4.979334
4.9792695
4.9792056
4.979141
4.9790773
4.9790134
4.978949
4.978885
4.9788213
4.978757
4.978693
4.9786286
4.9785647
4.978501
4.9784365
4.9783726
4.9783087
4.978245
4.9781804
4.9781165
4.9780526
4.9779882
4.9779243
4.9778605
4.9777966
4.9777327
4.9776683
4.9776044
4.9775405
4.977476
4.977412
4.9773483
4.9772844
4.9772205
4.977156
4.9770923
4.9770284
4.9769645
4.9769
4.976836
4.9767723
4.9767084
4.9766445
4.9765806
4.9765167
4.976453
4.9763885
4.9763246
4.9762607
4.976197
4.976133
4.976069
4.976005
4.975941
4.975877
4.9758134
4.975749
4.975685
4.975621
4.9755573
4.9754934
4.9754295
4.9753656
4.9753017
4.975238
4.975174
4.97511
4.975046
4.9749823
4.9749184
4.9748545
4.9747906
4.9747267
4.974663
4.974599
4.974535
4.974471
4.974407
4.9743433
4.9742794
4.9742155
4.9741516
4.9740877
4.974024
4.9739604
4.9738965
4.9738326
4.9737687
4.973705
4.973641
4.973577
4.973513
4.973449
4.9733853
4.973322
4.973258
4.973194
4.97313
4.9730663
4.9730024
4.972939
4.972875
4.972811
4.9727473
4.972684
4.97262
4.972556
4.972492
4.9724283
4.972365
4.972301
4.972237
4.972173
4.97211
4.972046
4.971982
4.971918
4.9718547
4.971791
4.971727
4.9716635
4.9715996
4.9715357
4.9714723
4.9714084
4.9713445
4.9712806
4.9712167
4.9711533
4.9710894
4.971026
4.970962
4.970898
4.9708347
4.970771
4.970707
4.9706435
4.9705796
4.970516
4.9704523
4.970389
4.970325
4.970261
4.9701977
4.970134
4.9700704
4.9700065
4.9699426
4.969879
4.9698157
4.969752
4.969688
4.9696245
4.9695606
4.969497
4.9694333
4.96937
4.969306
4.9692426
4.9691787
4.9691153
4.9690514
4.968988
4.968924
4.9688606
4.968797
4.9687333
4.9686694
4.968606
4.9685426
4.9684787
4.9684153
4.9683514
4.968288
4.968224
4.9681606
4.968097
4.9680333
4.96797
4.9679065
4.9678426
4.967779
4.9677157
4.967652
4.9675884
4.9675245
4.967461
4.9673977
4.9673343
4.9672704
4.967207
4.9671435
4.96708
4.967016
4.966953
4.9668894
4.9668255
4.966762
4.9666986
4.966635
4.9665713
4.966508
4.9664445
4.9663806
4.966317
4.9662538
4.9661903
4.966127
4.966063
4.9659996
4.965936
4.965873
4.965809
4.965746
4.965682
4.9656186
4.965555
4.965492
4.9654284
4.9653645
4.9653015
4.9652376
4.965174
4.965111
4.9650474
4.964984
4.9649205
4.9648566
4.964793
4.9647303
4.9646664
4.964603
4.9645395
4.964476
4.9644127
4.9643493
4.964286
4.9642224
4.964159
4.9640956
4.964032
4.9639688
4.9639053
4.963842
4.9637785
4.963715
4.9636517
4.963588
4.963525
4.9634614
4.963398
4.9633346
4.963271
4.9632077
4.9631443
4.963081
4.9630175
4.962954
4.9628906
4.962827
4.962764
4.9627004
4.962637
4.962574
4.9625106
4.962447
4.9623837
4.9623203
4.962257
4.962194
4.9621305
4.962067
4.9620037
4.9619403
4.961877
4.9618134
4.9617505
4.961687
4.9616237
4.9615602
4.9614973
4.9614334
4.9613705
4.961307
4.9612436
4.9611807
4.9611173
4.961054
4.9609904
4.960927
4.960864
4.9608006
4.960737
4.9606743
4.960611
4.9605474
4.960484
4.960421
4.9603577
4.9602942
4.9602313
4.960168
4.9601045
4.960041
4.959978
4.9599147
4.9598517
4.9597883
4.959725
4.959662
4.9595985
4.959535
4.959472
4.9594088
4.9593453
4.9592824
4.959219
4.959156
4.9590926
4.9590297
4.9589663
4.958903
4.95884
4.9587765
4.9587135
4.95865
4.958587
4.9585238
4.958461
4.9583974
4.9583344
4.958271
4.958208
4.9581447
4.9580817
4.9580183
4.9579554
4.957892
4.957829
4.9577656
4.9577026
4.957639
4.9575763
4.957513
4.95745
4.957387
4.9573236
4.9572606
4.957197
4.9571342
4.9570713
4.957008
4.956945
4.9568815
4.9568186
4.956755
4.956692
4.9566293
4.956566
4.956503
4.95644
4.9563766
4.9563136
4.9562507
4.9561872
4.9561243
4.9560614
4.9559984
4.955935
4.955872
4.9558086
4.9557457
4.9556828
4.95562
4.9555564
4.9554935
4.9554305
4.9553676
4.955304
4.955241
4.9551783
4.9551153
4.9550524
4.954989
4.954926
4.954863
4.9548
4.9547367
4.954674
4.954611
4.954548
4.954485
4.954422
4.954359
4.9542956
4.9542327
4.9541698
4.954107
4.954044
4.953981
4.9539175
4.9538546
4.9537916
4.9537287
4.9536657
4.953603
4.95354
4.953477
4.953414
4.953351
4.953288
4.953225
4.953162
4.953099
4.953036
4.952973
4.95291
4.952847
4.952784
4.952721
4.952658
4.952595
4.9525323
4.9524693
4.9524064
4.9523435
4.9522805
4.9522176
4.9521546
4.9520917
4.9520288
4.951966
4.9519033
4.9518404
4.9517775
4.9517145
4.9516516
4.9515886
4.9515257
4.9514627
4.9514
4.951337
4.951274
4.951211
4.9511485
4.9510856
4.9510226
4.9509597
4.9508967
4.950834
4.950771
4.9507084
4.9506454
4.9505825
4.9505196
4.9504566
4.9503937
4.950331
4.9502683
4.9502053
4.9501424
4.9500794
4.950017
4.949954
4.949891
4.9498286
4.9497657
4.9497027
4.94964
4.9495773
4.9495144
4.9494514
4.9493885
4.949326
4.949263
4.9492
4.949137
4.9490747
4.949012
4.9489493
4.9488864
4.9488235
4.9487605
4.948698
4.948635
4.9485726
4.9485097
4.9484468
4.9483843
4.9483213
4.9482584
4.948196
4.948133
4.9480705
4.9480076
4.9479446
4.947882
4.947819
4.947757
4.947694
4.947631
4.9475684
4.9475055
4.947443
4.94738
4.9473176
4.9472547
4.947192
4.9471292
4.947067
4.947004
4.9469414
4.9468784
4.946816
4.946753
4.9466906
4.9466276
4.946565
4.946502
4.9464397
4.946377
4.9463143
4.9462514
4.946189
4.9461265
4.9460635
4.946001
4.945938
4.9458756
4.9458127
4.94575
4.945688
4.945625
4.9455624
4.9455
4.945437
4.9453745
4.9453115
4.945249
4.9451866
4.9451237
4.945061
4.9449987
4.9449363
4.9448733
4.944811
4.9447484
4.9446855
4.944623
4.9445605
4.9444976
4.944435
4.9443727
4.94431
4.9442472
4.944185
4.9441223
4.94406
4.943997
4.9439344
4.943872
4.943809
4.9437466
4.943684
4.9436216
4.943559
4.9434967
4.943434
4.9433713
4.943309
4.9432464
4.943184
4.943121
4.9430585
4.942996
4.9429336
4.942871
4.9428086
4.942746
4.9426837
4.942621
4.9425583
4.942496
4.9424334
4.942371
4.9423084
4.942246
4.9421835
4.942121
4.9420586
4.9419956
4.941933
4.9418707
4.941808
4.9417458
4.9416833
4.941621
4.9415584
4.941496
4.9414334
4.941371
4.9413085
4.941246
4.9411836
4.941121
4.9410586
4.940996
4.9409337
4.9408712
4.940809
4.9407463
4.940684
4.940622
4.940559
4.940497
4.9404345
4.940372
4.9403095
4.940247
4.9401846
4.940122
4.9400597
4.939997
4.939935
4.9398723
4.9398103
4.939748
4.9396853
4.939623
4.9395604
4.939498
4.939436
4.9393735
4.939311
4.9392486
4.939186
4.939124
4.9390616
4.938999
4.9389367
4.9388742
4.9388123
4.93875
4.9386873
4.938625
4.9385624
4.9385004
4.938438
4.9383755
4.9383135
4.938251
4.9381886
4.9381266
4.938064
4.9380016
4.937939
4.937877
4.9378147
4.9377522
4.9376903
4.937628
4.9375653
4.937503
4.937441
4.9373784
4.937316
4.937254
4.9371915
4.9371295
4.937067
4.9370046
4.9369426
4.93688
4.936818
4.9367557
4.936693
4.936631
4.9365687
4.9365067
4.9364443
4.936382
4.93632
4.9362574
4.9361954
4.936133
4.936071
4.9360085
4.9359465
4.935884
4.935822
4.9357595
4.9356976
4.935635
4.935573
4.9355106
4.9354486
4.935386
4.935324
4.9352617
4.9351997
4.9351373
4.9350753
4.935013
4.934951
4.9348884
4.9348264
4.9347644
4.934702
4.93464
4.9345775
4.9345155
4.9344535
4.934391
4.934329
4.9342666
4.9342046
4.9341426
4.93408
4.934018
4.933956
4.9338937
4.9338317
4.933769
4.933707
4.9336452
4.9335833
4.933521
4.933459
4.933397
4.9333344
4.9332724
4.9332104
4.9331484
4.933086
4.933024
4.932962
4.9329
4.9328375
4.9327755
4.9327135
4.9326515
4.932589
4.932527
4.932465
4.932403
4.9323406
4.9322786
4.9322166
4.9321547
4.9320927
4.9320307
4.931968
4.931906
4.931844
4.9317822
4.9317203
4.931658
4.931596
4.931534
4.931472
4.93141
4.931348
4.931286
4.931224
4.9311614
4.9310994
4.9310374
4.9309754
4.9309134
4.9308515
4.9307895
4.9307275
4.9306655
4.9306035
4.9305415
4.930479
4.9304175
4.930355
4.9302936
4.930231
4.9301696
4.930107
4.9300456
4.929983
4.929921
4.929859
4.929797
4.9297357
4.929673
4.9296117
4.9295497
4.929487
4.9294257
4.9293637
4.9293017
4.9292397
4.9291778
4.929116
4.929054
4.928992
4.92893
4.928868
4.928806
4.9287443
4.9286823
4.9286203
4.9285583
4.9284964
4.9284344
4.9283724
4.928311
4.928249
4.928187
4.928125
4.928063
4.928001
4.927939
4.9278774
4.9278154
4.9277534
4.9276915
4.9276295
4.927568
4.927506
4.927444
4.927382
4.92732
4.9272585
4.9271965
4.9271345
4.927073
4.927011
4.926949
4.926887
4.926825
4.9267635
4.9267015
4.92664
4.926578
4.926516
4.926454
4.9263926
4.9263306
4.9262686
4.926207
4.926145
4.926083
4.926021
4.9259596
4.9258976
4.925836
4.925774
4.925712
4.9256506
4.9255886
4.9255266
4.925465
4.925403
4.9253416
4.9252796
4.925218
4.925156
4.925094
4.9250326
4.9249706
4.924909
4.924847
4.9247856
4.9247236
4.9246616
4.9246
4.9245386
4.9244766
4.924415
4.924353
4.9242916
4.9242296
4.9241676
4.924106
4.9240446
4.9239826
4.923921
4.923859
4.9237976
4.9237356
4.923674
4.923612
4.9235506
4.923489
4.923427
4.9233656
4.9233036
4.923242
4.9231806
4.9231186
4.923057
4.922995
4.9229336
4.9228716
4.92281
4.9227486
4.9226866
4.922625
4.9225636
4.9225016
4.92244
4.9223785
4.9223166
4.922255
4.9221935
4.9221315
4.92207
4.9220085
4.921947
4.921885
4.9218235
4.921762
4.9217
4.9216385
4.921577
4.9215155
4.921454
4.921392
4.9213305
4.921269
4.9212074
4.9211454
4.921084
4.9210224
4.920961
4.920899
4.9208374
4.920776
4.9207144
4.9206524
4.9205914
4.9205294
4.920468
4.9204063
4.920345
4.9202833
4.9202213
4.92016
4.9200983
4.920037
4.9199753
4.919914
4.9198523
4.9197907
4.919729
4.9196677
4.9196057
4.919544
4.9194827
4.919421
4.9193597
4.919298
4.9192367
4.919175
4.9191136
4.919052
4.9189906
4.918929
4.9188676
4.918806
4.9187446
4.918683
4.9186215
4.91856
4.9184985
4.918437
4.9183755
4.918314
4.9182525
4.918191
4.9181294
4.918068
4.9180064
4.917945
4.9178834
4.917822
4.9177604
4.917699
4.9176373
4.917576
4.917515
4.9174533
4.917392
4.9173303
4.9172688
4.9172072
4.9171457
4.917084
4.9170227
4.9169617
4.9169
4.9168386
4.916777
4.9167156
4.9166546
4.916593
4.9165316
4.91647
4.9164085
4.916347
4.916286
4.9162245
4.916163
4.9161015
4.91604
4.915979
4.9159174
4.915856
4.9157944
4.9157333
4.915672
4.9156103
4.9155493
4.915488
4.9154263
4.9153647
4.915303
4.915242
4.9151807
4.915119
4.915058
4.9149966
4.9149356
4.914874
4.9148126
4.914751
4.91469
4.9146285
4.9145675
4.914506
4.9144444
4.914383
4.914322
4.9142604
4.9141994
4.914138
4.9140763
4.9140153
4.913954
4.9138923
4.913831
4.91377
4.9137087
4.913647
4.913586
4.9135246
4.9134636
4.913402
4.913341
4.9132795
4.913218
4.913157
4.913096
4.9130344
4.912973
4.912912
4.9128504
4.9127893
4.9127283
4.912667
4.912606
4.9125443
4.912483
4.9124217
4.9123607
4.912299
4.912238
4.9121766
4.9121156
4.912054
4.911993
4.911932
4.9118705
4.9118094
4.911748
4.911687
4.911626
4.9115644
4.9115033
4.9114423
4.911381
4.9113197
4.911258
4.911197
4.911136
4.9110746
4.9110136
4.9109526
4.9108915
4.91083
4.910769
4.9107075
4.9106464
4.9105854
4.910524
4.910463
4.910402
4.910341
4.9102793
4.9102182
4.910157
4.910096
4.9100347
4.9099736
4.9099126
4.909851
4.9097905
4.909729
4.909668
4.909607
4.909546
4.9094844
4.9094234
4.9093623
4.9093013
4.90924
4.909179
4.9091177
4.9090567
4.9089956
4.9089346
4.9088736
4.908812
4.908751
4.90869
4.908629
4.908568
4.908507
4.908446
4.908385
4.908324
4.9082623
4.908201
4.90814
4.908079
4.908018
4.907957
4.907896
4.907835
4.907774
4.907713
4.907652
4.907591
4.90753
4.907469
4.9074078
4.9073467
4.9072857
4.9072247
4.9071636
4.9071026
4.9070415
4.9069805
4.9069195
4.9068584
4.9067974
4.9067364
4.9066753
4.9066143
4.9065533
4.906492
4.906431
4.90637
4.906309
4.906248
4.906187
4.906126
4.9060655
4.9060044
4.9059434
4.9058824
4.9058213
4.9057603
4.9056993
4.905638
4.905577
4.905516
4.9054556
4.9053946
4.9053335
4.9052725
4.905212
4.905151
4.90509
4.905029
4.904968
4.9049067
4.904846
4.904785
4.904724
4.904663
4.904602
4.9045415
4.9044805
4.9044194
4.9043584
4.904298
4.904237
4.9041758
4.9041147
4.904054
4.903993
4.903932
4.9038715
4.9038105
4.9037495
4.9036884
4.903628
4.903567
4.903506
4.9034452
4.903384
4.903323
4.9032626
4.9032016
4.9031405
4.90308
4.903019
4.902958
4.9028974
4.9028363
4.902776
4.9027147
4.9026537
4.902593
4.902532
4.9024715
4.9024105
4.9023495
4.902289
4.902228
4.9021673
4.9021063
4.9020457
4.9019847
4.901924
4.901863
4.9018025
4.9017415
4.901681
4.90162
4.9015594
4.9014983
4.9014378
4.9013767
4.9013157
4.901255
4.901194
4.9011335
4.9010725
4.901012
4.900951
4.9008904
4.90083
4.9007688
4.900708
4.900647
4.9005866
4.900526
4.900465
4.9004045
4.9003434
4.900283
4.9002223
4.9001613
4.9001007
4.9000397
4.899979
4.899918
4.8998575
4.899797
4.899736
4.8996754
4.899615
4.899554
4.899493
4.8994327
4.899372
4.899311
4.8992505
4.89919
4.899129
4.8990684
4.899008
4.898947
4.898886
4.8988256
4.898765
4.898704
4.8986435
4.898583
4.8985224
4.8984613
4.898401
4.89834
4.898279
4.8982186
4.898158
4.8980975
4.898037
4.8979764
4.8979154
4.897855
4.8977942
4.8977337
4.897673
4.8976126
4.8975515
4.897491
4.8974304
4.89737
4.8973093
4.8972487
4.8971877
4.897127
4.8970666
4.897006
4.8969455
4.896885
4.8968244
4.896764
4.8967032
4.8966427
4.8965816
4.896521
4.8964605
4.8964
4.8963394
4.896279
4.8962183
4.8961577
4.896097
4.8960366
4.895976
4.8959155
4.895855
4.8957944
4.895734
4.8956733
4.8956127
4.895552
4.8954916
4.895431
4.8953705
4.89531
4.8952494
4.895189
4.8951283
4.8950677
4.895007
4.8949466
4.894886
4.8948255
4.894765
4.894705
4.8946443
4.8945837
4.894523
4.8944626
4.894402
4.8943415
4.894281
4.894221
4.8941603
4.8940997
4.894039
4.8939786
4.893918
4.8938575
4.8937974
4.893737
4.8936763
4.8936157
4.893555
4.8934946
4.8934345
4.893374
4.8933134
4.893253
4.8931923
4.893132
4.8930717
4.893011
4.8929505
4.89289
4.89283
4.8927693
4.892709
4.8926487
4.892588
4.8925276
4.892467
4.892407
4.8923464
4.892286
4.8922253
4.892165
4.8921046
4.8920445
4.891984
4.8919234
4.891863
4.891803
4.891742
4.891682
4.8916216
4.891561
4.8915005
4.8914404
4.89138
4.8913198
4.891259
4.8911986
4.8911386
4.891078
4.891018
4.8909574
4.890897
4.8908367
4.890776
4.890716
4.8906555
4.8905954
4.890535
4.890475
4.890414
4.890354
4.8902936
4.890233
4.890173
4.8901124
4.8900523
4.8899918
4.8899317
4.889871
4.889811
4.889751
4.8896904
4.88963
4.8895698
4.8895097
4.889449
4.8893886
4.8893285
4.8892684
4.889208
4.8891478
4.889087
4.889027
4.888967
4.8889065
4.8888464
4.888786
4.8887258
4.888665
4.888605
4.888545
4.8884845
4.8884244
4.8883643
4.8883038
4.8882437
4.8881836
4.888123
4.888063
4.888003
4.8879423
4.887882
4.887822
4.8877616
4.8877015
4.8876414
4.887581
4.887521
4.8874607
4.8874
4.88734
4.88728
4.88722
4.88716
4.8870993
4.887039
4.886979
4.8869185
4.8868585
4.8867984
4.8867383
4.8866777
4.8866177
4.8865576
4.8864975
4.8864374
4.886377
4.886317
4.8862567
4.8861966
4.8861365
4.8860765
4.8860164
4.885956
4.8858957
4.8858356
4.8857756
4.8857155
4.8856554
4.8855953
4.885535
4.8854747
4.8854146
4.8853545
4.8852944
4.8852344
4.8851743
4.885114
4.885054
4.884994
4.884934
4.8848734
4.8848133
4.884753
4.884693
4.884633
4.884573
4.884513
4.884453
4.8843927
4.8843327
4.8842726
4.8842125
4.8841524
4.8840923
4.8840322
4.883972
4.883912
4.883852
4.883792
4.883732
4.8836718
4.8836117
4.8835516
4.8834915
4.8834314
4.883372
4.8833113
4.8832517
4.8831916
4.8831315
4.8830714
4.8830113
4.8829513
4.882891
4.882831
4.8827715
4.882711
4.8826513
4.8825912
4.882531
4.882471
4.882411
4.882351
4.8822913
4.882231
4.882171
4.882111
4.882051
4.881991
4.8819313
4.881871
4.881811
4.881751
4.881691
4.881631
4.8815713
4.881511
4.881451
4.8813915
4.8813314
4.8812714
4.8812113
4.8811517
4.8810916
4.8810315
4.8809714
4.880912
4.8808517
4.8807917
4.8807316
4.880672
4.880612
4.880552
4.880492
4.880432
4.880372
4.8803124
4.8802524
4.8801923
4.8801327
4.8800726
4.8800125
4.879953
4.879893
4.879833
4.879773
4.879713
4.8796535
4.8795934
4.8795333
4.8794737
4.8794136
4.879354
4.879294
4.879234
4.879174
4.8791146
4.8790545
4.8789945
4.878935
4.878875
4.878815
4.878755
4.8786955
4.8786354
4.8785753
4.8785157
4.8784556
4.878396
4.8783364
4.8782763
4.8782167
4.8781567
4.8780966
4.878037
4.877977
4.8779173
4.8778577
4.8777976
4.877738
4.8776784
4.8776183
4.8775587
4.8774986
4.877439
4.877379
4.8773193
4.8772593
4.8771996
4.87714
4.87708
4.8770204
4.8769608
4.8769007
4.876841
4.8767815
4.8767214
4.876662
4.8766017
4.876542
4.876482
4.8764224
4.876363
4.876303
4.876243
4.8761835
4.876124
4.876064
4.876004
4.8759446
4.8758845
4.875825
4.8757653
4.8757057
4.8756456
4.875586
4.8755264
4.8754663
4.8754067
4.875347
4.8752875
4.875228
4.875168
4.8751082
4.8750486
4.874989
4.874929
4.8748693
4.8748097
4.87475
4.8746905
4.8746305
4.874571
4.8745112
4.8744516
4.874392
4.8743324
4.874273
4.8742127
4.874153
4.8740935
4.874034
4.8739743
4.8739147
4.873855
4.8737955
4.873736
4.873676
4.873616
4.8735566
4.873497
4.8734374
4.873378
4.873318
4.8732586
4.873199
4.8731394
4.87308
4.87302
4.8729606
4.8729005
4.8728414
4.8727813
4.872722
4.872662
4.872603
4.8725433
4.8724837
4.872424
4.8723645
4.872305
4.8722453
4.8721857
4.872126
4.8720665
4.872007
4.8719473
4.8718877
4.871828
4.8717685
4.871709
4.8716493
4.8715897
4.87153
4.8714705
4.8714113
4.8713517
4.871292
4.8712325
4.871173
4.8711133
4.8710537
4.870994
4.870935
4.8708754
4.8708158
4.870756
4.8706965
4.870637
4.8705773
4.8705177
4.8704586
4.870399
4.8703394
4.87028
4.8702207
4.870161
4.8701015
4.870042
4.8699822
4.8699226
4.8698635
4.869804
4.8697443
4.8696847
4.8696256
4.869566
4.8695064
4.8694468
4.8693876
4.869328
4.8692684
4.8692093
4.8691497
4.86909
4.869031
4.8689713
4.8689117
4.868852
4.868793
4.8687334
4.8686743
4.8686147
4.868555
4.8684955
4.8684363
4.8683767
4.868317
4.868258
4.868199
4.8681393
4.8680797
4.8680205
4.867961
4.8679013
4.867842
4.8677826
4.867723
4.867664
4.8676043
4.867545
4.8674855
4.867426
4.867367
4.867307
4.867248
4.8671885
4.8671293
4.8670697
4.8670106
4.866951
4.866892
4.8668323
4.866773
4.8667135
4.8666544
4.866595
4.8665357
4.866476
4.866417
4.8663573
4.866298
4.866239
4.8661795
4.8661203
4.8660607
4.8660016
4.865942
4.865883
4.8658233
4.865764
4.865705
4.8656454
4.8655863
4.8655267
4.8654675
4.8654084
4.865349
4.8652897
4.86523
4.865171
4.865112
4.8650527
4.864993
4.864934
4.8648744
4.864815
4.864756
4.8646965
4.8646374
4.8645782
4.8645186
4.8644595
4.8644004
4.8643413
4.8642817
4.8642225
4.8641634
4.864104
4.8640447
4.8639855
4.863926
4.863867
4.8638077
4.8637486
4.863689
4.86363
4.8635707
4.8635116
4.8634524
4.863393
4.8633337
4.8632746
4.8632154
4.8631563
4.8630967
4.8630376
4.8629785
4.8629193
4.86286
4.8628006
4.8627415
4.8626823
4.862623
4.862564
4.862505
4.862446
4.8623867
4.8623276
4.862268
4.862209
4.8621497
4.8620906
4.8620315
4.8619723
4.861913
4.861854
4.861795
4.8617353
4.861676
4.861617
4.861558
4.861499
4.8614397
4.8613806
4.8613214
4.8612623
4.861203
4.861144
4.861085
4.861026
4.8609667
4.8609076
4.8608484
4.8607893
4.86073
4.860671
4.860612
4.860553
4.8604937
4.8604345
4.8603754
4.8603163
4.860257
4.860198
4.8601394
4.86008
4.8600206
4.859962
4.859903
4.8598437
4.8597846
4.8597255
4.8596663
4.859607
4.859548
4.8594894
4.8594303
4.859371
4.859312
4.859253
4.859194
4.8591347
4.8590755
4.8590164
4.858958
4.8588986
4.8588395
4.8587804
4.8587213
4.858662
4.8586035
4.8585443
4.858485
4.858426
4.8583674
4.8583083
4.858249
4.85819
4.8581314
4.8580723
4.858013
4.857954
4.8578954
4.8578362
4.857777
4.857718
4.8576593
4.8576
4.857541
4.857482
4.8574233
4.857364
4.857305
4.857246
4.8571873
4.857128
4.857069
4.8570104
4.856951
4.856892
4.8568335
4.8567743
4.8567157
4.8566566
4.8565974
4.856539
4.8564796
4.856421
4.856362
4.8563027
4.856244
4.856185
4.8561263
4.856067
4.856008
4.8559494
4.8558903
4.8558316
4.8557725
4.855714
4.8556547
4.855596
4.855537
4.855478
4.855419
4.85536
4.8553014
4.8552423
4.8551836
4.8551245
4.855066
4.8550067
4.854948
4.854889
4.8548303
4.854771
4.8547125
4.8546534
4.8545947
4.8545356
4.854477
4.854418
4.854359
4.8543005
4.8542414
4.8541827
4.8541236
4.854065
4.854006
4.853947
4.8538885
4.8538294
4.8537707
4.853712
4.853653
4.8535943
4.853535
4.8534765
4.853418
4.8533587
4.8533
4.8532414
4.8531823
4.8531237
4.853065
4.853006
4.852947
4.8528886
4.8528295
4.852771
4.852712
4.852653
4.8525944
4.8525357
4.852477
4.852418
4.8523593
4.8523006
4.852242
4.852183
4.852124
4.8520656
4.852007
4.851948
4.851889
4.8518305
4.851772
4.8517127
4.851654
4.8515954
4.8515368
4.8514776
4.851419
4.8513603
4.8513017
4.851243
4.851184
4.8511257
4.8510666
4.851008
4.8509493
4.8508906
4.850832
4.8507733
4.850714
4.8506556
4.850597
4.8505383
4.8504796
4.850421
4.8503623
4.8503036
4.8502445
4.8501863
4.850127
4.8500686
4.85001
4.8499513
4.8498926
4.849834
4.8497753
4.8497167
4.849658
4.8495994
4.8495407
4.849482
4.8494234
4.8493648
4.849306
4.8492475
4.849189
4.84913
4.8490715
4.849013
4.848954
4.8488955
4.848837
4.8487782
4.8487196
4.848661
4.8486023
4.8485436
4.848485
4.8484263
4.8483677
4.848309
4.8482504
4.8481917
4.848133
4.8480744
4.8480163
4.8479576
4.847899
4.8478403
4.8477817
4.847723
4.8476644
4.8476057
4.8475475
4.847489
4.84743
4.8473716
4.847313
4.8472543
4.847196
4.8471375
4.847079
4.84702
4.8469615
4.8469033
4.8468447
4.846786
4.8467274
4.846669
4.8466105
4.846552
4.8464932
4.8464346
4.846376
4.846318
4.846259
4.8462005
4.846142
4.8460836
4.846025
4.8459663
4.845908
4.8458495
4.845791
4.845732
4.845674
4.8456154
4.8455567
4.8454986
4.84544
4.8453813
4.845323
4.8452644
4.845206
4.8451476
4.845089
4.8450303
4.844972
4.8449135
4.844855
4.8447967
4.844738
4.84468
4.844621
4.8445625
4.8445044
4.8444457
4.844387
4.844329
4.84427
4.844212
4.8441534
4.8440948
4.8440366
4.8439784
4.8439198
4.843861
4.843803
4.8437443
4.843686
4.8436275
4.8435693
4.8435106
4.8434525
4.843394
4.8433356
4.843277
4.843219
4.84316
4.843102
4.8430433
4.842985
4.8429265
4.8428683
4.8428097
4.8427515
4.842693
4.8426347
4.842576
4.842518
4.842459
4.842401
4.842343
4.842284
4.842226
4.8421674
4.842109
4.842051
4.841993
4.841934
4.841876
4.8418174
4.841759
4.8417006
4.8416424
4.841584
4.841526
4.8414674
4.841409
4.8413506
4.8412924
4.841234
4.841176
4.8411174
4.841059
4.841001
4.8409424
4.840884
4.840826
4.8407674
4.840709
4.840651
4.840593
4.840534
4.840476
4.840418
4.840359
4.840301
4.840243
4.8401847
4.8401265
4.840068
4.8400097
4.8399515
4.8398933
4.8398347
4.8397765
4.8397183
4.83966
4.839602
4.839544
4.839485
4.839427
4.839369
4.8393106
4.839252
4.839194
4.8391356
4.8390775
4.8390193
4.838961
4.838903
4.838845
4.838786
4.838728
4.83867
4.8386116
4.8385534
4.8384953
4.838437
4.838379
4.8383207
4.8382626
4.8382044
4.8381457
4.8380876
4.8380294
4.837971
4.837913
4.837855
4.8377967
4.8377385
4.8376803
4.837622
4.837564
4.837506
4.8374476
4.8373895
4.8373313
4.837273
4.837215
4.837157
4.8370986
4.8370404
4.8369823
4.836924
4.836866
4.8368077
4.8367496
4.8366914
4.836633
4.8365755
4.8365173
4.836459
4.836401
4.836343
4.8362846
4.8362265
4.8361683
4.83611
4.836052
4.8359942
4.835936
4.835878
4.8358197
4.8357615
4.8357034
4.835645
4.835587
4.8355293
4.835471
4.835413
4.835355
4.8352966
4.835239
4.8351808
4.8351226
4.8350644
4.835006
4.8349485
4.8348904
4.834832
4.834774
4.834716
4.834658
4.8346
4.834542
4.834484
4.8344254
4.8343678
4.8343096
4.834252
4.8341937
4.8341355
4.8340774
4.8340197
4.8339615
4.8339033
4.833845
4.8337874
4.8337293
4.833671
4.8336134
4.833555
4.833497
4.8334394
4.833381
4.833323
4.8332653
4.833207
4.833149
4.8330913
4.833033
4.8329754
4.832917
4.832859
4.8328013
4.832743
4.8326855
4.8326273
4.832569
4.8325114
4.8324533
4.8323956
4.8323374
4.832279
4.8322215
4.8321633
4.8321056
4.8320475
4.83199
4.8319316
4.8318734
4.8318157
4.8317575
4.8317
4.8316417
4.831584
4.831526
4.831468
4.83141
4.831352
4.831294
4.8312364
4.831178
4.8311205
4.8310623
4.8310046
4.830947
4.8308887
4.830831
4.830773
4.830715
4.830657
4.8305993
4.830541
4.8304834
4.8304257
4.8303676
4.83031
4.8302517
4.830194
4.8301363
4.830078
4.8300204
4.8299627
4.8299046
4.829847
4.8297887
4.829731
4.8296733
4.829615
4.8295574
4.8294997
4.8294415
4.829384
4.829326
4.829268
4.8292103
4.8291526
4.829095
4.8290367
4.828979
4.8289213
4.828863
4.8288054
4.8287477
4.82869
4.828632
4.828574
4.8285165
4.828459
4.8284006
4.828343
4.828285
4.8282275
4.82817
4.8281116
4.828054
4.8279963
4.8279386
4.827881
4.8278227
4.827765
4.8277073
4.8276496
4.8275914
4.827534
4.827476
4.8274183
4.8273606
4.827303
4.8272448
4.827187
4.8271294
4.8270717
4.827014
4.8269563
4.8268986
4.826841
4.826783
4.8267255
4.8266673
4.8266096
4.826552
4.826494
4.8264365
4.826379
4.826321
4.8262634
4.8262057
4.826148
4.8260903
4.8260326
4.825975
4.8259172
4.8258595
4.825802
4.825744
4.8256865
4.8256288
4.825571
4.8255134
4.8254557
4.825398
4.8253403
4.8252826
4.825225
4.825167
4.8251095
4.825052
4.824994
4.8249364
4.8248787
4.824821
4.8247633
4.8247056
4.824648
4.82459
4.8245325
4.824475
4.8244176
4.82436
4.824302
4.8242445
4.824187
4.824129
4.8240714
4.8240137
4.823956
4.823899
4.823841
4.8237834
4.8237257
4.823668
4.8236103
4.823553
4.8234954
4.8234377
4.82338
4.8233223
4.8232646
4.8232074
4.8231497
4.823092
4.8230343
4.8229766
4.8229194
4.8228617
4.822804
4.8227463
4.822689
4.8226314
4.8225737
4.822516
4.8224587
4.822401
4.8223433
4.8222857
4.8222284
4.8221707
4.822113
4.822056
4.821998
4.8219404
4.8218827
4.8218255
4.821768
4.82171
4.821653
4.821595
4.821538
4.8214803
4.8214226
4.821365
4.8213077
4.82125
4.8211923
4.821135
4.8210773
4.82102
4.8209624
4.820905
4.8208475
4.82079
4.8207326
4.820675
4.820617
4.82056
4.8205023
4.820445
4.8203874
4.82033
4.8202724
4.8202147
4.8201575
4.8201
4.8200426
4.819985
4.8199277
4.81987
4.819813
4.819755
4.819698
4.81964
4.819583
4.8195252
4.819468
4.8194103
4.819353
4.819296
4.819238
4.8191805
4.8191233
4.8190656
4.8190084
4.818951
4.8188934
4.818836
4.8187785
4.8187213
4.8186636
4.8186064
4.818549
4.8184915
4.8184342
4.818377
4.8183193
4.818262
4.8182044
4.818147
4.81809
4.8180323
4.817975
4.817918
4.81786
4.817803
4.817745
4.817688
4.817631
4.817573
4.817516
4.8174586
4.817401
4.8173437
4.8172865
4.8172293
4.8171716
4.8171144
4.8170567
4.8169994
4.816942
4.816885
4.816828
4.81677
4.816713
4.8166556
4.816598
4.8165407
4.8164835
4.8164263
4.816369
4.816312
4.816254
4.816197
4.8161397
4.8160825
4.816025
4.8159676
4.8159103
4.815853
4.815796
4.815738
4.815681
4.8156238
4.8155665
4.8155093
4.815452
4.8153944
4.815337
4.81528
4.8152227
4.8151655
4.8151083
4.815051
4.814994
4.8149366
4.814879
4.8148217
4.8147645
4.8147073
4.81465
4.814593
4.8145356
4.8144784
4.814421
4.814364
4.8143067
4.8142495
4.814192
4.8141346
4.8140774
4.81402
4.813963
4.8139057
4.8138485
4.8137913
4.813734
4.813677
4.8136196
4.8135624
4.813505
4.813448
4.8133907
4.8133335
4.8132763
4.813219
4.813162
4.8131046
4.813048
4.8129907
4.812933
4.812876
4.812819
4.812762
4.8127046
4.8126473
4.81259
4.812533
4.8124757
4.8124185
4.8123617
4.812304
4.8122473
4.81219
4.812133
4.8120756
4.8120184
4.811961
4.8119044
4.811847
4.81179
4.811733
4.8116755
4.8116183
4.8115616
4.811504
4.811447
4.81139
4.8113327
4.8112755
4.8112183
4.8111615
4.8111043
4.811047
4.8109903
4.810933
4.810876
4.8108187
4.8107615
4.8107047
4.8106475
4.8105903
4.810533
4.8104763
4.810419
4.810362
4.8103046
4.810248
4.8101907
4.810134
4.8100767
4.8100195
4.8099623
4.8099055
4.8098483
4.809791
4.8097343
4.809677
4.80962
4.8095627
4.809506
4.8094487
4.809392
4.8093348
4.8092775
4.809221
4.8091636
4.809107
4.8090496
4.8089924
4.8089356
4.8088784
4.808821
4.8087645
4.808707
4.8086505
4.8085933
4.808536
4.8084793
4.808422
4.8083653
4.808308
4.8082514
4.808194
4.8081374
4.80808
4.8080235
4.807966
4.8079095
4.8078523
4.807795
4.8077383
4.8076816
4.8076243
4.807567
4.8075104
4.8074536
4.8073964
4.8073397
4.8072824
4.8072257
4.8071685
4.8071117
4.8070545
4.806998
4.806941
4.806884
4.806827
4.80677
4.806713
4.806656
4.806599
4.8065424
4.806485
4.8064284
4.806371
4.8063145
4.8062572
4.8062005
4.8061438
4.8060865
4.80603
4.805973
4.805916
4.805859
4.805802
4.805745
4.8056884
4.8056316
4.8055744
4.8055177
4.805461
4.8054037
4.805347
4.80529
4.8052335
4.8051763
4.8051195
4.805063
4.8050056
4.804949
4.804892
4.8048353
4.804778
4.8047214
4.8046646
4.804608
4.8045506
4.804494
4.804437
4.8043804
4.804323
4.8042665
4.8042097
4.804153
4.8040957
4.804039
4.8039823
4.8039255
4.803869
4.803812
4.803755
4.803698
4.8036413
4.8035846
4.803528
4.8034706
4.803414
4.803357
4.8033004
4.8032436
4.803187
4.80313
4.8030734
4.8030167
4.80296
4.802903
4.802846
4.802789
4.8027325
4.8026757
4.802619
4.802562
4.8025055
4.8024487
4.802392
4.8023353
4.802278
4.8022213
4.802165
4.802108
4.802051
4.8019943
4.8019376
4.801881
4.801824
4.8017673
4.8017106
4.801654
4.801597
4.8015404
4.8014836
4.801427
4.8013706
4.8013134
4.8012567
4.8012004
4.801143
4.801087
4.80103
4.8009734
4.8009167
4.80086
4.800803
4.8007464
4.8006897
4.800633
4.800576
4.8005195
4.800463
4.800406
4.8003497
4.800293
4.800236
4.8001795
4.8001227
4.800066
4.8000093
4.799953
4.7998962
4.7998395
4.7997828
4.799726
4.7996693
4.799613
4.7995563
4.7994995
4.799443
4.799386
4.7993293
4.799273
4.7992163
4.7991595
4.799103
4.7990465
4.79899
4.798933
4.7988763
4.7988195
4.7987633
4.7987065
4.79865
4.798593
4.798537
4.79848
4.7984233
4.798367
4.7983103
4.7982535
4.798197
4.79814
4.798084
4.798027
4.7979703
4.797914
4.7978573
4.7978005
4.7977443
4.7976875
4.797631
4.7975745
4.797518
4.797461
4.797405
4.797348
4.7972913
4.797235
4.7971783
4.797122
4.7970653
4.797009
4.7969522
4.7968955
4.796839
4.7967825
4.796726
4.7966695
4.7966127
4.7965565
4.7964997
4.7964435
4.7963867
4.7963305
4.7962737
4.796217
4.7961607
4.796104
4.7960477
4.795991
4.7959347
4.795878
4.7958217
4.795765
4.7957087
4.795652
4.7955956
4.795539
4.7954826
4.795426
4.7953696
4.795313
4.7952566
4.7952003
4.7951436
4.7950873
4.7950306
4.7949743
4.7949176
4.7948613
4.7948046
4.7947483
4.7946916
4.7946353
4.7945786
4.7945223
4.794466
4.7944093
4.794353
4.7942967
4.79424
4.7941837
4.7941275
4.7940707
4.7940145
4.7939577
4.7939014
4.793845
4.7937884
4.793732
4.793676
4.793619
4.793563
4.7935066
4.79345
4.7933936
4.7933373
4.793281
4.7932243
4.793168
4.793112
4.7930555
4.792999
4.7929425
4.792886
4.7928295
4.7927732
4.792717
4.7926607
4.792604
4.7925477
4.7924914
4.7924347
4.7923784
4.792322
4.792266
4.7922096
4.792153
4.7920966
4.7920403
4.791984
4.791928
4.791871
4.791815
4.7917585
4.7917023
4.791646
4.7915897
4.791533
4.7914767
4.7914205
4.791364
4.791308
4.7912517
4.7911954
4.7911386
4.7910824
4.791026
4.79097
4.7909136
4.7908573
4.790801
4.790745
4.7906885
4.7906322
4.7905755
4.7905197
4.7904634
4.7904067
4.7903504
4.790294
4.790238
4.7901816
4.7901254
4.790069
4.790013
4.7899566
4.7899003
4.789844
4.789788
4.7897315
4.789675
4.789619
4.7895627
4.7895064
4.78945
4.789394
4.7893376
4.7892814
4.789225
4.789169
4.7891126
4.7890563
4.789
4.7889442
4.7888875
4.7888317
4.788775
4.788719
4.788663
4.7886066
4.7885504
4.788494
4.788438
4.7883816
4.7883253
4.788269
4.7882133
4.7881565
4.7881007
4.7880445
4.787988
4.787932
4.787876
4.7878194
4.7877636
4.7877073
4.787651
4.787595
4.7875385
4.7874823
4.7874265
4.78737
4.787314
4.7872577
4.7872014
4.7871456
4.7870893
4.787033
4.786977
4.786921
4.7868648
4.7868085
4.786752
4.786696
4.78664
4.786584
4.7865276
4.786472
4.7864156
4.7863593
4.786303
4.7862473
4.786191
4.7861347
4.786079
4.7860227
4.7859664
4.78591
4.7858543
4.785798
4.785742
4.785686
4.7856297
4.7855735
4.7855177
4.7854614
4.785405
4.7853494
4.785293
4.7852373
4.785181
4.785125
4.785069
4.7850127
4.7849565
4.7849007
4.7848444
4.784788
4.7847323
4.7846766
4.7846203
4.784564
4.784508
4.784452
4.7843957
4.78434
4.7842836
4.784228
4.7841716
4.784116
4.7840595
4.7840037
4.7839475
4.7838917
4.7838354
4.7837796
4.7837234
4.7836676
4.7836113
4.7835555
4.7834992
4.7834435
4.783387
4.7833314
4.783275
4.7832193
4.783163
4.7831073
4.783051
4.782995
4.782939
4.782883
4.782827
4.782771
4.7827153
4.782659
4.7826033
4.7825475
4.782491
4.7824354
4.782379
4.7823234
4.7822676
4.7822113
4.7821555
4.7820992
4.7820435
4.7819877
4.7819314
4.7818756
4.78182
4.7817636
4.781708
4.7816515
4.7815957
4.78154
4.781484
4.781428
4.781372
4.781316
4.78126
4.781204
4.7811484
4.7810926
4.7810364
4.7809806
4.780925
4.7808685
4.7808127
4.780757
4.7807007
4.780645
4.780589
4.7805333
4.780477
4.7804213
4.7803655
4.7803097
4.7802534
4.7801976
4.780142
4.780086
4.7800303
4.7799745
4.779918
4.7798624
4.7798066
4.779751
4.7796946
4.779639
4.779583
4.779527
4.7794714
4.7794156
4.77936
4.779304
4.7792478
4.779192
4.779136
4.7790804
4.7790246
4.778969
4.7789125
4.778857
4.778801
4.778745
4.7786894
4.7786336
4.778578
4.778522
4.778466
4.7784104
4.7783546
4.778299
4.7782426
4.7781873
4.778131
4.7780757
4.7780194
4.7779636
4.777908
4.777852
4.7777963
4.7777405
4.7776847
4.777629
4.777573
4.7775173
4.7774615
4.7774057
4.77735
4.777294
4.7772384
4.777183
4.777127
4.7770715
4.777015
4.7769594
4.776904
4.7768483
4.7767925
4.7767367
4.776681
4.776625
4.7765694
4.7765136
4.776458
4.776402
4.776346
4.7762904
4.776235
4.7761793
4.7761235
4.7760677
4.776012
4.775956
4.7759004
4.7758446
4.775789
4.7757335
4.7756777
4.775622
4.775566
4.7755103
4.7754545
4.775399
4.7753434
4.7752876
4.775232
4.7751765
4.7751207
4.775065
4.775009
4.7749534
4.774898
4.7748423
4.7747865
4.7747307
4.7746754
4.7746196
4.774564
4.774508
4.7744527
4.774397
4.774341
4.7742853
4.77423
4.774174
4.7741184
4.7740626
4.7740073
4.7739515
4.7738957
4.7738404
4.7737846
4.773729
4.773673
4.7736177
4.773562
4.7735066
4.773451
4.773395
4.7733397
4.773284
4.773228
4.773173
4.773117
4.7730613
4.773006
4.77295
4.772895
4.772839
4.7727833
4.772728
4.772672
4.772617
4.772561
4.7725053
4.77245
4.772394
4.772339
4.772283
4.7722273
4.772172
4.772116
4.772061
4.772005
4.77195
4.771894
4.7718387
4.771783
4.7717276
4.771672
4.7716165
4.7715607
4.7715054
4.7714496
4.7713943
4.7713385
4.7712827
4.7712274
4.771172
4.7711163
4.771061
4.771005
4.77095
4.7708945
4.7708387
4.770783
4.7707276
4.7706723
4.7706165
4.770561
4.7705054
4.77045
4.7703943
4.770339
4.7702837
4.770228
4.7701726
4.7701173
4.7700615
4.770006
4.7699504
4.769895
4.76984
4.769784
4.7697287
4.7696733
4.7696176
4.7695622
4.7695065
4.769451
4.769396
4.7693405
4.7692847
4.7692294
4.769174
4.7691183
4.769063
4.7690077
4.7689524
4.7688966
4.7688413
4.768786
4.76873
4.768675
4.7686195
4.768564
4.7685084
4.768453
4.768398
4.768342
4.7682867
4.7682314
4.768176
4.768121
4.768065
4.7680097
4.7679543
4.767899
4.7678437
4.767788
4.7677326
4.7676773
4.767622
4.7675667
4.767511
4.7674556
4.7674003
4.767345
4.7672896
4.7672343
4.767179
4.767123
4.767068
4.7670126
4.7669573
4.766902
4.7668467
4.7667913
4.7667356
4.7666807
4.766625
4.7665696
4.7665143
4.766459
4.7664037
4.7663484
4.766293
4.7662377
4.7661824
4.7661266
4.766072
4.766016
4.765961
4.7659054
4.7658505
4.7657948
4.7657394
4.765684
4.765629
4.7655735
4.765518
4.765463
4.7654076
4.7653522
4.765297
4.7652416
4.7651863
4.765131
4.7650757
4.765021
4.764965
4.7649097
4.764855
4.7647996
4.764744
4.764689
4.7646337
4.7645783
4.764523
4.7644677
4.7644124
4.764357
4.764302
4.7642465
4.764191
4.7641363
4.764081
4.7640257
4.7639704
4.763915
4.7638597
4.7638044
4.763749
4.7636943
4.763639
4.7635837
4.7635283
4.763473
4.7634177
4.7633624
4.763307
4.7632523
4.763197
4.7631416
4.7630863
4.763031
4.762976
4.762921
4.7628655
4.76281
4.762755
4.7627
4.762645
4.7625895
4.7625346
4.7624793
4.762424
4.7623687
4.7623134
4.762258
4.762203
4.762148
4.762093
4.7620378
4.7619824
4.761927
4.7618723
4.761817
4.7617617
4.7617064
4.7616515
4.761596
4.761541
4.761486
4.7614307
4.7613754
4.7613206
4.7612653
4.7612104
4.761155
4.7611
4.761045
4.7609897
4.7609344
4.7608795
4.760824
4.760769
4.760714
4.7606587
4.7606034
4.7605486
4.7604933
4.760438
4.760383
4.760328
4.760273
4.7602177
4.760163
4.7601075
4.7600527
4.7599974
4.7599425
4.759887
4.7598324
4.759777
4.7597218
4.759667
4.7596116
4.759557
4.7595015
4.7594466
4.7593913
4.7593365
4.759281
4.7592263
4.759171
4.759116
4.759061
4.759006
4.7589507
4.758896
4.7588406
4.7587857
4.7587304
4.7586756
4.7586207
4.7585654
4.7585106
4.7584553
4.7584004
4.758345
4.7582903
4.7582355
4.75818
4.7581253
4.7580705
4.758015
4.75796
4.757905
4.75785
4.757795
4.75774
4.757685
4.75763
4.757575
4.75752
4.757465
4.75741
4.757355
4.7573
4.757245
4.75719
4.757135
4.75708
4.7570252
4.75697
4.756915
4.7568603
4.756805
4.75675
4.7566953
4.75664
4.756585
4.7565303
4.7564754
4.7564206
4.7563653
4.7563105
4.7562556
4.7562003
4.7561455
4.7560906
4.756036
4.7559805
4.7559257
4.755871
4.755816
4.755761
4.755706
4.755651
4.755596
4.7555413
4.7554865
4.7554317
4.7553763
4.7553215
4.7552667
4.755212
4.755157
4.755102
4.755047
4.754992
4.754937
4.7548823
4.7548275
4.754772
4.754718
4.7546625
4.7546077
4.754553
4.754498
4.754443
4.7543883
4.7543335
4.754278
4.754224
4.7541685
4.7541137
4.754059
4.754004
4.753949
4.7538943
4.7538395
4.7537847
4.75373
4.753675
4.75362
4.7535653
4.7535105
4.7534556
4.753401
4.753346
4.753291
4.7532363
4.7531815
4.7531266
4.753072
4.753017
4.752962
4.7529073
4.7528524
4.7527976
4.752743
4.752688
4.752633
4.7525783
4.7525234
4.7524686
4.7524137
4.752359
4.7523046
4.7522492
4.7521944
4.7521396
4.752085
4.7520304
4.7519755
4.7519207
4.751866
4.751811
4.751756
4.7517014
4.7516465
4.751592
4.7515373
4.7514825
4.7514277
4.751373
4.751318
4.751263
4.751209
4.751154
4.751099
4.7510443
4.7509894
4.750935
4.7508802
4.7508254
4.7507706
4.7507157
4.750661
4.750606
4.7505517
4.750497
4.7504425
4.7503877
4.750333
4.750278
4.750223
4.750169
4.750114
4.750059
4.7500043
4.74995
4.749895
4.7498403
4.7497854
4.749731
4.749676
4.7496214
4.7495666
4.749512
4.7494574
4.7494025
4.749348
4.7492933
4.7492385
4.749184
4.7491293
4.7490745
4.74902
4.7489653
4.748911
4.748856
4.748801
4.7487464
4.748692
4.748637
4.748583
4.748528
4.748473
4.748419
4.748364
4.7483096
4.748255
4.7482
4.7481456
4.7480907
4.7480364
4.7479815
4.747927
4.7478724
4.7478175
4.747763
4.7477083
4.747654
4.747599
4.7475443
4.74749
4.747435
4.7473807
4.7473264
4.7472715
4.7472167
4.7471623
4.7471075
4.747053
4.7469983
4.746944
4.746889
4.7468348
4.74678
4.7467256
4.746671
4.7466164
4.7465615
4.746507
4.746453
4.746398
4.7463436
4.746289
4.7462344
4.7461796
4.746125
4.746071
4.746016
4.7459617
4.7459073
4.7458525
4.745798
4.7457433
4.745689
4.745634
4.7455797
4.7455254
4.7454705
4.745416
4.7453613
4.745307
4.7452526
4.745198
4.7451434
4.745089
4.7450347
4.74498
4.7449255
4.7448707
4.7448163
4.744762
4.744707
4.7446527
4.7445984
4.744544
4.744489
4.744435
4.7443805
4.7443256
4.7442713
4.744217
4.7441626
4.7441077
4.7440534
4.743999
4.7439446
4.74389
4.7438354
4.743781
4.7437267
4.743672
4.7436175
4.743563
4.743509
4.7434545
4.7433996
4.7433453
4.743291
4.7432365
4.743182
4.7431273
4.743073
4.7430186
4.7429643
4.74291
4.7428555
4.7428007
4.7427464
4.742692
4.7426376
4.7425833
4.742529
4.742474
4.74242
4.7423654
4.742311
4.7422566
4.7422023
4.742148
4.7420936
4.742039
4.7419844
4.7419305
4.7418756
4.7418213
4.741767
4.7417126
4.741658
4.741604
4.7415495
4.741495
4.741441
4.7413864
4.741332
4.7412777
4.7412233
4.741169
4.7411146
4.7410603
4.741006
4.7409515
4.740897
4.740843
4.740788
4.740734
4.7406797
4.7406254
4.740571
4.7405167
4.7404623
4.740408
4.7403536
4.740299
4.740245
4.7401905
4.740136
4.740082
4.7400274
4.739973
4.7399187
4.7398643
4.7398105
4.739756
4.7397017
4.7396474
4.739593
4.7395387
4.7394843
4.73943
4.739376
4.7393217
4.7392673
4.739213
4.7391586
4.7391043
4.73905
4.7389956
4.738941
4.7388873
4.738833
4.7387786
4.738724
4.73867
4.7386155
4.7385616
4.7385073
4.738453
4.7383986
4.7383447
4.7382903
4.738236
4.7381816
4.7381277
4.7380733
4.738019
4.7379646
4.7379103
4.737856
4.737802
4.7377477
4.7376933
4.737639
4.737585
4.7375307
4.7374763
4.7374225
4.737368
4.7373137
4.73726
4.7372055
4.737151
4.7370973
4.737043
4.7369885
4.736934
4.7368803
4.736826
4.7367716
4.7367177
4.7366633
4.736609
4.736555
4.7365007
4.7364464
4.7363925
4.736338
4.7362843
4.73623
4.7361755
4.7361217
4.7360673
4.7360134
4.735959
4.7359047
4.735851
4.7357965
4.7357426
4.735688
4.735634
4.73558
4.7355256
4.7354717
4.7354174
4.7353635
4.735309
4.735255
4.735201
4.7351465
4.7350926
4.7350383
4.7349844
4.73493
4.734876
4.734822
4.734768
4.7347136
4.7346597
4.7346053
4.7345514
4.734497
