3613.3694
3511.4
3409.3196
3307.1365
3204.8699
3102.5215
3000.0803
2897.5256
2794.827
2691.9478
2588.8481
2485.491
2381.8538
2277.9404
2173.7917
2069.4941
1965.1842
1861.0487
1757.3206
1654.2727
1552.2086
1451.4532
1352.3439
1255.2201
1160.4147
1068.2466
979.01465
892.9927
810.428
731.5409
656.5252
585.5499
518.76184
456.2837
398.2149
344.626
295.55438
250.99815
210.90997
175.1939
143.704
116.247185
92.588524
72.45979
55.56881
41.609493
30.271276
21.246937
14.239294
8.965968
5.1628647
2.5862184
1.0140048
0.24628745
0.10522361
0.43455425
1.0988088
1.9823363
2.9880254
4.0361013
5.062607
6.017993
6.865573
7.580036
8.145875
8.555994
8.810339
8.914412
8.878267
8.715188
8.440789
8.072077
7.6266923
7.122252
6.5757546
6.003214
5.419289
4.8370557
4.2679076
3.7213368
3.2051005
2.7251234
2.285681
1.8894491
1.537703
1.2304943
0.9667898
0.74469054
0.5615897
0.4143332
0.2994242
0.21314079
0.15167722
0.111255646
0.08822222
0.07912935
0.08079516
0.090346016
0.10524304
0.12329896
0.1426787
0.16188978
0.17976786
0.1954486
0.2083461
0.2181076
0.22459346
0.22782964
0.22798654
0.22533745
0.22023341
0.21306507
0.20426124
0.19423513
0.18339932
0.17213722
0.16079295
0.14966458
0.13900621
0.12901953
0.11985411
0.11161254
0.104357935
0.09810965
0.09285629
0.08855514
0.08514363
0.08254123
0.08065736
0.0793941
0.078650616
0.07832852
0.07833386
0.07858086
0.07899089
0.079496875
0.08004014
0.08057505
0.08106585
0.08148548
0.08181642
0.08204919
0.08218188
0.08221731
0.0821622
0.08202688
0.08182494
0.081569545
0.08127438
0.08095349
0.08061984
0.08028604
0.07996012
0.07965177
0.07936646
0.079109676
0.078883626
0.078689344
0.07852762
0.07839667
0.07829473
0.0782189
0.078165755
0.07813179
0.078113936
0.078108594
0.07811183
0.07812189
0.07813476
0.07814899
0.07816305
0.0781748
0.07818367
0.07818905
0.078190565
0.07818813
0.07818205
0.07817244
0.07816014
0.078145675
0.0781291
0.078111604
0.07809329
0.07807505
0.07805731
0.07804005
0.07802333
0.078008175
0.077994354
0.07798176
0.077970296
0.07795981
0.077950574
0.077942505
0.07793529
0.07792854
0.077922314
0.077916615
0.077911206
0.07790582
