2499.3657
2492.2778
2485.0867
2477.7876
2470.376
2462.845
2455.1875
2447.3948
2439.4558
2431.3584
2423.0881
2414.6287
2405.9617
2397.0706
2387.9377
2378.549
2368.8923
2358.9602
2348.748
2338.2544
2327.4817
2316.4329
2305.1143
2293.5327
2281.6965
2269.615
2257.2976
2244.7544
2231.995
2219.0312
2205.8743
2192.537
2179.0342
2165.3823
2151.6008
2137.7126
2123.7432
2109.7207
2095.6748
2081.638
2067.6401
2053.7117
2039.8785
2026.1628
2012.5835
1999.1528
1985.8792
1972.7662
1959.8148
1947.0222
1934.3842
1921.8943
1909.5472
1897.3353
1885.2522
1873.2914
1861.4471
1849.7141
1838.087
1826.5621
1815.135
1803.802
1792.5607
1781.408
1770.3413
1759.3588
1748.4581
1737.6383
1726.8971
1716.2334
1705.645
1695.1317
1684.6912
1674.3232
1664.0259
1653.7986
1643.6404
1633.5502
1623.527
1613.5701
1603.6785
1593.8511
1584.0875
1574.3864
1564.7473
1555.1698
1545.6525
1536.1951
1526.797
1517.4569
1508.175
1498.9498
1489.7812
1480.6686
1471.6112
1462.6083
1453.6597
1444.7644
1435.922
1427.1322
1418.3943
1409.708
1401.0724
1392.487
1383.9519
1375.4663
1367.0293
1358.6414
1350.3016
1342.0093
1333.7645
1325.5668
1317.4153
1309.3103
1301.251
1293.237
1285.2683
1277.3439
1269.464
1261.628
1253.836
1246.0872
1238.3815
1230.7181
1223.0977
1215.519
1207.9825
1200.4875
1193.0333
1185.6202
1178.2479
1170.916
1163.6244
1156.3724
1149.1603
1141.9872
1134.8536
1127.7589
1120.7029
1113.6847
1106.7052
1099.7634
1092.8594
1085.993
1079.164
1072.3718
1065.6166
1058.8981
1052.216
1045.5702
1038.9603
1032.3865
1025.8481
1019.3454
1012.8779
1006.44556
1000.0481
993.6855
987.3575
981.0637
974.80414
968.57874
962.38715
956.22925
950.1049
944.01385
937.95605
931.9313
925.9393
919.97986
914.053
908.1585
902.296
896.4657
890.66724
884.9002
879.1646
873.4605
867.78754
862.14557
856.53436
850.9539
845.40405
839.8847
834.39557
828.93634
823.5074
818.10815
812.73865
807.39874
802.08826
796.8072
791.55493
786.332
781.1379
775.9723
770.83563
765.7273
760.64716
755.59546
