88336.945
88297.695
88264.47
88237.63
88217.34
88203.69
88196.39
88194.77
88197.5
88202.6
88207.875
88211.695
88213.27
88212.62
88210.266
88206.92
88203.305
88199.97
88197.35
88195.6
88194.75
88194.7
88195.22
88196.02
88196.92
88197.695
88198.22
88198.42
88198.3
88197.914
88197.31
88196.63
88195.96
88195.36
88194.92
88194.695
88194.62
88194.7
88194.88
88195.09
88195.29
88195.43
88195.44
88195.37
88195.23
88195.06
88194.87
88194.7
88194.59
88194.516
88194.484
88194.5
88194.55
88194.58
88194.62
88194.59
88194.58
88194.52
88194.43
88194.36
88194.25
88194.18
88194.086
88194.02
88193.96
88193.88
88193.81
88193.72
88193.586
88193.47
88193.305
88193.125
88192.91
88192.66
88192.41
88192.125
88191.81
88191.43
88191.02
88190.555
88190.01
88189.375
88188.664
88187.84
88186.89
88185.8
88184.52
88183.04
88181.28
88179.234
88176.79
88173.875
88170.42
88166.266
88161.28
88155.24
88147.945
88139.15
88128.59
88115.98
88101.1
88083.82
88064.18
88042.65
88020.195
87998.48
87979.58
87964.81
87952.266
87938.01
87922.02
87906.73
87893.67
87882.3
87870.336
87855.71
87837.85
87817.83
87797.89
87779.875
87763.66
87747.49
87730.03
87712.086
87695.77
87681.57
87667.25
87651.23
87634.7
87619.21
87603.63
87586.336
87568.28
87550.87
87532.766
87512.734
87491.99
87470.78
87447.85
87423.234
87397.086
87368.7
87337.03
87301.69
87263.09
87219.95
87173.26
87124.43
87073.23
87022.12
86975.375
86934.96
86896.62
86855.46
86807.586
86751.21
86695.66
86652.63
86622.586
86600.695
86578.19
86547.91
86512.234
86480.25
86455.61
86430.55
86398.414
86361.95
86323.89
86284.86
86252.02
86224.695
86195.82
86164.64
86133.984
86104.51
86076.94
86048.91
86017.83
85985.85
85952.945
85918.58
85884.664
85852.625
85822.875
85791.81
85755.555
85714.81
85681.75
85655.46
85622.695
85577.086
85535.3
85505.29
85469.11
85419.74
85375.48
85337.766
85293.33
85245.67
85206.51
85163.41
85104.125
85046.05
85003.96
84956.53
84912.76
84907.53
84900.19
84803.414
84757.57
84769.08
84687.41
84669.17
84650.08
84581.56
84585.68
84536.086
84497.71
84490.836
84430.82
84414.16
84382.266
84333.7
84319.27
84272.27
84239.11
84214.79
84166.31
84141.234
84106.88
84061.43
84035.7
83996.0
83953.266
83923.43
83881.29
83838.79
83805.33
83762.02
83715.4
83677.08
83635.84
83586.84
83540.33
83497.83
83452.39
83404.8
83367.35
83369.36
83393.195
83304.87
83151.47
83194.2
83136.29
83010.65
83042.39
82940.15
82882.41
82859.72
82758.23
82744.18
82654.79
82609.83
82568.72
82476.85
82452.62
82373.45
82320.57
82268.27
82186.805
82146.91
82075.64
82018.18
81968.59
81896.94
81852.164
81797.19
81745.24
81712.984
81652.56
81582.92
81505.11
81435.516
81403.64
81369.17
81318.11
81256.4
81184.164
81132.164
81099.49
81062.875
81022.516
80968.805
80900.58
80841.58
80796.48
80755.09
80716.836
80679.33
80631.79
80571.09
80505.08
80444.32
80392.34
80348.2
80311.35
80285.64
80281.77
80309.69
80315.29
80160.33
79996.5
80017.59
80050.64
79913.03
79798.914
79838.5
79817.85
79678.24
79623.23
79649.766
79590.586
79476.74
79440.375
79446.09
79391.01
79294.82
79245.28
79236.445
79200.6
79122.81
79052.23
79018.945
78996.96
78952.195
78883.266
78818.08
78773.94
78742.82
78707.42
78659.195
78603.88
78559.19
78546.78
78597.5
78676.56
78598.86
78366.96
78298.164
78336.266
78248.97
78164.664
78168.5
78077.33
77997.45
78026.11
77941.53
77835.15
77851.06
77800.09
77707.51
77693.28
77635.414
77565.766
77554.2
77491.92
77416.766
77396.92
77345.414
77282.87
77252.445
77195.47
77134.77
77105.12
77055.766
76995.71
76956.414
76908.31
76850.49
76809.79
76767.08
76711.4
76664.17
76620.93
76568.0
76517.305
76474.36
76427.055
76375.98
76329.9
76285.766
76237.13
76188.32
76143.664
76099.98
76054.76
76012.234
75975.68
75946.24
75915.836
75887.15
75842.586
75779.46
75698.516
75624.81
75577.36
75550.81
75523.984
75478.47
75414.53
75348.38
75295.35
75257.16
75224.875
75188.93
75144.33
75091.48
75034.84
74979.164
74927.266
74879.38
74834.65
74792.49
74753.79
74722.0
74705.02
74720.17
74784.02
74887.02
74862.29
74620.47
74386.055
74424.195
74531.64
74404.01
74207.71
74213.28
74275.14
74169.99
74021.35
74023.84
74053.34
73955.37
73841.61
73824.94
73830.53
73769.836
73673.836
73620.61
73601.695
73572.41
73521.36
73457.43
73394.85
73334.29
73286.516
73256.74
73239.31
73230.75
73212.7
73203.36
73174.5
73140.86
73053.91
72934.6
72813.945
72738.89
72714.34
72714.56
72729.03
72770.266
72888.79
72903.086
72754.19
72419.62
72322.87
72450.68
72497.61
72399.91
72207.35
72105.26
72106.42
72141.93
72138.74
71995.04
71827.01
71780.46
71804.81
71801.266
71803.32
71855.73
71781.15
71665.07
71528.12
71410.21
71316.305
71296.07
71320.67
71364.02
71528.14
71716.9
71920.1
71494.62
71060.945
70960.625
71190.75
71379.44
71063.33
70751.93
70795.25
70954.85
70966.25
70722.2
70541.73
70584.93
70689.41
70666.484
70486.13
70354.13
70337.2
70403.15
70440.14
70363.41
70257.68
70139.89
70084.36
70086.22
70106.76
70148.34
70160.87
70176.73
70128.48
70069.95
69956.32
69854.9
69765.9
69712.87
69684.96
69678.89
69697.42
69739.766
69853.44
70000.96
70277.85
70265.375
70106.65
69600.99
69382.445
69552.39
69759.54
69756.125
69425.516
69243.09
69339.92
69471.85
69445.13
69224.83
69107.18
69165.69
69242.38
69219.09
69073.766
68972.375
68975.01
69022.37
69037.664
68966.766
68874.27
68807.94
68792.836
68808.37
68816.38
68805.54
68758.48
68702.19
68641.93
68593.25
68557.516
68533.055
68517.01
68508.375
68512.34
68532.586
68600.46
68713.586
68978.914
69201.4
69525.89
69117.01
68586.77
68203.62
68359.98
68743.4
68689.984
68370.46
68075.04
68157.42
68401.27
68362.82
68139.36
67938.82
67972.89
68120.32
68127.375
68009.0
67833.9
67765.414
67808.695
67877.52
67920.52
67863.03
67778.11
67665.016
67579.375
67525.13
67498.82
67495.125
67519.305
67610.71
67818.836
68422.086
69145.67
70376.23
68873.12
67441.71
67491.25
68440.66
68544.734
67285.43
67501.86
68357.09
67577.266
67082.875
67626.68
67601.36
67084.164
67094.63
67404.8
67245.03
66912.375
67090.27
67260.06
66957.35
66828.72
67009.74
66997.68
66798.84
66730.3
66836.14
66859.984
66708.06
66618.54
66664.734
66704.89
66653.95
66546.266
66496.555
66516.77
66541.29
66528.625
66465.07
66397.6
66350.95
66333.14
66335.43
66344.52
66359.45
66369.77
66399.57
66428.71
66515.52
66602.53
66816.555
66942.77
67200.49
67027.33
66812.82
66321.125
66031.836
66031.67
66229.516
66460.38
66437.44
66290.15
66019.85
65875.086
65900.02
66015.99
66124.99
66091.92
65992.375
65840.1
65744.56
65728.22
65768.91
65827.734
65849.64
65846.484
65784.586
65715.84
65638.71
65580.66
65543.15
65524.992
65521.24
65527.21
65544.61
65569.37
65622.555
65687.914
65829.42
65967.85
66252.55
66357.22
66543.04
66201.18
65829.49
65390.188
65241.434
65379.55
65601.195
65757.52
65603.38
65370.22
65162.367
65132.074
65240.484
65342.742
65372.117
65252.01
65111.645
65013.625
65003.29
65053.32
65101.41
65120.758
65072.363
65002.63
64923.223
64868.58
64844.387
64845.06
64859.574
64873.82
64888.258
64887.7
64889.734
64874.934
64869.426
64850.082
64845.848
64830.676
64836.66
64832.773
64859.363
64872.914
64931.83
64961.98
65053.07
65069.06
65140.703
65065.582
65012.008
64823.24
64660.21
64500.297
64407.87
64382.242
64408.934
64467.164
64524.56
64589.125
64606.49
64628.004
64581.434
64540.535
64451.65
64375.94
64294.21
64232.562
64186.348
64156.85
64140.156
64132.996
64133.78
64141.87
64163.47
64198.477
64273.594
64378.598
64600.46
64846.957
65346.184
65569.89
65936.85
65325.11
64667.03
64017.453
63960.832
64364.348
64665.395
64685.723
64213.535
63869.56
63882.637
64125.277
64306.93
64146.656
63895.652
63754.73
63824.57
63973.5
63992.426
63892.27
63736.867
63671.21
63712.066
63781.37
63808.824
63747.664
63661.016
63594.145
63579.383
63603.55
63630.49
63638.83
63610.188
63566.395
63517.312
63481.18
63462.066
63457.41
63461.047
63465.613
63469.492
63466.562
63463.27
63453.22
63446.855
63436.492
63434.47
63431.47
63443.887
63459.098
63505.395
63559.574
63681.562
63806.01
64064.926
64234.773
64566.38
64491.992
64430.277
63889.87
63437.082
63156.484
63182.9
63415.254
63617.285
63721.02
63534.36
63298.08
63094.77
63050.793
63141.613
63258.254
63330.82
63268.477
63157.824
63030.69
62962.383
62963.53
63008.902
63063.63
63083.832
63077.33
63025.734
62967.21
62906.72
62863.75
62840.33
62834.23
62840.004
62851.42
62867.27
62880.76
62900.79
62915.656
62946.34
62970.54
63026.043
63069.688
63167.56
63231.152
63372.723
63414.793
63530.465
63445.34
63388.76
63142.71
62930.3
62720.64
62605.812
62586.42
62640.25
62734.035
62814.617
62889.406
62885.61
62868.46
62778.13
62691.54
62592.258
62518.957
62471.555
62451.785
62453.66
62469.93
62497.19
62527.742
62572.11
62613.79
62685.3
62745.098
62860.36
62934.344
63087.64
63123.49
63229.637
63119.473
63036.56
62777.13
62560.383
62363.81
62264.574
62258.414
62319.574
62416.355
62496.164
62570.016
62565.13
62547.957
62457.984
62372.117
62272.363
62198.062
62148.71
62126.934
62127.117
62142.41
62169.094
62200.156
62245.12
62288.95
62363.324
62428.555
62552.24
62636.152
62804.324
62847.473
62965.758
62854.895
62783.22
62530.715
62327.72
62127.973
62010.043
61965.555
61989.215
62067.152
62157.77
62250.996
62268.02
62259.684
62176.574
62104.293
62015.156
61944.184
61878.863
61834.47
61816.582
61822.64
61841.844
61863.246
61891.48
61924.27
61983.363
62046.31
62155.33
62253.63
62444.336
62575.656
62840.527
62877.03
62999.176
62725.06
62471.285
62055.668
61771.2
61651.7
61706.324
61869.64
62023.805
62145.39
62098.61
62002.445
61817.86
61670.8
61584.516
61576.44
61626.25
61695.348
61762.984
61782.562
61782.777
61729.977
61673.637
61602.715
61545.566
61501.21
61474.348
61462.367
61461.7
61468.984
61481.316
61500.594
61524.02
61563.582
61610.81
61698.754
61800.09
61998.348
62194.254
62580.457
62807.36
63246.426
63083.16
62938.496
62207.324
61632.086
61321.71
61402.086
61726.777
61985.598
62116.36
61872.832
61572.3
61312.938
61258.047
61378.734
61536.61
61638.207
61565.45
61429.56
61274.2
61197.723
61212.594
61281.324
61355.41
61376.4
61358.93
61288.984
61216.65
61155.445
61123.723
61120.543
61136.723
61161.64
61182.21
61199.434
61201.355
61201.64
61188.395
61178.758
61161.11
61150.58
61136.54
61131.93
61126.84
61135.03
61145.98
61180.336
61223.26
61316.418
61426.45
61651.33
61878.156
62334.805
62608.188
63142.242
62934.957
62742.086
61855.824
61187.59
60894.266
61073.105
61503.145
61754.316
61810.01
61434.066
61063.207
60852.95
60908.617
61120.047
61265.246
61287.957
61108.04
60916.793
60801.18
60813.203
60907.703
60992.043
61027.137
60967.05
60878.5
60786.93
60736.59
60733.156
60762.23
60802.48
60827.84
60837.863
60817.43
60787.656
60745.695
60708.348
60676.344
60653.734
60639.395
60631.793
60629.195
60630.246
60634.85
60642.64
60657.375
60678.64
60718.875
60775.57
60885.914
61033.98
61331.49
61673.523
62367.746
62837.66
63732.027
63335.484
62889.8
61457.688
60602.75
60616.33
61238.8
61906.973
61731.312
61220.473
60599.543
60483.77
60817.516
61125.65
61170.047
60801.27
60484.484
60436.65
60622.305
60817.94
60780.188
60608.73
60422.316
60379.223
60467.906
60569.89
60604.793
60523.57
60414.89
60337.14
60329.496
60373.27
60419.734
60438.758
60407.727
60356.434
60302.742
60270.543
60264.074
60276.04
60294.64
60306.766
60310.35
60298.867
60281.18
60256.363
60232.64
60210.543
60192.77
60178.957
60168.7
60161.19
60155.73
60151.91
60149.62
60149.56
60152.258
60160.824
60176.805
60210.348
60264.8
60374.63
60540.92
60884.184
61334.668
62278.574
63041.453
64507.684
63972.85
63301.73
61102.97
60060.94
60553.17
61589.56
62204.066
61215.04
60238.223
60055.03
60648.625
61210.477
60845.6
60235.39
59976.777
60274.7
60646.04
60509.926
60149.457
59940.844
60078.773
60312.496
60290.664
60093.074
59917.01
59936.977
60074.113
60134.41
60072.16
59934.723
59861.68
59890.133
59959.043
59991.88
59945.938
59872.727
59821.82
59820.88
59852.09
59876.867
59875.39
59842.086
59801.523
59771.383
59761.81
59768.465
59779.215
59784.254
59776.367
59759.78
59737.832
59717.887
59703.168
59694.758
59691.332
59690.477
59690.145
59688.4
59685.285
59679.77
59673.49
59665.652
59658.133
59650.16
59643.4
59637.023
59632.82
59630.086
59631.59
59636.99
59652.387
59678.113
59731.074
59811.6
59972.32
60198.094
60658.1
61187.848
62265.99
62865.336
63970.2
62907.65
61741.527
60016.67
59532.137
60265.695
61101.324
61450.582
60520.07
59676.113
59504.32
59990.77
60517.035
60327.504
59835.11
59456.293
59559.03
59906.324
59998.17
59810.023
59497.3
59408.23
59556.438
59710.08
59718.633
59547.6
59395.945
59369.17
59451.32
59542.81
59541.684
59469.492
59370.984
59321.66
59336.613
59382.574
59416.34
59404.36
59363.37
59312.016
59278.727
59271.727
59284.277
59302.105
59310.043
59305.21
59285.4
59260.76
59236.633
59219.195
59209.785
59207.117
59208.42
59210.47
59211.59
59209.684
59205.824
59198.887
59191.234
59182.008
59173.336
59164.363
59156.535
59149.08
59143.1
59137.96
59135.016
59133.85
59137.008
59144.574
59162.723
59192.52
59251.84
59342.016
59519.973
59769.96
60276.098
60854.562
62025.535
62654.598
63812.832
62631.418
61350.766
59537.555
59070.145
59887.67
60757.98
61085.42
60074.152
59191.418
59043.734
59574.773
60126.195
59910.926
59384.41
58987.59
59100.99
59469.934
59564.906
59363.027
59034.086
58946.254
59108.266
59267.887
59268.715
59084.523
58930.082
58913.53
59007.22
59101.48
59091.58
59009.15
58908.164
58865.465
58890.54
58941.43
58972.066
58951.254
58903.082
58852.285
58826.59
58829.938
58849.484
58868.074
58870.16
58857.055
58831.05
58804.8
58785.05
58775.63
58775.105
58779.17
58783.535
58784.062
58780.55
58771.926
58761.03
58748.465
58736.496
58725.65
58716.543
58709.11
58703.098
58698.17
58694.04
58690.465
58687.297
58684.65
58682.48
58681.39
58681.5
58684.305
58690.15
58702.902
58723.348
58762.316
58820.78
58931.473
59088.586
59394.938
59779.387
60548.383
61219.566
62523.1
62557.633
62721.47
60838.5
59310.12
58604.414
59120.336
60170.8
60408.414
60052.863
59056.824
58569.562
58811.684
59332.668
59628.445
59251.203
58764.086
58539.062
58720.047
59030.91
59066.223
58869.94
58593.902
58515.195
58641.37
58787.375
58820.836
58688.79
58542.336
58477.426
58518.484
58604.566
58646.918
58625.72
58545.52
58472.81
58442.984
58460.586
58499.625
58524.363
58522.812
58490.72
58451.15
58418.51
58404.08
58406.957
58418.992
58431.07
58434.598
58429.395
58414.6
58396.758
58378.766
58364.71
58355.71
58351.484
58350.63
58351.324
58352.242
58351.977
58350.66
58347.453
58343.504
58338.17
58332.87
58326.957
58321.625
58316.207
58311.78
58307.684
58305.113
58303.5
58304.523
58307.78
58316.535
58330.51
58357.61
58397.324
58470.9
58573.84
58767.863
59017.66
59502.53
60004.285
60983.97
61461.023
62359.195
61516.227
60624.3
59015.74
58244.918
58499.516
59273.54
59972.97
59675.95
59054.777
58356.49
58204.457
58551.203
58933.227
59067.977
58716.707
58329.32
58159.24
58290.914
58534.445
58604.934
58496.637
58268.44
58137.523
58166.746
58285.32
58382.85
58362.996
58273.94
58161.25
58101.33
58110.953
58162.367
58212.586
58220.14
58191.844
58136.38
58088.664
58064.805
58067.715
58087.098
58107.35
58119.15
58113.766
58097.836
58073.418
58050.113
58031.777
58021.242
58017.957
58019.68
58023.7
58027.16
58029.035
58027.527
58023.945
58017.39
58010.03
58001.438
57993.19
57984.96
57977.516
57970.496
57964.19
57958.33
57953.023
57948.03
57943.41
57939.07
57935.094
57931.47
57928.42
57926.094
57925.008
57925.64
57929.543
57937.94
57955.58
57985.72
58043.812
58136.938
58318.605
58589.98
59138.414
59824.51
61227.69
62187.258
63982.457
62825.17
61483.023
58811.684
57917.03
58935.562
60120.203
60480.82
59025.035
57952.977
58068.895
58899.785
59450.79
58832.355
58071.773
57864.09
58286.11
58710.805
58486.48
58030.566
57817.81
58026.043
58300.555
58223.695
57959.633
57791.527
57875.18
58051.508
58075.777
57954.844
57802.312
57767.53
57844.94
57921.605
57921.426
57836.027
57756.586
57739.984
57780.035
57824.406
57823.484
57784.4
57735.0
57711.258
57719.836
57742.523
57756.383
57746.97
57722.77
57696.656
57682.32
57682.4
57690.285
57696.52
57693.85
57683.17
57668.24
57655.574
57648.504
57646.945
57648.133
57648.586
57646.254
57640.324
57632.33
57623.77
57616.344
57610.84
57607.19
57604.715
57602.516
57599.88
57596.31
57591.875
57586.688
57581.168
57575.586
57570.227
57565.203
57560.56
57556.22
57552.164
57548.273
57544.465
57540.727
57536.984
57533.258
57529.543
57525.875
57522.28
57518.867
57515.656
57512.875
57510.59
57509.266
57509.047
57511.066
57515.74
57525.85
57542.418
57573.12
57619.56
57704.508
57826.312
58054.77
58352.51
58928.18
59516.31
60654.02
61134.086
62023.336
60877.863
59682.34
58024.023
57455.63
58016.66
58864.348
59397.523
58758.094
57947.344
57429.516
57586.72
58112.32
58358.438
58234.58
57732.19
57408.793
57455.57
57718.805
57907.168
57779.605
57534.977
57367.164
57403.445
57553.887
57633.98
57594.254
57453.594
57345.45
57328.79
57387.742
57458.008
57470.914
57429.598
57355.055
57301.625
57291.688
57317.01
57349.703
57360.21
57345.5
57310.273
57276.258
57255.992
57253.69
57263.24
57273.98
57278.54
57271.742
57257.293
57238.65
57222.3
57211.273
57206.305
57205.785
57206.766
57206.76
57203.81
57198.15
57189.81
57180.453
57170.97
57162.395
57155.098
57149.176
57144.37
57140.297
57136.586
57132.86
57128.96
57124.656
57120.07
57115.082
57109.938
57104.574
57099.234
57093.863
57088.68
57083.62
57078.977
57074.63
57071.016
57068.074
57066.613
57066.58
57069.703
57076.08
57089.797
57111.04
57150.363
57206.785
57309.715
57448.336
57706.465
58014.37
58601.04
59114.5
60086.496
60293.633
60726.957
59565.76
58440.19
57271.973
56986.426
57500.305
58150.12
58559.098
58107.902
57495.01
56988.844
56956.32
57285.023
57590.664
57688.043
57394.133
57057.305
56874.69
56947.332
57145.215
57238.746
57182.3
56994.477
56854.715
56838.816
56921.316
57016.016
57031.934
56980.09
56881.383
56805.96
56783.086
56808.652
56851.2
56871.934
56861.977
56820.094
56773.746
56739.7
56728.277
56735.53
56749.375
56759.21
56756.22
56743.05
56720.617
56697.113
56676.484
56661.99
56653.652
56650.055
56648.92
56647.793
56645.38
56640.24
56633.348
56624.15
56614.242
56603.32
56592.723
56581.98
56571.89
56562.07
56553.03
56544.477
56536.918
56530.19
56525.25
56522.254
56523.395
56529.617
56547.184
56578.957
56644.68
56750.574
56964.4
57281.34
57938.516
58739.832
60412.652
61409.48
63288.07
61456.26
59451.4
56868.156
56755.234
58470.195
59057.32
58365.887
56732.73
56474.53
57471.9
58065.12
57862.336
56822.86
56305.89
56608.754
57150.887
57342.824
56822.375
56334.516
56301.64
56626.26
56860.094
56656.273
56337.375
56196.887
56321.832
56515.58
56525.36
56385.06
56202.32
56136.387
56199.434
56289.8
56315.63
56235.84
56132.152
56071.574
56082.73
56130.004
56155.75
56141.51
56087.457
56031.1
55995.19
55987.14
55998.324
56013.45
56021.406
56012.98
55994.11
55965.05
55935.496
55908.355
55887.062
55872.133
55862.52
55856.613
55853.184
55851.566
55851.0
55853.293
55857.84
55870.055
55888.97
55927.92
55984.18
56094.547
56247.145
56550.67
56933.8
57721.83
58486.734
60065.137
60505.867
61415.71
59309.062
57333.887
55826.812
56183.348
57581.48
57932.188
57406.46
56110.836
55643.64
56149.996
56857.37
57265.93
56745.28
56075.26
55602.17
55649.832
56033.938
56308.383
56324.152
55966.727
55634.344
55504.652
55610.656
55817.113
55917.09
55889.363
55710.074
55534.67
55434.324
55441.61
55517.13
55589.535
55623.844
55583.18
55512.688
55425.5
55359.13
55321.87
55312.406
55323.496
55347.188
55382.1
55423.1
55487.16
55562.527
55698.93
55857.547
56165.46
56492.402
57156.777
57680.22
58765.637
58947.703
59489.633
58181.02
56951.734
55563.723
55167.46
55707.074
56481.59
57121.78
56808.418
56311.426
55554.37
55099.42
55000.848
55205.473
55595.043
55970.387
56413.96
56549.19
56725.91
56411.258
56105.24
55555.293
55140.906
54887.973
54854.85
54989.29
55190.13
55414.285
55533.055
55665.324
55651.734
55704.3
55635.85
55667.387
55604.47
55661.5
55640.27
55773.027
55830.164
56105.645
56256.5
56710.93
56847.33
57299.605
57051.957
56949.613
56122.758
55430.83
54776.465
54484.633
54536.94
54827.562
55300.934
55804.69
56672.008
57448.586
59117.664
59836.887
61389.508
59490.844
57453.5
54874.797
54650.63
56255.504
56944.13
56352.812
54778.99
54439.684
55328.84
56049.7
56170.93
55263.785
54482.16
54187.613
54426.727
55002.89
55573.906
56206.93
56359.2
56559.117
56029.457
55470.414
54644.145
54151.51
54105.168
54401.695
54793.664
54926.938
54891.977
54598.86
54321.613
54082.633
53948.367
53903.305
53928.598
54013.293
54169.215
54475.027
54990.41
56135.203
57857.992
61744.92
64452.703
68943.28
61875.305
55595.312
54921.37
58911.047
58911.883
54551.89
57325.42
59063.395
54676.883
56897.38
58713.02
54590.965
56537.97
58667.168
54693.15
55311.7
58085.93
55548.72
53885.88
55578.395
56559.316
55554.383
53891.75
54143.367
55570.438
55858.29
55051.03
53872.22
53815.773
54620.676
54902.254
54440.887
53714.266
53689.188
54202.812
54346.36
54009.52
53587.55
53587.973
53897.305
54019.3
53864.39
53567.992
53410.36
53479.32
53644.887
53774.598
53760.906
53644.41
53469.527
53332.5
53258.734
53260.402
53301.844
53349.785
53386.688
53382.61
53361.688
53306.996
53250.473
53189.586
53136.99
53090.77
53053.266
53021.45
53001.79
52992.945
53011.793
53070.867
53232.547
53562.77
54360.113
55788.76
59209.01
63336.793
71852.3
68696.44
62868.875
53158.195
58280.246
63342.055
53676.605
58781.363
60032.66
53956.125
61014.207
55126.098
57060.656
55872.95
54450.727
56172.44
53501.55
55981.26
52630.633
54705.49
52262.96
53385.434
52518.84
51553.07
52541.99
50397.13
50749.957
50752.207
49047.797
49088.37
49516.547
48642.684
47561.54
47660.41
48255.152
48115.816
47324.18
46345.266
45890.543
45942.12
45923.836
45527.324
44891.996
44561.45
44587.418
44546.543
44233.652
43812.742
43589.227
43560.324
43500.24
43312.85
43033.8
42795.836
42657.79
42602.66
42592.695
42585.055
42578.2
42549.48
42543.074
42508.566
42506.93
42449.16
42427.81
42337.64
42291.63
42180.406
42129.527
42042.9
42052.316
42062.098
42250.312
42507.88
43216.38
44142.605
46312.793
48410.465
52795.027
52534.055
51713.684
44077.215
40869.125
43743.9
45361.52
43185.21
40933.805
43074.184
44423.53
41553.74
40986.31
42934.652
42626.5
40930.24
40309.395
41311.844
42436.777
42114.66
41265.06
40305.117
39916.94
40121.375
40655.992
41332.13
41667.652
41830.934
41342.3
40731.11
39993.336
39586.7
39612.133
39903.793
40213.05
40240.508
40082.668
39753.99
39468.03
39277.707
39201.293
39221.62
39314.598
39500.703
39801.832
40410.684
41396.484
43579.945
46381.336
52113.29
53481.9
54402.836
43923.332
39231.19
43312.08
44290.38
40645.895
40231.633
42867.098
41237.45
39634.566
41944.438
41404.71
39236.273
40950.46
41741.44
39280.277
39210.83
41031.355
40796.508
39338.02
38382.582
38940.16
40223.09
40999.08
41210.145
40315.59
39329.367
38431.043
38109.043
38346.816
38781.5
39047.555
38798.832
38345.848
37975.57
37917.027
38111.95
38304.035
38374.59
38231.29
38027.44
37808.613
37658.62
37579.613
37559.027
37583.117
37644.94
37770.098
37977.277
38387.14
39006.742
40270.4
41869.223
45057.32
46931.406
49879.03
45749.508
41070.03
37511.414
39432.152
42542.547
40066.14
37589.02
38787.023
40129.35
39094.535
37363.656
38096.848
39520.273
38935.35
37559.402
36887.574
37412.492
38534.957
39279.188
39868.984
39687.49
39562.426
38801.84
38097.47
37287.344
36737.777
36511.684
36609.914
36891.79
37114.707
37205.51
37029.758
36787.83
36512.47
36321.375
36224.734
36218.613
36275.48
36386.434
36577.074
36871.8
37463.72
38382.484
40366.03
42952.83
48372.85
50575.684
53184.188
43452.5
36734.523
38333.754
41888.773
39955.594
36604.395
40079.5
40618.79
36667.695
39278.85
40524.613
36589.633
38477.48
40327.156
36710.074
37033.344
39586.86
37707.805
35767.242
36713.62
38186.83
38170.22
36452.74
35455.4
35777.555
36838.93
37899.727
38005.105
37653.11
36561.777
35632.66
35174.336
35323.777
35795.35
36064.43
35995.16
35540.32
35130.484
34979.855
35105.195
35343.242
35484.21
35513.188
35378.164
35218.516
35034.715
34893.01
34781.24
34702.414
34642.918
34596.953
34557.766
34522.703
34489.242
34456.8
34424.55
34392.56
34360.695
34329.125
34298.21
34268.633
34242.3
34223.074
34221.45
34261.07
34410.867
34826.34
36024.504
38958.902
47569.445
62534.03
97103.58
72286.21
41080.04
44601.996
45835.695
41007.168
41405.355
42625.2
39538.418
41735.547
41405.49
40259.773
40341.797
41032.168
40176.836
39577.652
40410.707
39509.344
39481.574
39090.42
39380.207
38186.29
38871.508
37970.17
37863.875
37691.832
37294.945
37007.695
36817.215
36462.383
36201.508
36062.227
35356.05
35683.727
34716.074
34897.414
34715.402
33998.535
33935.68
34335.625
34109.312
33759.086
33579.152
33709.184
34015.99
34386.63
34897.527
35349.133
35986.805
36037.477
35821.055
34573.13
33508.062
33196.457
33718.902
34269.26
34021.754
33422.652
33089.945
33286.64
33615.652
33619.953
33361.734
33006.656
32778.496
32731.854
32826.742
33045.97
33385.97
34020.89
35061.715
37312.84
40470.332
46900.945
50051.547
53259.72
40987.26
33100.426
36556.914
39275.508
35139.35
34255.05
37621.906
34862.34
34348.383
36521.62
34050.68
34412.27
35440.207
33485.16
34085.457
34567.508
33122.863
33284.918
33954.812
33238.01
32410.66
32848.16
33526.824
33328.53
32743.346
32225.797
32080.95
32275.455
32682.97
33302.016
34022.203
35137.98
36064.535
37350.266
36980.145
36086.656
33659.52
32054.756
32120.09
33263.953
33950.83
33083.586
32039.71
31851.555
32460.371
33055.64
32898.1
32387.625
31792.506
31474.707
31457.457
31673.082
32098.008
32743.67
33948.48
35751.55
39560.215
43786.945
51393.586
49404.344
44146.57
32827.574
34430.176
40791.715
34128.484
33515.055
37580.35
32840.086
34765.21
35759.92
32532.926
35791.08
34037.77
33028.074
35324.848
32765.96
33076.316
34202.805
32208.566
32392.217
33474.9
32205.023
31396.635
32485.951
32986.504
31829.35
30966.5
31227.58
32125.133
33070.387
33421.617
33649.63
33330.902
33004.74
32284.926
31633.295
31003.516
30652.736
30617.02
30821.3
31077.271
31174.227
31100.35
30866.945
30631.248
30462.926
30395.666
30417.541
30500.82
30643.598
30845.762
31213.25
31799.207
33020.617
34923.633
39040.195
43667.117
52062.457
49974.066
44278.06
31849.607
33815.625
40640.734
32986.348
33084.547
37191.21
31642.586
34873.82
34828.434
31939.744
35697.895
32521.104
33064.773
34053.305
31385.605
33243.117
32096.613
31360.307
32586.773
31289.828
30936.654
31974.703
31054.346
30237.715
30795.69
31273.953
30895.1
30154.207
29802.455
30037.314
30583.146
31372.906
32154.426
33356.555
34437.812
36134.24
36269.44
36054.844
33250.746
30690.43
29683.78
30831.71
32225.27
31572.93
30160.18
29710.451
30499.72
31220.621
30725.914
29864.027
29381.502
29588.443
30165.484
30658.45
31057.412
31143.734
31279.465
31247.06
31412.156
31430.031
31640.799
31588.371
31631.963
31218.176
30761.297
30041.553
29451.379
29080.494
29028.625
29221.484
29502.238
29774.293
29908.361
30025.766
30040.057
30153.273
30267.5
30652.285
31180.84
32390.36
33963.46
37277.133
40239.945
45395.688
43629.64
39926.875
31177.201
29611.67
34321.273
33825.242
29995.635
30287.205
32615.863
31158.176
29414.764
31383.93
31677.092
29417.965
29921.332
31443.498
30201.395
28875.527
29436.28
30448.332
30468.855
29394.535
28587.504
28534.203
29099.59
29992.766
30883.719
32111.629
33158.04
34824.51
35393.473
36141.64
34053.445
31488.953
28877.72
28520.613
30021.643
30886.727
30247.6
28747.787
28433.797
29299.701
29877.406
29609.16
28689.47
28126.852
28207.037
28707.498
29326.273
29742.99
30167.71
30356.0
30740.955
30922.973
31417.27
31505.516
31758.867
31202.857
30549.861
29323.59
28339.297
27853.414
28007.56
28529.09
28935.615
29071.016
28765.898
28357.156
27948.27
27700.33
27618.057
27671.096
27834.076
28106.21
28591.453
29378.748
31011.943
33628.254
39316.742
45624.72
56900.016
52080.383
42075.043
28431.738
35049.117
41059.293
29095.799
35807.066
36642.594
29955.686
38014.258
31210.906
33525.984
33024.93
30547.12
33431.93
29850.424
33179.2
30097.385
31637.643
30423.514
30165.842
30736.059
29360.58
30285.379
29519.998
28874.3
29778.193
28630.697
28329.287
29076.598
28549.283
27520.37
28037.436
28646.008
28554.076
27833.441
27388.98
27231.01
27563.5
27952.688
28610.367
29201.338
30043.568
30362.303
30693.363
30010.945
29066.008
27713.504
27052.818
27230.457
27882.414
28254.18
27947.871
27354.975
26936.418
26927.307
27236.354
27538.3
27725.475
27651.96
27531.475
27332.26
27180.664
27035.922
26951.197
26887.992
26864.023
26855.78
26889.777
26952.92
27085.71
27270.148
27602.229
28027.092
28754.754
29542.023
30897.816
31955.13
33638.15
33675.83
33629.727
31077.21
28557.18
26726.854
26827.553
28213.514
29092.256
28926.898
27611.248
26593.182
26438.553
27020.396
27855.133
28372.723
28754.791
28698.09
28778.004
28670.617
28875.29
29009.084
29589.672
30038.723
31037.574
31449.38
32193.965
31385.42
30339.174
28200.387
26622.736
26148.623
26806.81
27817.752
28107.248
27740.684
26827.586
26157.037
25981.684
26256.37
26782.719
27328.13
27998.682
28597.16
29663.232
30742.553
32919.598
34633.734
37698.926
37280.83
36160.38
30426.178
26463.459
26688.033
29392.754
30272.482
27447.191
26168.562
27742.213
28574.758
27383.457
26037.033
26568.857
27729.482
27520.76
26507.527
25739.771
25880.621
26598.434
27242.29
27714.035
27728.055
27710.402
27454.902
27323.56
27079.969
26941.059
26710.984
26542.137
26287.588
26060.176
25809.879
25607.91
25453.928
25367.475
25341.746
25362.494
25414.082
25485.166
25585.125
25715.686
25938.053
26270.693
26926.498
27952.404
30093.16
33133.418
39431.832
44582.45
52621.664
44438.883
33441.703
25750.781
32215.107
36205.27
26907.502
30210.887
33751.793
26566.342
31560.324
31276.893
27003.762
32403.006
28644.562
28233.176
30968.309
26841.145
28852.95
28473.383
26491.645
28401.8
27003.62
26398.793
27696.219
26413.69
25871.229
26936.662
26368.906
25347.982
25583.21
26237.309
26190.582
25492.676
24971.865
25001.547
25414.402
26032.547
26582.766
27224.217
27664.025
28249.365
28264.604
28206.75
27307.043
26283.39
25212.314
24766.318
25014.955
25557.246
25886.285
25648.07
25166.799
24749.045
24655.273
24841.754
25114.63
25340.89
25400.568
25399.305
25300.21
25222.854
25129.305
25092.734
25068.117
25107.258
25167.688
25319.787
25497.033
25813.635
26131.242
26656.54
27050.988
27664.783
27842.41
28124.662
27636.252
27097.525
26047.012
25152.459
24493.56
24279.11
24453.984
24846.973
25329.635
25716.182
26174.594
26504.713
27140.553
27740.215
29065.023
30316.338
32869.812
34279.844
36666.152
34502.363
31478.703
26287.082
24307.742
26188.496
28185.697
27685.592
25061.875
24573.541
26212.271
26752.898
25627.756
24323.416
24537.215
25609.12
25969.934
25527.59
24592.334
24004.375
23961.186
24350.375
25004.484
25742.162
26783.938
27875.086
29804.637
31475.328
34337.656
34648.062
34632.66
29836.254
25541.11
24014.992
26070.018
28215.21
26604.299
24396.967
24478.248
26016.916
26327.76
24748.379
23926.61
24627.316
25450.77
25411.941
24476.486
23758.406
23694.234
24160.203
24834.078
25357.244
25851.475
26051.47
26372.54
26406.904
26609.926
26404.8
26250.252
25598.543
24932.262
24146.416
23614.697
23433.518
23587.564
23911.947
24175.256
24309.543
24208.896
24030.672
23780.1
23572.77
23410.205
23307.244
23247.797
23219.127
23210.58
23217.832
23243.904
23300.326
23419.182
23650.043
24136.416
25034.729
26960.754
30088.332
36727.742
43578.03
55495.81
49209.727
38179.715
24189.99
30581.85
37789.2
25455.91
29685.246
33678.625
24812.541
32612.303
29378.652
26911.107
31941.162
25513.635
29218.389
26881.086
26435.195
28172.68
25166.469
28071.686
25588.74
26096.523
26576.584
24640.422
26055.287
25114.803
24361.766
25530.64
24306.273
23921.658
24784.764
24124.654
23285.191
23611.416
24078.75
23900.066
23247.09
22883.15
22978.572
23395.625
23982.725
24619.537
25458.414
26294.264
27620.604
28488.512
29523.752
28588.42
27046.92
24368.271
22878.33
23287.15
24567.062
25095.354
24016.201
22959.564
22980.836
23725.38
24142.389
23643.232
22935.305
22598.9
22797.482
23257.277
23598.604
23768.973
23655.828
23487.508
23235.895
23032.31
22841.373
22701.0
22587.273
22504.766
22440.637
22393.85
22358.822
22333.746
22315.277
22301.967
22291.646
22283.752
22277.426
22273.232
22272.23
22276.898
22292.916
22327.88
22403.133
22545.312
22840.666
23390.04
24579.98
26715.732
31527.762
38599.734
53567.07
59553.355
63598.586
33146.633
24174.3
37903.414
28408.582
25880.568
31491.303
24870.527
29518.82
27381.043
26637.387
28620.348
25003.865
28327.396
24802.9
27754.012
25153.797
26473.998
25478.924
25260.672
25770.672
24429.344
25688.785
24120.283
24822.514
24380.76
23705.695
24445.645
23370.953
23478.697
23786.56
22829.557
22854.998
23262.64
22729.71
22137.576
22281.436
22690.625
22864.082
22662.262
22393.238
22172.092
22045.75
21993.643
21970.463
21985.11
22025.465
22125.889
22255.254
22435.945
22561.023
22649.488
22549.805
22366.436
22083.842
21847.219
21707.553
21699.83
21778.176
21883.693
21967.08
21995.535
21996.652
21965.371
21946.383
21934.879
21973.229
22054.955
22247.219
22563.75
23204.773
24197.207
26162.783
28775.963
33767.35
37478.64
42795.35
37472.39
29859.562
22208.361
24568.158
29900.71
25652.67
22210.197
25387.986
25484.693
22565.354
23445.654
24717.295
22887.602
22539.117
23927.02
23241.578
22014.3
22884.115
23430.791
22238.588
21675.486
22363.213
22770.922
22353.549
21576.887
21273.266
21536.666
22075.617
22704.3
23218.064
23880.945
24463.139
25528.342
26408.078
27937.03
28306.162
28676.977
26519.129
24029.521
21679.408
21313.855
22613.965
23604.94
23306.2
21898.225
21195.387
21677.82
22442.355
22632.898
21967.898
21253.637
20966.42
21186.453
21667.404
22089.895
22437.605
22546.293
22673.73
22654.086
22763.299
22779.469
22962.023
23008.957
23197.84
23124.51
23095.014
22702.06
22287.13
21683.176
21179.154
20823.629
20698.662
20774.412
20967.777
21205.613
21400.91
21598.86
21729.77
21945.945
22156.535
22616.328
23177.023
24347.938
25744.941
28529.645
30990.705
35365.6
35352.88
34630.438
27037.896
21530.22
21596.984
25200.506
26273.16
22361.277
21173.217
23642.787
23836.168
21692.049
21096.014
22638.686
23043.59
21401.166
20749.41
21693.014
22327.861
21848.75
20789.309
20386.906
20779.191
21457.219
22065.086
22258.473
22369.666
22209.352
22163.195
22021.697
22050.596
21985.016
22058.129
21988.71
21998.545
21772.45
21549.676
21143.23
20765.219
20392.316
20145.201
20035.488
20055.07
20159.557
20301.963
20467.004
20621.398
20829.36
21056.043
21469.635
21998.414
23041.18
24380.705
27050.484
29777.088
34808.14
36170.688
37475.457
29452.656
22266.424
20457.387
24536.582
26809.867
22234.785
20634.93
23624.02
23404.098
20829.133
21039.184
22699.287
21973.135
20322.846
21052.215
22169.45
21227.793
20052.963
20289.71
21147.922
21393.727
20629.984
19886.01
19630.963
19929.332
20518.213
21143.984
21886.49
22532.637
23546.121
24391.785
25913.703
26512.969
27365.252
25877.809
23970.854
21074.24
19595.932
20090.465
21463.705
22135.234
21103.457
19877.41
19573.688
20234.977
20948.02
20824.535
20206.357
19536.834
19306.814
19521.059
19952.09
20433.389
20767.973
21127.713
21333.66
21724.695
22003.836
22618.285
22997.365
23733.762
23783.395
23909.352
22866.484
21693.738
20189.328
19281.816
19209.01
19776.611
20460.852
20641.398
20400.92
19782.8
19261.76
19006.422
19052.195
19307.002
19650.674
20082.559
20523.25
21229.348
22058.29
23677.113
25545.785
29237.434
32007.354
36644.57
34273.664
30272.21
21820.496
19306.164
23198.957
24767.014
21813.178
19433.605
21857.33
23196.566
20245.043
19800.65
21883.701
21194.35
19425.88
19789.85
20925.867
20547.08
19228.146
19128.79
20010.172
20373.797
19930.998
19107.639
18682.33
18805.02
19272.85
19924.11
20557.484
21402.062
22180.01
23532.402
24614.555
26446.656
26681.059
26847.426
24049.105
21107.148
18858.023
19021.555
20710.502
21389.686
20553.15
19025.322
18734.857
19623.404
20239.031
19974.096
19038.137
18475.232
18602.07
19129.254
19661.71
19836.82
19840.068
19590.22
19370.4
19119.854
18961.418
18832.096
18776.66
18751.826
18795.898
18875.326
19053.822
19283.725
19688.059
20135.467
20878.855
21540.158
22609.215
23138.582
23959.084
23467.053
22870.059
21065.445
19466.754
18355.785
18237.574
18890.904
19663.377
20169.527
19946.77
19459.418
18770.326
18266.357
18005.61
17989.002
18160.068
18474.967
18989.838
19745.584
21191.008
23405.459
28143.16
34150.492
46279.402
49550.54
51023.633
28018.793
18817.277
28503.947
26644.186
19592.354
23479.184
23385.389
19661.715
22891.953
20824.445
20493.043
22085.973
19770.705
21365.188
20835.592
19790.863
21273.443
19803.678
19878.928
20512.951
19188.56
19580.031
19785.51
18791.883
18966.172
19259.918
18620.783
18223.768
18595.422
18741.852
18265.877
17832.3
17816.896
18107.137
18513.52
18874.486
19317.562
19799.48
20718.879
21943.598
24326.074
26763.148
30788.445
31138.312
30278.113
23233.27
18296.37
18928.918
22244.707
22383.906
18756.867
18692.1
21137.848
20155.746
18165.436
18815.512
19965.38
19133.043
17894.375
18458.447
19374.057
18823.592
17828.48
17657.145
18270.215
18841.795
18721.059
18264.062
17731.129
17439.367
17414.918
17601.035
17928.287
18339.668
18901.377
19509.623
20425.328
21191.402
22291.55
22551.66
22749.121
21381.229
19791.748
18056.29
17323.963
17732.844
18619.783
19188.902
18803.986
18038.287
17374.732
17245.441
17576.52
18035.014
18424.348
18530.518
18551.508
18400.14
18316.984
18208.598
18228.352
18282.04
18524.977
18853.129
19531.799
20340.93
21828.262
23177.1
25393.703
25939.05
26424.945
23412.688
20130.105
17473.117
17585.39
19509.914
20318.9
19395.412
17636.285
17283.852
18300.703
19034.416
18774.75
17710.582
17040.277
17146.516
17738.588
18392.379
18694.996
18861.395
18735.857
18707.182
18609.457
18735.014
18891.32
19398.115
19986.137
21187.4
22302.477
24252.967
24982.166
25889.281
23684.223
20979.703
17860.695
16953.627
18280.404
19699.4
19723.926
18074.488
16974.092
17307.914
18283.611
18762.943
18126.697
17251.627
16738.424
16844.793
17360.078
17934.91
18521.438
18907.01
19477.219
19951.34
20968.709
21917.877
23835.934
25054.902
27119.016
26178.47
24621.156
20218.074
17182.709
17088.56
19102.455
20387.875
18827.3
17065.75
17089.242
18333.422
18883.098
17842.543
16809.018
16778.072
17490.764
18118.02
18004.875
17520.074
16899.787
16512.344
16404.182
16531.137
16838.822
17303.287
18065.729
19173.62
21289.389
24184.617
29853.055
34584.426
41836.863
36211.406
27331.232
17330.547
20472.486
26840.922
20369.656
17754.502
22541.965
19877.129
17664.129
20617.508
18924.719
17695.125
19638.111
18250.03
17589.748
18884.355
17899.31
17254.457
18162.777
17748.377
16887.725
17247.064
17584.164
17047.277
16496.678
16668.45
17098.588
17146.717
16866.074
16481.705
16248.613
16204.775
16306.247
16527.203
16861.738
17416.273
18231.793
19715.072
21647.398
25018.125
27527.219
30824.262
28073.723
23630.31
17574.459
16848.91
20382.076
20933.258
18156.148
16612.012
18585.096
19612.865
17400.559
16593.174
18062.98
18318.193
17005.969
16307.205
17099.604
17840.281
17290.262
16385.71
16039.224
16429.732
17085.213
17456.646
17571.9
17336.598
17070.8
16746.492
16506.023
16301.035
16160.121
16051.89
15978.662
15923.514
15885.633
15856.747
15836.389
15819.9795
15808.293
15798.945
15793.632
15791.09
15795.077
15806.513
15834.4375
15885.14
15986.046
16161.996
16509.994
17113.746
18359.738
20438.51
24872.246
30887.594
42941.625
47876.984
51690.64
28531.04
16445.865
25094.26
25436.865
17703.824
20880.867
21776.934
17466.824
20800.172
18808.37
18363.832
20039.973
17626.348
19496.674
18529.287
17932.523
19174.168
17460.428
18221.57
18069.873
17088.463
17919.68
17215.848
16850.29
17380.15
16745.875
16394.438
16795.836
16535.273
15968.342
15976.391
16245.543
16218.757
15867.611
15578.721
15506.033
15641.647
15922.5
16329.191
17004.818
18090.783
20282.71
23700.902
30605.557
37012.363
46080.133
37522.305
24741.045
16018.199
23691.684
27137.25
16974.262
21756.418
24285.576
16846.95
23069.975
20954.867
17918.97
22912.111
17871.33
19657.883
19984.451
17140.348
19932.21
17436.05
18169.898
18765.936
16800.654
18573.773
17529.635
16796.264
18150.875
16806.875
16521.36
17528.143
16565.361
15933.724
16789.459
16763.889
15716.865
15600.783
16292.331
16486.246
16042.803
15443.247
15226.684
15434.199
15873.533
16410.41
16889.275
17456.994
17890.594
18486.28
18693.428
18898.828
18309.768
17499.004
16269.164
15380.404
15138.309
15517.788
16067.853
16224.511
15957.609
15436.895
15098.3545
15098.233
15334.398
15602.281
15712.421
15688.119
15524.418
15345.711
15172.841
15048.92
14967.436
14922.757
14903.568
14902.001
14914.199
14940.108
14984.991
15054.784
15169.422
15336.95
15611.953
15988.843
16611.883
17381.133
18655.365
19925.096
21952.062
22968.934
24252.172
22568.363
20234.457
16713.836
15006.467
15767.273
17448.014
18094.762
16680.871
15241.397
15103.748
16039.109
16815.709
16457.266
15602.385
14901.308
14831.292
15268.668
15844.787
16405.684
16725.486
17101.701
17329.45
17870.404
18366.29
19450.688
20358.21
22032.926
22573.344
23255.496
21228.465
18703.441
15753.698
14778.317
15914.862
17286.139
17379.582
15891.457
14843.286
15128.691
16033.458
16451.988
15841.9795
15026.883
14610.531
14789.949
15308.502
15791.351
16186.84
16327.655
16511.426
16586.578
16896.422
17208.895
17952.555
18693.963
20101.23
21037.367
22475.887
21957.582
20967.775
17902.172
15398.648
14593.28
15694.483
17120.074
16917.691
15689.102
14655.981
14848.753
15729.292
16106.176
15769.602
14972.147
14454.829
14447.084
14818.352
15342.76
15789.713
16273.102
16647.424
17306.21
17982.541
19352.775
20701.602
23194.914
24470.484
26189.879
23638.85
20097.68
15627.969
14614.863
16869.111
18218.02
16973.65
14819.37
15117.626
16714.27
16504.807
15099.922
14528.235
15339.201
16079.979
15584.689
14688.0205
14269.172
14579.468
15203.197
15606.375
15776.365
15607.165
15421.024
15172.685
15032.16
14928.643
14942.167
15018.287
15258.758
15611.141
16285.52
17122.965
18574.145
19909.578
21957.422
22433.506
22691.688
19866.312
16794.67
14440.802
14609.805
16373.537
17119.305
16270.897
14651.284
14259.389
15139.338
15881.688
15754.662
14820.145
14121.065
14080.295
14549.31
15163.19
15550.921
15825.441
15835.102
15927.637
15933.38
16177.312
16426.207
17064.188
17695.79
18908.922
19736.346
21042.826
20767.45
20180.45
17626.56
15275.488
13988.13
14480.299
15823.916
16296.108
15683.163
14462.189
13925.7705
14318.355
15015.739
15416.078
15137.494
14608.6
14059.317
13758.587
13724.696
13899.739
14239.272
14726.762
15536.638
16738.266
19114.53
22541.37
29516.512
35920.336
45940.594
38254.84
25654.734
14376.278
21613.182
26575.691
15588.936
19985.73
23115.809
15228.521
21746.863
19465.643
16474.158
21576.21
16139.405
18465.652
18184.572
15747.667
18538.982
15635.02
17093.777
16978.596
15381.835
17290.477
15556.566
15627.13
16481.111
14846.944
15405.391
15702.61
14484.981
14758.366
15221.179
14430.324
13965.793
14489.175
14744.3125
14178.676
13644.914
13634.2295
14021.865
14522.656
14910.899
15334.294
15727.062
16471.324
17397.78
19196.398
21026.785
23997.223
24655.309
24548.166
19560.555
14978.617
13767.31
16251.066
17923.285
15545.758
13797.887
15076.093
16094.322
14927.421
13745.464
14553.771
15409.996
14552.166
13613.466
13871.72
14588.754
14681.041
13994.428
13426.039
13401.377
13799.686
14288.398
14566.875
14708.414
14633.833
14563.632
14423.065
14360.162
14276.002
14268.684
14235.869
14261.516
14228.398
14220.339
14125.3125
14031.355
13858.41
13690.066
13500.638
13342.971
13215.37
13131.441
13085.667
13071.432
13081.153
13110.809
13163.545
13247.516
13394.102
13637.39
14105.363
14908.917
16558.055
19247.742
24867.094
31693.727
43977.36
43835.97
38029.285
17219.77
16923.734
27400.766
17405.482
16764.86
22264.584
15064.409
19480.96
18645.621
15795.131
20023.008
15316.4795
18059.943
16546.309
15943.801
17442.418
15031.441
17172.617
15425.428
15725.209
16134.498
14632.382
15875.617
14765.564
14742.258
15260.466
14125.334
14581.641
14682.833
13749.628
14038.964
14356.013
13598.77
13279.204
13704.756
13850.977
13495.568
13036.102
12890.822
13078.325
13455.558
13991.75
14681.382
15896.234
17753.545
21552.041
26493.504
35470.61
38419.684
38498.695
21573.496
13307.801
20229.01
20751.277
14366.254
16703.883
18018.195
14198.441
16582.635
15826.217
14425.247
16304.683
14469.091
15143.393
15464.908
14143.457
15361.932
14586.754
14153.006
14985.167
14016.913
13958.484
14469.028
13702.395
13521.993
14001.384
13614.207
13067.81
13308.684
13585.168
13251.842
12814.644
12729.321
12973.382
13295.674
13493.871
13620.501
13657.752
13747.704
13853.542
14120.976
14462.58
15085.992
15706.659
16621.89
16990.318
17224.799
16188.516
14818.165
13269.677
12599.678
12981.822
13769.572
14170.51
13704.837
12977.98
12546.165
12669.888
13099.307
13403.966
13449.908
13189.324
12867.771
12581.683
12420.467
12379.958
12434.428
12561.347
12751.045
13039.939
13446.156
14136.231
15103.105
16834.938
18902.621
22419.137
24624.762
27194.783
23488.441
18231.723
13093.169
13767.588
17370.809
16522.36
13434.752
13356.621
15447.391
15078.879
12999.108
13554.514
14930.6
13909.059
12726.473
13309.806
14076.344
13618.701
12639.035
12567.74
13222.545
13607.309
13431.828
12850.245
12389.635
12224.075
12340.879
12661.769
13124.335
13830.848
14799.428
16570.338
18977.371
23531.008
27646.254
33745.145
30580.951
23956.098
13870.245
14395.205
20437.246
16864.53
12983.824
16266.87
16073.026
13186.327
14872.149
15112.998
13180.06
14243.74
14438.483
13095.681
13705.668
13994.011
12986.4
13111.702
13607.541
13025.583
12560.597
12964.548
13153.166
12638.09
12247.965
12391.94
12720.285
12869.649
12719.701
12483.862
12256.969
12114.296
12041.69
12019.612
12029.408
12069.331
12151.421
12304.159
12593.988
13078.949
13961.104
15222.715
17391.148
19604.29
22856.072
23364.635
22926.355
17701.297
13249.937
12433.129
15001.824
16554.516
14151.555
12308.116
13422.27
14668.283
13814.829
12329.0205
12713.559
13841.33
13543.452
12475.153
12072.374
12644.617
13288.355
13181.247
12638.61
12064.879
11840.083
11975.379
12336.536
12839.978
13403.941
14242.027
15268.07
17159.031
19361.94
23368.812
25964.367
29258.268
24736.383
18292.082
12398.308
14032.96
18207.215
15677.258
12422.92
14188.017
15496.668
13327.456
12679.777
14450.777
13975.434
12378.814
13281.479
14067.768
12731.304
12234.029
13171.543
13273.532
12387.347
11907.233
12361.465
12923.623
12818.024
12319.442
11829.691
11663.923
11811.814
12157.013
12655.377
13266.758
14243.726
15527.007
17906.52
20650.805
25422.537
27498.648
29081.895
21678.496
14233.438
12228.646
16477.867
18027.209
13252.455
13083.876
16214.427
14085.504
12372.184
14401.811
14046.442
12313.094
13149.488
13752.721
12538.781
12241.612
13135.07
12974.794
12000.012
12050.813
12709.308
12627.086
12001.211
11601.861
11777.196
12226.589
12528.135
12637.61
12519.047
12387.401
12234.151
12162.49
12130.736
12200.636
12338.23
12642.549
13058.281
13785.633
14598.75
15872.678
16758.818
17864.771
17395.35
16439.16
14049.012
12122.721
11488.042
12276.592
13411.726
13503.489
12725.986
11722.024
11439.474
11899.408
12490.418
12766.762
12481.587
12011.217
11549.018
11300.313
11275.73
11424.95
11704.874
12091.932
12695.532
13544.248
15116.365
17322.727
21602.93
26034.773
33339.977
32477.586
28170.094
15274.31
12325.591
18930.344
17453.893
12329.467
14673.544
15895.577
12611.254
13778.614
14677.36
12491.433
13465.247
13814.344
12343.134
13124.492
13212.695
12164.482
12656.272
12805.215
11995.872
12072.257
12443.988
12011.568
11557.378
11783.795
12037.297
11764.733
11354.662
11202.039
11351.703
11643.297
11927.887
12256.758
12630.747
13342.178
14454.706
16818.139
20334.732
27438.115
33622.28
42017.027
32267.363
18610.258
11920.872
20256.312
21172.32
12249.08
18646.404
18388.45
12792.672
19213.719
14821.643
14611.306
17275.84
12785.959
15966.764
13896.462
13737.3
15077.912
12697.734
14749.109
13345.398
13131.572
14122.934
12408.555
13323.004
13061.543
12119.926
12979.414
12383.843
11827.66
12435.537
12092.609
11458.473
11719.574
11951.831
11552.761
11110.053
11170.148
11504.609
11698.385
11696.263
11532.22
11375.95
11247.586
11173.975
11135.314
11133.748
11168.375
11268.322
11455.828
11814.995
12354.744
13261.007
14316.498
15866.225
16823.82
17758.336
16625.395
14828.67
12248.153
10966.136
11497.518
12752.263
13262.264
12286.243
11181.823
10966.417
11605.661
12242.258
12122.173
11549.184
10959.465
10774.976
10992.854
11393.656
11816.227
12098.968
12378.068
12548.893
12878.762
13193.821
13857.256
14517.02
15729.906
16584.227
17871.484
17599.773
16915.848
14299.254
11920.782
10794.387
11501.674
12860.227
13034.517
12104.679
11000.409
10910.072
11631.029
12141.674
12016.119
11335.675
10781.179
10649.97
10906.306
11348.738
11763.378
12195.144
12541.695
13114.684
13757.68
15054.168
16562.262
19428.453
21708.943
25122.348
23616.795
20307.697
13429.807
10865.629
13744.223
15503.894
13247.185
11072.91
12927.059
14108.983
11838.291
11347.185
12985.663
12552.145
11135.017
11436.242
12329.523
11911.012
10917.884
11007.234
11727.6
11787.141
11216.2705
10643.608
10587.133
10950.457
11412.948
11849.441
12135.307
12525.662
12930.611
13790.84
14895.686
17112.03
19442.48
23410.31
24507.215
24741.775
18026.0
12030.405
11200.078
14779.969
15751.307
11904.241
11496.464
14088.135
12983.074
11038.49
12143.434
12908.445
11534.002
11033.888
12111.924
12126.86
10970.166
10904.623
11697.773
11668.86
10939.308
10495.415
10767.774
11286.866
11482.828
11355.908
10995.062
10671.832
10441.937
10321.613
10283.312
10300.48
10368.399
10500.211
10754.668
11212.439
12120.856
13651.897
16690.066
20832.932
28327.941
32347.17
35595.727
22969.46
12071.384
13145.582
18899.191
15545.111
11396.724
16466.512
14906.917
11660.457
15849.049
13445.639
12208.292
15080.636
12196.444
12713.42
13835.924
11543.738
12781.09
12657.502
11333.755
12441.562
11934.618
11132.801
11932.886
11565.231
10838.357
11274.838
11387.6875
10753.395
10507.483
10858.795
11042.064
10708.792
10305.702
10153.744
10287.148
10593.707
10981.968
11544.462
12342.669
13924.484
16486.885
21959.895
29025.703
41824.09
42425.055
36073.7
13916.902
15007.845
25375.469
13294.793
16058.22
19558.102
12047.744
19079.469
14012.922
15156.088
15914.989
12710.603
16176.445
12314.372
15555.785
12847.069
14105.606
13449.653
12810.923
13823.338
12124.996
13685.794
12025.804
12861.742
12321.652
11903.092
12496.968
11431.263
12016.942
11696.924
11124.864
11715.717
11151.248
10787.171
11249.091
10924.099
10377.579
10598.367
10844.306
10498.928
10084.932
10046.084
10310.998
10632.56
10846.061
11035.899
11207.43
11565.155
12115.979
13262.295
14959.051
18208.941
21574.43
26504.305
25649.965
21886.754
12911.5625
10479.832
14990.513
15180.584
11220.082
11468.109
13835.921
11939.731
10812.164
12846.484
12010.082
10627.889
12160.211
11943.188
10508.9795
11480.112
11848.974
10517.854
10675.285
11510.571
10860.208
10119.096
10498.189
10980.994
10707.438
10064.634
9878.7705
10205.135
10609.621
10828.684
10744.066
10562.547
10323.112
10137.105
9990.418
9895.666
9830.8125
9791.441
9766.418
9755.127
9753.118
9763.189
9782.996
9818.737
9868.366
9944.611
10042.162
10189.383
10371.384
10652.234
10986.221
11518.778
12109.222
13063.436
13934.681
15278.924
15889.173
16579.328
15398.699
13718.06
11231.982
9805.902
10026.849
11191.672
11950.75
11323.219
10248.094
9707.792
10078.087
10767.328
10963.994
10639.93
10031.252
9634.703
9602.214
9853.38
10237.266
10607.057
11023.224
11410.12
12060.849
12840.233
14363.654
16153.719
19486.193
21969.426
25413.957
22729.32
17891.98
11081.416
10465.616
14455.732
14138.65
10741.531
10698.738
12946.491
11996.949
10131.596
11554.945
12235.909
10407.377
10476.421
11704.619
10886.701
9920.786
10525.34
11028.334
10410.145
9714.792
9945.886
10526.132
10549.596
10112.909
9618.038
9435.92
9577.294
9919.202
10407.366
11013.732
12031.908
13523.578
16543.004
20713.635
28841.629
34213.504
39648.953
25327.305
11759.245
12743.652
19301.318
14243.074
11356.85
16882.635
12453.378
12471.415
14890.029
10959.304
13548.949
12187.98
11591.57
13070.93
10959.167
12574.92
11616.587
11271.456
12169.931
10757.866
11510.447
11233.352
10538.394
11252.099
10582.355
10351.069
10816.82
10224.952
9976.708
10351.597
10105.101
9634.269
9680.723
9922.777
9869.146
9543.17
9305.278
9287.837
9447.08
9716.295
10068.668
10642.65
11567.104
13495.545
16790.238
23912.87
32726.291
47506.24
42509.66
27795.312
10060.723
21035.453
23993.387
10785.758
22370.445
15613.342
15077.138
18361.758
11754.308
17764.504
11635.506
16764.58
12383.154
15087.452
12898.66
13724.34
13417.144
12752.298
13545.439
11957.118
13410.528
11566.19
13129.172
11371.018
12524.228
11367.879
11807.795
11521.8
11076.952
11562.086
10621.942
11156.107
10664.678
10418.262
10758.302
10083.651
10178.521
10299.499
9733.391
9733.649
9946.346
9612.452
9283.8125
9379.939
9569.348
9550.326
9341.418
9149.174
9063.178
9084.358
9190.51
9371.822
9690.986
10253.096
11400.44
13434.228
17610.432
23283.738
32909.08
34747.133
31389.459
14149.857
10708.37
19426.559
14128.182
10563.879
15641.529
11276.316
12207.884
13632.385
10494.396
13594.431
11204.988
11858.676
12250.069
10644.616
12283.137
10599.551
11507.262
11196.038
10551.223
11451.594
10296.76
10789.605
10680.475
10009.717
10580.51
10082.6455
9791.779
10189.814
9747.171
9452.888
9749.406
9615.327
9199.079
9158.446
9364.616
9385.336
9147.977
8926.567
8867.464
8963.932
9154.818
9397.609
9741.97
10230.16
11129.453
12545.896
15323.2295
18987.223
25329.979
28300.055
29541.773
18438.86
9763.377
11817.536
16139.383
12521.99
9877.21
13945.054
12136.139
10039.481
13179.841
11066.511
10435.95
12429.329
10219.928
10754.345
11474.155
9799.48
10731.377
10648.197
9626.623
10432.843
10143.353
9443.909
9999.527
9877.551
9241.237
9439.267
9678.29
9280.398
8932.914
9113.428
9359.507
9236.111
8930.483
8720.467
8728.594
8897.453
9130.191
9407.977
9713.28
10183.064
10821.625
11993.838
13551.376
16320.361
18852.469
22297.773
21120.545
17762.04
11109.653
8976.768
12080.504
13227.76
10521.171
9210.086
11364.759
11492.309
9292.695
9980.68
11202.085
9722.961
9212.865
10370.5205
10046.255
9025.489
9324.181
9923.223
9506.719
8829.831
8994.476
9503.071
9454.225
8987.823
8624.701
8666.509
8974.141
9273.559
9469.326
9494.559
9487.192
9428.381
9434.41
9459.462
9600.971
9796.445
10182.453
10631.234
11372.879
12032.992
12964.701
13238.758
13369.702
12222.359
10777.649
9200.1875
8517.978
8895.82
9698.48
10133.934
9701.92
8972.134
8500.292
8589.427
9016.933
9349.0
9416.999
9162.73
8832.647
8539.239
8380.454
8354.541
8431.984
8588.97
8817.747
9175.777
9704.872
10671.429
12152.926
15052.223
18876.047
25837.797
29696.803
32705.883
20723.979
10051.688
11139.273
16591.09
12896.817
9570.573
14376.922
11957.849
10031.775
13530.298
10448.862
10839.064
12178.7705
9653.708
11303.658
10612.028
9766.347
11028.7
9669.918
10057.706
10415.686
9317.87
10012.932
9910.04
9090.643
9683.907
9626.923
8859.851
9131.844
9448.843
8895.143
8518.236
8791.235
9054.439
8913.891
8519.964
8262.763
8251.236
8435.41
8760.3125
9224.473
10048.56
11465.001
14582.963
20014.152
32136.639
44927.836
62796.61
38147.754
11864.382
16621.82
22057.627
10875.623
16712.598
13508.858
12778.413
15160.604
11406.982
15361.066
10948.833
14641.23
11079.827
14069.18
11300.782
13228.53
11395.429
12494.289
11557.126
11852.703
11557.495
11297.205
11500.34
10844.483
11358.226
10442.615
11083.427
10183.763
10709.45
10083.59
10200.084
10064.4375
9689.859
9949.073
9398.175
9553.807
9389.318
9050.876
9225.371
8969.252
8709.894
8846.732
8703.0
8392.374
8392.377
8485.71
8378.316
8171.404
8054.713
8081.332
8206.481
8374.101
8615.744
8975.105
9682.674
10997.665
13970.147
19293.91
30894.94
42752.84
57951.246
34846.35
11009.203
15892.229
21004.75
10283.284
15891.148
12840.861
12105.813
14328.805
10840.084
14496.742
10426.304
13836.706
10574.806
13292.041
10804.401
12539.852
10880.848
11902.415
11015.3
11326.389
11030.659
10811.431
10999.401
10402.053
10869.826
10042.441
10614.693
9810.017
10263.803
9724.467
9787.047
9714.8125
9321.116
9587.313
9089.758
9177.644
9102.337
8733.61
8884.133
8715.763
8418.121
8518.941
8467.779
8172.105
8099.0503
8202.015
8171.1357
8009.821
7868.2065
7846.4375
7924.9946
8054.5645
8226.544
8452.365
8835.145
9475.151
10782.908
13011.869
17569.07
23427.496
33121.37
33624.37
28121.68
11288.443
10629.206
19171.242
11540.634
10379.392
15055.973
9291.989
12565.898
11935.886
9840.314
12895.084
9383.04
11696.03
10162.71
10284.908
10916.024
9440.41
10995.244
9341.763
10273.489
9724.06
9408.597
9999.734
8980.989
9700.116
9180.4
8936.608
9376.68
8664.0625
8798.488
8941.797
8363.648
8471.776
8616.417
8188.1836
8043.7534
8266.77
8211.32
7879.314
7751.836
7893.9844
8043.8916
8058.9614
7943.14
7809.8833
7705.983
7649.006
7627.1455
7626.8374
7642.119
7675.0737
7741.257
7867.9062
8119.4746
8570.118
9428.375
10761.335
13123.405
15799.404
19724.803
20524.479
19626.46
12964.342
8155.3115
9059.616
12126.454
11337.795
8155.831
9266.047
11064.281
8935.074
8265.283
9928.787
9212.153
8036.512
8933.053
9168.96
8149.3706
8157.064
8825.13
8493.41
7831.292
8071.831
8505.66
8213.82
7711.85
7654.826
7966.866
8192.402
8075.677
7798.4243
7540.2163
7423.4434
7447.261
7574.5117
7790.828
8108.0347
8651.229
9530.145
11288.506
14127.391
19955.264
26885.291
38305.805
35892.44
25852.432
8895.322
14215.961
20896.43
9086.224
14793.395
15232.954
9513.422
16119.029
9890.235
12973.805
11469.873
10582.622
12427.491
9604.814
12475.057
9399.128
11620.211
9681.259
10674.8545
10174.297
9780.625
10425.266
9145.618
10253.254
8991.542
9733.1455
9206.723
8987.174
9374.028
8542.609
8998.9375
8670.776
8315.879
8695.716
8203.322
8073.4663
8329.459
7945.481
7721.9
7928.395
7858.1396
7535.5317
7413.6196
7548.092
7674.1333
7626.635
7494.814
7356.7207
7271.795
7235.2705
7233.6196
7253.992
7299.4863
7393.693
7598.923
8078.92
9135.549
11634.822
16492.479
27293.98
39979.31
58261.066
39039.805
13282.529
13079.84
22516.656
10865.835
14704.551
14062.085
10531.779
14883.479
9705.287
14643.666
9729.058
13581.6045
10039.68
12778.716
10398.662
11945.943
10480.059
11268.791
10621.35
10703.799
10608.787
10185.911
10515.631
9787.545
10337.579
9435.074
10077.347
9195.4795
9765.463
9064.953
9330.73
9010.624
8851.38
8961.135
8472.687
8753.845
8336.753
8313.049
8331.2705
7954.0605
8038.8105
7942.656
7639.0767
7688.4683
7660.188
7407.287
7304.181
7369.952
7355.7817
7206.627
7072.0894
7037.6943
7091.737
7196.5396
7334.6216
7549.9473
7909.727
8666.692
10165.904
13683.559
20269.457
35170.63
50326.93
68491.1
32955.758
8055.016
22573.049
15111.439
11773.461
16867.012
10219.26
16303.798
10131.699
15079.757
10296.92
14051.424
10932.955
13065.256
10956.201
12517.301
10926.775
11934.396
10894.949
11402.673
10809.68
11086.557
10575.764
10659.447
10459.697
10227.934
10267.196
9875.576
10030.939
9577.205
9818.768
9250.693
9593.355
8973.038
9309.6
8758.336
8955.47
8615.663
8578.522
8516.081
8229.233
8355.49
8001.6665
8035.2456
7919.666
7675.7593
7735.6865
7552.3027
7382.189
7400.902
7302.1553
7113.4004
7078.319
7092.4395
7028.5664
6903.378
6840.433
6845.9395
6900.677
6964.716
7034.6943
7129.356
7280.635
7572.875
8123.0312
9320.838
11568.172
16465.605
23772.621
37359.7
41551.164
38223.867
12405.258
11154.275
22555.832
9410.485
14116.967
14903.562
9571.906
15593.61
8959.345
13647.493
9559.533
12241.043
10349.682
11086.169
10631.292
10137.215
10789.123
9583.052
10751.803
9142.862
10520.014
8937.698
10242.898
8785.278
9813.346
8707.032
9356.565
8723.524
8837.092
8744.565
8352.43
8682.534
8051.905
8419.386
8003.0767
7940.5166
8038.9717
7578.0347
7777.013
7588.4824
7318.9004
7476.2524
7284.053
7049.427
7137.3687
7104.244
6872.295
6776.746
6855.2217
6887.2812
6790.551
6661.8936
6592.17
6599.401
6666.7656
6769.6543
6926.7524
7167.302
7621.2627
8439.477
10182.443
13267.181
19786.713
28017.154
41335.6
37648.65
24220.574
7307.9795
16901.584
19888.344
7731.659
17975.277
11783.317
11706.678
13968.068
8880.443
13684.18
8637.017
13039.893
8969.643
11859.997
9259.91
10890.89
9648.98
10056.012
9795.731
9360.555
9854.718
8914.759
9772.731
8536.162
9533.247
8326.604
9214.3
8255.019
8732.941
8282.679
8211.006
8325.498
7799.847
8184.363
7662.6465
7744.9453
7728.5176
7317.287
7551.7188
7296.7354
7079.6914
7247.3
7020.1543
6813.4307
6913.68
6876.145
6645.546
6557.538
6639.0596
6684.1494
6597.537
6473.2744
6392.5757
6384.9087
6434.7407
6523.6914
6662.496
6880.342
7287.992
8027.546
9599.752
12421.663
18430.23
26469.908
40177.3
39198.64
28383.062
7852.155
15278.834
21154.723
7553.2046
17395.754
12449.2295
11144.791
14390.648
8609.745
13754.512
8511.266
12993.598
8911.344
11804.895
9191.218
10823.2705
9561.624
9996.924
9674.99
9317.954
9712.299
8878.71
9618.907
8473.319
9413.672
8217.415
9143.56
8072.568
8719.393
8046.0757
8237.023
8098.0854
7770.6846
8061.2344
7476.7715
7770.7725
7454.761
7307.1196
7468.505
7046.2456
7137.291
7115.589
6776.723
6855.744
6863.681
6582.0903
6516.4453
6628.8037
6550.749
6354.1255
6271.5103
6332.0215
6425.7266
6456.533
6436.717
6385.096
6346.166
6321.5615
6324.709
6356.4297
6448.2915
6642.4863
7075.7256
7939.377
9843.758
13281.846
20506.748
29219.262
42499.285
35648.824
19310.488
6891.4067
18326.453
16823.021
7896.8066
17650.387
9464.306
12334.461
11540.969
9290.834
12285.354
8461.77
12218.3
8242.705
11434.527
8362.506
10709.268
8642.908
9901.914
8804.927
9221.977
8960.265
8679.223
8968.351
8199.08
8872.952
7889.9165
8675.441
7718.668
8295.284
7698.608
7827.6455
7757.572
7389.25
7689.2617
7181.277
7332.1294
7223.506
6904.1475
7119.393
6829.5176
6687.9316
6826.449
6577.3457
6424.946
6524.723
6452.476
6236.826
6184.4585
6262.2617
6281.2324
6178.1694
6061.5684
5996.4004
6003.044
6058.686
6152.432
6299.625
6545.0146
7029.693
7964.511
10072.343
14093.816
23225.893
35687.992
56845.56
47009.66
22015.693
8266.774
25180.398
14349.66
12977.126
17197.082
8925.169
15963.592
8723.158
15070.918
8857.572
13877.228
9078.867
12922.357
9465.902
11991.781
9341.684
11397.308
9351.692
10771.807
9320.861
10265.258
9229.668
9853.581
9036.68
9407.547
8934.675
8973.257
8795.218
8599.803
8639.46
8298.685
8465.482
7984.2124
8271.455
7715.325
8046.974
7508.224
7758.671
7378.2666
7423.362
7300.9595
7090.7305
7179.7104
6873.379
6909.677
6807.6494
6595.287
6660.891
6501.754
6348.32
6394.1304
6282.339
6129.5107
6113.461
6127.776
6037.3433
5926.642
5889.525
5918.419
5948.462
5958.7446
5944.33
5929.1445
5919.8184
5930.663
5968.5586
6064.338
6268.926
6736.572
7727.334
10046.16
14569.648
24809.908
38129.863
59127.758
43573.24
15759.774
10418.707
23383.453
10403.136
13952.994
13192.531
9664.871
13851.122
8682.341
13706.467
8308.605
12922.617
8527.83
12245.618
8676.826
11483.504
8593.823
10988.684
8606.584
10406.512
8612.392
9971.55
8531.471
9550.291
8397.645
9135.562
8320.695
8715.482
8214.693
8354.531
8110.206
8037.629
7978.3784
7714.191
7834.5747
7431.3706
7661.615
7205.6387
7425.2803
7062.8276
7126.17
6984.239
6812.4375
6871.978
6609.6313
6615.73
6548.286
6338.9395
6382.8296
6276.0674
6108.664
6127.5757
6074.893
5930.9116
5868.5
5891.2095
5860.0425
5767.9277
5692.1484
5678.842
5701.868
5739.2935
5769.169
5805.1294
5852.7495
5951.473
6137.837
6545.924
7366.678
9258.166
12985.939
21615.008
34228.9
56901.426
51382.258
28142.44
7018.961
26559.307
16696.934
12897.252
18710.129
8983.453
16571.727
8888.575
15605.9375
8652.988
14615.932
8755.977
13570.299
9189.687
12600.398
8921.8545
12080.046
8933.986
11272.042
8965.244
10834.259
8773.442
10385.649
8685.088
9855.935
8588.913
9465.854
8348.626
9159.653
8208.316
8784.324
8075.79
8454.65
7901.991
8146.5664
7718.514
7835.956
7582.405
7523.1
7455.083
7226.6714
7311.3066
6982.089
7125.3374
6804.324
6871.4634
6697.593
6582.805
6601.8057
6364.3213
6398.9546
6282.413
6135.241
6152.9585
6046.2554
5908.146
5922.0874
5868.592
5737.8267
5687.1904
5702.971
5666.712
5587.239
5521.033
5506.8145
5526.2715
5554.753
5582.3696
5610.628
5655.224
5732.513
5894.628
6213.922
6919.9434
8346.508
11660.009
17822.967
31528.992
45927.566
63666.465
32853.402
6766.61
18740.887
14751.867
8779.88
14565.775
8353.719
13055.758
8908.469
11758.488
8926.083
11198.434
9123.137
10608.432
9247.083
9959.072
9188.523
9646.73
8913.646
9316.007
8903.426
8950.737
8763.603
8682.856
8532.72
8439.916
8352.831
8105.8633
8217.934
7828.2456
8052.2974
7603.074
7853.1553
7400.521
7646.038
7187.147
7424.7437
7010.7866
7189.4316
6878.479
6922.0005
6770.465
6651.559
6652.931
6436.2803
6467.3457
6317.2974
6216.914
6222.709
6040.297
6011.7476
5976.221
5816.286
5791.0483
5762.022
5652.7495
5572.8325
5576.1606
5543.5664
5463.7837
5397.9673
5386.1587
5394.929
5402.3223
5390.3955
5373.363
5354.557
5344.7627
5342.1343
5353.523
5384.5176
5461.1807
5632.079
6037.5127
6942.1885
9149.643
13804.835
25063.916
41807.906
71545.17
56009.688
20544.361
11390.134
27678.59
9954.393
17232.48
12189.355
12346.861
13832.052
10594.529
13390.211
10394.221
12395.436
10508.718
12042.108
10066.036
11255.623
10236.009
10587.625
9843.828
10329.15
9822.827
9783.43
9608.029
9568.902
9326.607
9182.693
9158.223
8892.721
8848.01
8671.206
8611.145
8400.344
8393.474
8187.977
8074.9062
8012.8467
7809.7075
7793.5547
7588.7324
7583.6426
7367.518
7394.8574
7134.0806
7208.2603
6922.685
7004.2666
6738.367
6782.7656
6587.855
6554.1167
6461.8555
6330.2764
6325.4062
6147.008
6141.703
6029.8696
5929.527
5910.2163
5789.393
5718.79
5692.747
5589.6875
5517.439
5496.3286
5437.544
5357.3003
5314.5684
5303.2773
5275.8354
5231.8125
5187.373
5163.94
5156.483
5164.01
5175.7666
5198.9033
5234.523
5306.212
5443.9224
5750.123
6402.298
7958.2983
11266.469
19403.725
33477.18
62799.33
67500.13
48963.18
6420.0073
33679.523
21648.799
17221.17
20615.594
12041.4
19494.803
9476.037
19814.467
8978.679
16786.303
10451.443
15798.076
9909.114
14015.291
11070.871
12798.766
10535.84
11828.249
11222.3125
11075.354
10794.891
10454.027
11057.861
9976.287
10590.392
9563.689
10519.208
9279.673
9988.4795
9065.848
9832.605
8805.912
9407.833
8678.809
9125.437
8387.854
8799.546
8270.641
8447.359
8039.721
8245.476
7801.6235
7977.9434
7641.4316
7708.643
7433.0557
7495.3276
7213.1426
7280.9834
7030.229
7050.195
6865.1797
6829.9824
6697.4126
6629.1616
6528.9707
6437.571
6370.362
6254.0713
6215.431
6085.764
6049.5713
5945.2896
5868.582
5819.0093
5708.871
5666.5703
5596.6016
5509.951
5467.289
5411.0527
5334.0435
5287.1797
5255.175
5197.7007
5146.3936
5112.962
5095.605
5070.306
5041.537
5012.434
4994.7886
4983.7935
4982.0366
4983.4805
4991.807
5006.8716
5040.0723
5107.0854
5256.7217
5580.357
6344.1587
8022.96
12144.906
20288.68
39310.008
58829.047
80563.17
29616.762
7795.8213
28461.195
8418.24
18528.248
12385.851
12566.988
14134.451
9671.247
13640.28
10713.694
11748.679
10679.533
11801.624
10554.815
10473.379
10829.88
10215.567
10243.729
9719.738
10498.017
9360.056
10021.588
9182.248
9981.95
8811.477
9584.275
8725.543
9326.289
8381.009
9055.103
8332.669
8689.903
8115.051
8514.011
7883.6836
8201.939
7757.9297
7933.552
7533.6245
7733.9224
7339.2227
7474.2036
7201.013
7222.409
7026.6587
7020.485
6827.453
6834.9727
6653.9717
6639.04
6502.039
6435.494
6358.739
6240.8696
6210.897
6065.3027
6050.117
5918.37
5874.712
5795.8125
5702.787
5665.5557
5567.2656
5507.2085
5456.781
5371.3423
5315.1914
5275.637
5197.2827
5145.976
5109.556
5065.6763
5006.95
4970.5034
4947.3755
4924.309
4892.903
4863.3936
4841.0
4828.8735
4823.6924
4823.5293
4827.786
4838.41
4860.931
4908.688
5010.0845
5239.275
5747.508
6980.0005
9706.537
16561.107
29473.64
58683.79
73528.27
70657.25
8914.559
31921.96
28710.229
16670.477
23474.133
13097.121
20713.908
9462.336
21832.941
9156.968
17604.809
10611.15
17068.695
10476.648
14121.436
11564.313
13477.51
11671.009
11533.674
11919.691
11183.027
12227.984
10291.751
11708.409
10036.411
11731.047
9816.672
10965.778
9563.668
10716.262
9597.451
10111.924
9366.779
9764.162
9373.912
9309.785
9075.476
9017.876
8962.045
8656.791
8689.0
8441.224
8492.506
8131.5854
8247.359
7965.2266
7971.4795
7718.9375
7782.247
7492.9756
7537.806
7322.0264
7313.095
7113.7144
7122.0527
6915.715
6912.8066
6749.571
6700.582
6586.4766
6511.169
6416.467
6339.2036
6251.5674
6172.09
6095.614
6005.513
5947.585
5847.238
5799.82
5703.7725
5647.812
5574.279
5500.012
5444.8765
5373.2573
5307.2773
5260.038
5187.531
5135.4585
5088.7397
5030.083
4978.8867
4941.084
4898.7324
4853.0654
4817.216
4789.9473
4765.146
4737.121
4712.6406
4692.308
4679.302
4669.7466
4664.1978
4659.937
4659.0874
4661.267
4670.8013
4693.795
4746.5107
4866.989
5136.926
5783.5522
7239.684
10875.31
18405.09
36788.91
59118.594
90507.03
40545.426
6029.537
27200.273
10351.819
15802.402
13516.73
11036.049
14897.961
8417.465
14120.824
9664.114
12135.928
9747.157
12017.197
9953.384
10484.803
10202.22
10255.412
9843.598
9500.008
10121.177
9288.228
9739.889
8875.477
9779.814
8684.196
9341.2295
8439.348
9193.809
8210.514
8789.125
8137.083
8598.902
7878.6377
8316.978
7782.069
8018.0024
7563.4824
7815.458
7384.7485
7529.75
7250.703
7309.6313
7045.7656
7139.169
6852.616
6926.4927
6696.106
6719.9526
6532.2153
6542.458
6360.008
6371.082
6201.3467
6192.5
6059.8984
6011.7373
5927.5366
5839.3916
5795.7456
5684.4106
5657.829
5550.8545
5507.501
5434.6353
5357.6465
5316.4517
5233.068
5181.045
5129.1025
5059.002
5008.61
4966.2354
4900.6924
4855.8984
4818.4595
4772.8696
4723.312
4692.168
4664.493
4634.0806
4599.9077
4573.46
4554.95
4542.9004
4532.2065
4522.592
4513.381
4505.852
4500.7256
4498.953
4502.474
4515.893
4550.2095
4632.948
4825.822
5299.509
6408.4004
9254.164
15565.977
31828.18
56271.332
99888.76
61080.4
10369.352
22928.6
18410.236
11645.664
16714.723
9818.541
16820.715
7603.537
16110.846
8449.375
14065.241
8741.223
13726.8
9073.842
12093.993
9283.302
11666.997
9307.525
10591.369
9533.622
10301.986
9579.8545
9528.011
9559.476
9335.803
9460.6045
8786.588
9221.33
8626.444
9007.361
8299.025
8812.238
8185.1025
8517.127
7917.3296
8294.869
7771.4727
7977.578
7575.7197
7780.4077
7368.724
7535.483
7229.853
7310.219
7029.851
7111.769
6847.0225
6889.407
6695.819
6687.137
6525.26
6517.002
6350.617
6350.0005
6193.386
6175.827
6048.034
6004.288
5907.9487
5843.235
5771.9756
5691.3047
5636.3066
5547.821
5499.2793
5418.2993
5359.6597
5301.4507
5224.293
5183.947
5107.917
5056.9385
5006.575
4939.589
4894.674
4845.9307
4788.6934
4744.698
4706.7275
4657.5996
4615.568
4582.885
4551.6567
4514.533
4483.3438
4458.726
4440.354
4421.414
4403.006
4385.158
4370.8857
4359.2935
4351.128
4344.8623
4340.9233
4338.8096
4340.258
4347.706
4369.107
4421.368
4549.9033
4855.835
5627.8154
7453.16
12235.689
22463.857
48303.41
75964.3
107503.234
27844.977
16434.893
35556.438
11562.05
23589.168
14433.217
17213.123
11135.13
19742.16
9595.531
16319.694
9999.963
16987.652
9713.499
14311.444
9964.735
14325.483
10482.347
12524.137
10330.858
11756.483
11181.719
11183.008
11023.088
10195.745
11036.949
10068.966
10967.856
9564.138
10453.185
9400.574
10274.333
9353.197
9768.01
9090.689
9461.911
9076.274
9092.406
8787.53
8741.417
8686.4375
8494.378
8403.859
8209.47
8251.373
7988.7056
7980.556
7757.466
7796.8936
7534.2954
7533.422
7358.773
7340.068
7134.79
7143.1113
6963.9893
6925.529
6781.402
6748.0547
6591.547
6563.696
6430.8955
6374.968
6275.7534
6207.544
6112.578
6052.914
5955.3647
5899.432
5810.8745
5747.2124
5674.8486
5600.5527
5542.01
5462.2266
5410.8013
5333.369
5280.504
5213.3154
5153.218
5098.872
5034.025
4985.0444
4926.0615
4872.1987
4823.3086
4770.2925
4720.1885
4677.1504
4628.1797
4584.4136
4545.2515
4505.588
4466.038
4431.964
4401.4443
4370.7974
4341.935
4316.4644
4295.5576
4276.616
4259.698
4243.6
4229.957
4217.913
4208.3447
4200.081
4193.544
4187.775
4183.3096
4179.7686
4178.4453
4181.066
4193.337
4228.334
4318.3633
4549.6396
5120.467
6618.299
10192.506
19799.479
38494.99
82121.89
91699.414
66563.445
6458.9707
50734.93
19028.621
27396.479
19720.338
15684.666
21975.938
15624.218
15236.648
16583.45
14354.1
17373.977
10650.951
16852.072
10690.059
16668.637
10055.944
14871.262
10296.178
13673.934
11323.105
12124.635
11567.3545
10921.131
12032.02
10364.566
11880.799
9798.629
11269.002
9741.553
10852.2295
9785.802
10156.306
9667.596
9647.587
9696.236
9279.951
9475.603
8855.564
9213.751
8647.336
8948.892
8414.796
8642.509
8240.438
8348.563
8046.404
8064.6865
7883.8936
7802.154
7661.2925
7556.728
7487.5327
7337.7812
7287.303
7136.978
7094.414
6930.8945
6904.4995
6757.046
6711.604
6580.5234
6535.8105
6405.6025
6368.31
6248.5005
6201.6504
6094.0786
6041.985
5942.0806
5891.927
5798.687
5745.5273
5662.4697
5602.5977
5532.614
5466.582
5407.604
5337.0654
5284.74
5214.1587
5164.9414
5099.599
5047.587
4991.4814
4933.933
4886.207
4828.453
4781.438
4731.7183
4680.7065
4636.9946
4590.443
4544.436
4504.6064
4463.1143
4421.4746
4385.622
4350.379
4315.021
4282.289
4253.851
4226.3755
4199.593
4174.9463
4153.853
4135.2583
4118.436
4102.728
4088.5435
4076.0454
4065.3364
4056.214
4048.4285
4041.7483
4036.005
4031.1843
4027.5728
4025.9365
4028.3403
4039.9224
4072.7034
4158.027
4368.823
4910.2603
6229.9375
9740.25
17703.88
38763.86
68733.016
118657.79
53539.016
6083.0625
32317.893
10218.394
18750.484
15095.537
11159.104
16089.729
11483.496
11893.486
12447.946
11905.496
12089.044
9873.956
12556.514
10141.338
12180.15
8838.508
11615.775
9292.796
11560.744
9080.316
10543.488
9227.178
10337.568
9464.91
9596.846
9258.629
9198.327
9373.361
8857.935
9076.051
8519.629
9000.96
8407.383
8674.671
8100.45
8455.616
8014.241
8170.576
7768.5317
7913.484
7656.1265
7658.6724
7446.092
7464.5264
7294.349
7209.3413
7100.6436
7035.047
6922.193
6818.034
6760.711
6645.0576
6563.9033
6486.442
6405.1675
6305.23
6247.0586
6147.158
6079.718
6002.837
5927.557
5852.1274
5786.048
5706.684
5644.5205
5574.8457
5504.1567
5448.9155
5370.2773
5324.6763
5246.8584
5202.051
5131.4814
5081.0615
5021.202
4963.842
4914.868
4853.805
4809.561
4752.16
4704.823
4656.84
4605.6978
4562.463
4515.798
4469.767
4429.3164
4386.8916
4344.4224
4308.5234
4270.1494
4233.128
4199.342
4168.5034
4136.4824
4106.815
4080.3633
4056.4114
4032.9202
4010.8398
3991.0417
3973.9727
3959.091
3945.6428
3933.5103
3922.4368
3912.6794
3903.9233
3896.3296
3889.4824
3883.535
3878.165
3873.7231
3870.5125
3870.099
3875.8303
3897.042
3955.9443
4114.151
4520.181
5616.7744
8370.413
16054.92
32763.947
75927.984
104436.94
109788.35
7180.8945
59627.957
28394.16
33618.258
25437.87
15788.078
28576.656
18870.04
17546.834
18014.424
15321.805
21773.31
12623.213
19786.148
10915.295
17976.184
12627.642
15668.394
14325.863
13391.194
15213.638
11795.012
14754.845
11433.227
13785.301
12429.608
12792.639
13056.463
11610.48
12708.48
11038.571
12249.249
11283.039
11689.891
11396.156
10921.633
11192.305
10431.876
10954.909
10260.994
10602.717
10141.157
10136.778
9945.7705
9695.806
9750.586
9410.113
9535.503
9154.385
9208.162
8900.09
8924.1045
8737.403
8655.542
8510.516
8352.275
8291.403
8133.0244
8083.788
7891.718
7852.3213
7689.9053
7641.229
7480.152
7419.251
7297.146
7220.5093
7097.0635
7017.8364
6923.066
6831.3726
6740.8906
6653.8574
6571.6475
6476.1777
6404.234
6316.7593
6240.0967
6158.015
6087.46
6003.5903
5938.76
5860.2275
5793.869
5720.837
5656.0435
5585.027
5524.441
5455.9663
5396.6743
5332.8765
5273.1465
5214.704
5155.365
5100.64
5042.7495
4990.3457
4934.8066
4884.1006
4831.533
4782.0
4732.5093
4683.765
4637.3228
4590.004
4545.5903
4500.996
4457.471
4415.9556
4374.0327
4334.381
4295.4985
4257.291
4220.718
4185.4814
4150.786
4117.919
4086.5212
4056.0967
4027.066
3999.8179
3974.086
3949.52
3926.6003
3905.343
3885.787
3867.5842
3850.824
3835.4465
3821.6196
3809.0996
3797.916
3787.7864
3778.6924
3770.411
3762.9622
3756.1514
3749.9343
3744.271
3739.1711
3734.769
3731.5889
3730.8057
3735.4307
3752.5388
3800.175
3921.2715
4233.6997
5006.267
7058.751
11933.688
25181.367
49351.01
102826.016
90547.34
37812.227
13634.395
40644.25
10368.895
24030.672
12594.947
18771.533
10599.877
19526.15
8274.732
17457.934
8623.262
16879.607
8700.864
14516.02
9151.242
13192.386
10054.585
11199.45
10419.934
10084.826
11061.026
9194.782
10903.865
8721.02
10696.363
8727.565
10106.604
8560.139
9404.481
8725.662
8955.25
8716.453
8404.705
8609.31
8121.433
8492.203
7829.931
8216.855
7633.3955
7967.484
7456.962
7673.118
7338.4927
7439.024
7167.023
7174.374
7037.8384
6962.6133
6862.8423
6745.218
6708.9976
6555.2017
6529.8687
6397.742
6373.167
6223.2915
6213.481
6072.3164
6050.354
5927.395
5902.1953
5780.555
5756.081
5648.469
5612.644
5523.0293
5478.0586
5395.087
5351.4097
5272.1494
5229.847
5157.149
5110.7266
5047.371
4995.636
4941.5454
4886.0386
4838.751
4781.5073
4738.1167
4682.724
4640.1006
4590.083
4544.38
4501.5923
4452.834
4414.3843
4368.146
4327.8022
4288.7065
4245.5977
4209.6724
4171.007
4132.7754
4098.6978
4063.601
4028.0881
3996.9937
3965.6
3933.7986
3904.9102
3877.9531
3850.7688
3824.3691
3800.647
3778.6184
3757.187
3736.3484
3717.2944
3700.0796
3684.5266
3669.8225
3655.9976
3642.9067
3630.874
3619.7388
3609.5479
3600.1023
3591.2551
3582.8892
3574.9492
3567.4092
3560.4731
3554.6938
3551.3997
3554.209
3571.913
3628.584
3784.5776
4217.4526
5364.6646
8659.352
16961.105
41011.61
81013.88
157042.39
67592.56
7388.0986
38681.68
12878.162
19781.502
19039.957
14793.518
11897.617
18149.246
11970.625
15855.4
8742.347
15972.99
10606.199
15285.092
9972.771
13146.633
10784.096
12262.1875
11797.094
10790.404
11786.336
10106.392
12020.193
10215.23
11587.729
10120.33
10752.634
10279.812
10219.29
10341.557
9665.414
10112.761
9366.317
9952.075
9293.404
9591.599
9095.234
9149.625
8969.567
8866.652
8833.0
8533.239
8576.632
8272.595
8385.184
8102.034
8149.5146
7880.3276
7879.618
7688.823
7652.151
7511.1025
7425.9204
7319.701
7207.0205
7130.2285
7016.9736
6959.6763
6830.299
6768.825
6643.709
6592.481
6475.89
6421.4697
6313.646
6255.036
6152.084
6096.8916
6004.008
5944.556
5855.996
5795.8506
5712.6265
5654.634
5578.988
5519.8213
5447.675
5389.7764
5320.5176
5265.8325
5199.846
5146.0327
5083.0845
5030.113
4971.0737
4919.8633
4863.929
4813.446
4760.2827
4710.435
4660.801
4611.758
4565.195
4516.9653
4472.392
4426.174
4382.756
4339.3364
4296.3296
4255.36
4213.5703
4173.943
4134.7456
4095.8333
4058.7046
4021.5803
3985.2925
3950.579
3915.949
3882.3755
3850.1052
3818.33
3787.378
3757.882
3729.2148
3701.2444
3674.4446
3648.9236
3624.3174
3600.6233
3578.068
3556.7295
3536.5183
3517.2498
3498.9795
3481.696
3465.4482
3450.2004
3435.8909
3422.4275
3409.7808
3397.8784
3386.6804
3376.1877
3366.3909
3357.3213
3349.1584
3342.333
3337.9258
3338.7856
3351.6216
3395.2405
3516.7031
3854.8027
4756.492
7352.3926
14054.42
33897.836
71044.664
152507.88
92189.16
11469.672
34211.69
17888.781
17122.553
22847.328
8237.246
21427.516
11248.015
16484.47
10292.85
14360.793
12829.318
12861.092
12440.279
10551.973
13221.23
10108.75
13103.439
9248.666
12269.517
9537.306
11801.651
10207.321
10804.016
10304.572
9896.578
10468.293
9439.237
10331.257
9076.437
9942.661
9008.122
9622.023
9005.282
9147.599
8882.666
8739.226
8791.611
8452.708
8586.009
8140.2095
8342.12
7966.2393
8139.3174
7797.8726
7855.879
7596.481
7609.031
7443.7915
7381.1826
7257.025
7149.5366
7077.2295
6952.08
6903.5625
6770.331
6726.8926
6582.1733
6542.0796
6412.797
6375.293
6248.304
6202.8696
6089.8594
6041.8906
5937.5713
5890.039
5791.123
5736.2954
5645.4106
5592.141
5507.383
5453.8677
5374.461
5318.3643
5244.8384
5190.574
5120.0225
5066.841
4998.648
4945.7915
4882.333
4830.1514
4770.606
4718.4004
4661.815
4610.1035
4557.2236
4505.8774
4456.119
4404.907
4357.8604
4308.05
4262.7056
4215.211
4170.0684
4125.434
4080.5718
4038.5137
3995.0435
3953.8074
3912.9395
3872.1587
3833.4634
3794.5479
3756.4907
3720.0295
3683.4434
3648.1812
3614.1345
3580.3538
3547.6147
3516.3298
3485.6064
3455.7832
3427.3567
3400.087
3373.5847
3348.27
3324.3574
3301.6304
3279.9277
3259.3403
3240.038
3222.0671
3205.242
3189.5244
3174.792
3161.0955
3148.3655
3136.586
3125.6587
3115.5205
3106.059
3097.222
3088.915
3081.0854
3073.7822
3067.0725
3061.3657
3057.596
3058.4324
3070.4136
3111.5535
3227.923
3553.9966
4428.152
6936.4663
13397.482
32329.945
67720.59
145129.1
91340.2
13098.057
31311.441
19939.758
15271.293
22796.559
6832.5703
23081.941
8501.549
17753.428
7728.9165
17332.354
9368.57
14629.756
8806.88
13329.893
9908.407
11910.623
10093.099
10333.957
10692.409
9886.809
11071.734
9109.012
10705.155
8753.264
10409.181
8708.582
9852.293
8609.349
9343.313
8737.015
8934.437
8656.808
8442.715
8524.613
8147.9487
8385.883
7857.729
8107.2705
7622.3433
7916.002
7488.619
7663.2695
7273.825
7383.11
7113.5557
7167.3477
6945.4287
6924.026
6760.5376
6717.939
6602.472
6527.0376
6429.124
6331.4424
6246.8237
6152.6196
6086.6484
5985.859
5915.772
5818.4688
5758.416
5666.2153
5603.3745
5515.1733
5448.612
5366.3823
5305.1514
5228.9624
5163.996
5092.75
5027.905
4962.2876
4898.712
4836.479
4770.8384
4714.2866
4649.6055
4597.793
4534.134
4483.5015
4422.182
4373.4614
4315.511
4267.1646
4212.428
4163.9067
4113.8022
4065.1018
4018.7993
3969.9336
3926.0369
3879.2715
3836.3044
3792.7163
3749.4583
3708.994
3666.875
3627.7068
3588.3562
3549.1829
3512.4563
3475.0405
3439.0728
3404.456
3369.561
3336.2031
3304.0708
3271.9734
3241.1614
3211.693
3182.591
3154.48
3127.796
3101.9705
3076.803
3052.8582
3030.2278
3008.53
2987.649
2967.851
2949.2737
2931.8242
2915.2769
2899.6047
2884.8408
2871.0332
2858.1392
2846.128
2834.8853
2824.334
2814.4478
2805.1572
2796.4275
2788.2637
2780.749
2774.0818
2768.8174
2766.2532
2769.7485
2787.2632
2840.1396
2980.6885
3360.0044
4341.993
7101.1357
13999.213
33940.45
69599.64
145211.39
84722.1
9943.384
31549.396
17913.45
14202.5625
22471.72
6089.368
22166.01
8216.387
17259.22
7061.214
16889.594
8575.992
14348.922
7674.4146
13567.32
8556.641
12337.564
8354.015
11132.347
8983.49
10640.021
9320.593
9548.067
9229.573
9020.434
9387.871
8514.062
9096.47
8129.445
9003.8125
8022.977
8725.779
7710.2583
8338.654
7603.3384
8099.922
7440.1606
7712.126
7256.651
7477.507
7163.2163
7212.3203
6947.84
6932.1665
6783.0024
6730.617
6601.5757
6506.124
6410.3906
6313.5503
6239.0444
6133.973
6060.578
5944.471
5871.9375
5778.3013
5713.4214
5614.0723
5540.5083
5455.434
5385.813
5304.3076
5231.368
5156.788
5077.5176
5014.1504
4939.8477
4878.4233
4800.73
4745.709
4668.8076
4618.164
4544.264
4492.5967
4422.053
4373.559
4306.931
4259.1016
4196.0864
4146.2686
4090.1577
4038.7407
3988.2942
3935.3147
3888.865
3837.1064
3793.0166
3743.7917
3699.484
3654.063
3609.3965
3568.0693
3523.6965
3484.12
3442.1875
3402.7053
3364.4285
3324.892
3288.6235
3251.2776
3215.2947
3180.9382
3146.0405
3112.5237
3080.3892
3047.8542
3016.9512
2987.0457
2957.189
2928.5425
2901.2395
2874.185
2847.9746
2823.067
2799.0554
2775.5698
2753.1082
2731.8352
2711.5063
2691.8667
2673.1196
2655.4116
2638.7515
2622.9724
2607.9817
2593.7812
2580.3777
2567.793
2556.0112
2544.9707
2534.6147
2524.8667
2515.7207
2507.138
2499.1396
2491.7532
2485.218
2480.064
2477.6494
2481.3562
2500.0793
2556.4087
2714.7754
3140.3308
4351.288
7586.788
17286.836
39932.39
102835.56
135120.48
121787.84
7677.1934
81052.875
30959.46
31903.75
40651.977
19712.834
26965.63
22805.457
21798.084
23157.713
14670.19
22234.871
11617.319
23815.057
11083.278
20591.686
12014.537
16075.056
14523.304
12431.314
16379.585
11283.915
15896.032
12199.956
13301.854
13173.254
11089.81
13482.903
10938.296
12753.477
11586.801
11352.434
11913.906
10474.208
11620.343
10304.514
10915.178
10508.132
10237.121
10553.032
9710.815
10179.799
9455.282
9728.09
9442.127
9305.171
9329.259
8906.633
9060.903
8629.474
8760.114
8451.901
8442.488
8286.413
8136.381
8081.6313
7854.6904
7853.758
7625.9966
7630.98
7428.788
7386.965
7220.5264
7144.3413
7031.205
6932.3613
6846.4004
6720.5034
6646.967
6520.2026
6461.067
6339.396
6276.6553
6157.196
6090.903
5985.0986
5918.936
5821.3823
5748.7827
5657.115
5583.789
5501.332
5428.208
5349.422
5274.876
5200.253
5128.441
5058.277
4987.7183
4919.1016
4850.223
4784.7114
4718.9336
4655.595
4591.557
4529.8193
4468.4946
4409.201
4350.412
4292.627
4235.832
4179.896
4125.7163
4071.7405
4019.5725
3967.169
3917.0754
3866.6511
3818.5996
3769.9717
3723.537
3676.7654
3632.0122
3587.2944
3543.9578
3501.101
3459.1028
3418.1675
3377.6172
3338.33
3299.2512
3261.3691
3223.9822
3187.379
3151.6377
3116.3054
3081.9658
3048.1445
3015.047
2982.7478
2950.9246
2919.9338
2889.5916
2859.8477
2830.8938
2802.5586
2774.8652
2747.958
2721.7
2696.0925
2671.2651
2647.1394
2623.681
2600.9897
2579.0583
2557.8347
2537.3425
2517.6282
2498.6897
2480.4875
2463.0186
2446.3154
2430.3901
2415.1953
2400.7166
2386.9575
2373.9004
2361.5254
2349.8228
2338.7437
2328.2654
2318.3523
2308.9758
2300.12
2291.7437
2283.792
2276.244
2269.0562
2262.211
2255.6543
2249.3696
2243.3281
2237.5098
2231.8657
2226.4543
2221.3137
2216.6436
2212.983
2211.878
2217.6748
2243.0308
2324.0063
2571.7432
3300.5312
5560.4375
11994.476
32539.725
77105.42
186710.12
120152.1
15638.5
39618.793
23384.182
14797.902
31144.496
8766.783
23943.8
10417.969
21341.045
11004.725
16425.184
12293.025
14294.471
13509.93
10897.632
14290.364
10681.845
14800.594
9725.855
13028.572
9695.297
12179.923
11134.526
10962.061
11298.836
9785.955
11385.246
9716.558
10978.33
9531.096
10079.12
9719.39
9624.89
9815.766
9031.985
9466.848
8729.982
9275.318
8678.471
8860.224
8445.874
8428.797
8338.32
8134.1895
8137.627
7797.0635
7892.5664
7594.5786
7685.6577
7377.9185
7392.106
7157.819
7154.3076
6987.2617
6912.1685
6771.0903
6673.6187
6589.079
6478.477
6399.6157
6267.6685
6202.087
6078.349
6018.463
5895.4287
5836.682
5719.985
5659.699
5549.626
5491.7944
5391.1772
5327.136
5228.486
5167.9873
5079.4556
5016.723
4930.519
4869.6826
4789.9146
4727.8594
4652.6826
4593.1333
4519.762
4460.323
4392.74
4334.9023
4269.4653
4213.2446
4151.1787
4095.465
4037.5925
3983.095
3927.203
3874.542
3821.4229
3770.0427
3720.016
3669.6267
3621.7295
3573.2395
3527.201
3480.6973
3436.276
3391.5278
3348.7898
3305.9802
3264.6611
3223.805
3183.628
3144.6929
3105.8577
3068.575
3031.2583
2995.2239
2959.6316
2924.7554
2890.7822
2857.1873
2824.4978
2792.376
2760.852
2730.177
2699.92
2670.4043
2641.589
2613.2207
2585.6738
2558.6533
2532.2268
2506.512
2481.4023
2456.8425
2433.013
2409.7834
2387.1475
2365.1936
2343.904
2323.2012
2303.1692
2283.8171
2265.1008
2247.0234
2229.6125
2212.8723
2196.7864
2181.3367
2166.5276
2152.3662
2138.849
2125.9587
2113.666
2101.95
2090.8005
2080.2478
2070.227
2060.7148
2051.6997
2043.1423
2035.0321
2027.3213
2020.0112
2013.0555
2006.4172
2000.1052
1994.0988
1988.3551
1982.9302
1977.8827
1973.4338
1970.1418
1969.5708
1975.5243
1998.757
2067.7148
2265.77
2814.2383
4422.9883
8804.105
22231.727
52538.1
133635.62
138676.45
75126.97
18559.121
60968.246
21016.26
31655.188
19609.082
30624.785
14963.936
25008.97
11251.625
25426.822
9939.198
21794.896
8087.9204
21009.549
9414.094
17498.24
10439.56
13604.078
12527.449
11001.953
13802.635
9221.441
13535.044
9396.325
12292.368
10105.266
10354.216
10617.89
9273.653
10950.899
8882.634
10373.565
8805.915
9527.908
9072.212
8826.107
9112.001
8277.118
8922.639
8026.83
8565.241
7862.9663
8102.5483
7796.9727
7737.1514
7703.1836
7378.3896
7478.834
7099.628
7278.027
6914.3794
7021.6924
6715.166
6753.5713
6552.984
6520.343
6380.321
6282.498
6205.8887
6080.34
6030.609
5878.689
5842.889
5701.011
5673.1465
5530.457
5492.7246
5363.81
5326.6143
5209.6626
5161.4395
5054.9688
5004.4653
4907.569
4853.3535
4765.9062
4709.5176
4626.323
4568.339
4493.3516
4435.8774
4362.9683
4306.649
4238.3345
4182.544
4117.6777
4064.1052
4001.2751
3948.5906
3889.4546
3838.4197
3781.3447
3732.43
3677.3066
3629.9072
3577.763
3531.5151
3481.6553
3436.762
3389.1248
3345.5803
3300.5208
3257.7678
3215.2168
3173.376
3133.0813
3092.5015
3053.983
3014.8098
2977.754
2940.2366
2904.4336
2868.6543
2833.8704
2799.8
2766.1033
2733.5515
2701.126
2669.7292
2638.7744
2608.3635
2578.867
2549.566
2521.1743
2493.2415
2465.7827
2439.1538
2412.8198
2387.1877
2362.1448
2337.5188
2313.571
2290.176
2267.224
2244.9229
2223.1758
2201.895
2181.2305
2161.1375
2141.5435
2122.514
2104.096
2086.209
2068.8486
2052.0789
2035.899
2020.2473
2005.1482
1990.6074
1976.6532
1963.2394
1950.3466
1938.0007
1926.1985
1914.909
1904.1329
1893.8533
1884.0465
1874.7139
1865.8281
1857.379
1849.3391
1841.7007
1834.4415
1827.5201
1820.9382
1814.6509
1808.6704
1802.9669
1797.5042
1792.3214
1787.3789
1782.7703
1778.6206
1775.3154
1773.7806
1776.3816
1789.1786
1828.571
1936.8162
2237.195
3043.577
5367.997
11441.462
29595.82
65732.03
151119.12
109473.55
23107.773
28580.557
28928.598
12381.644
26837.062
5964.079
26852.844
7256.1416
20061.312
6193.6084
19435.562
7568.209
15858.852
6694.9316
14913.871
8035.023
12901.948
7859.99
10836.721
8922.399
9876.162
9493.358
8290.654
9525.743
7814.4893
9653.188
7356.887
9037.041
7130.32
8650.395
7301.109
8061.9463
7163.248
7499.0405
7257.557
7170.232
7132.404
6720.2964
6941.613
6495.744
6794.9805
6254.8467
6531.3384
6066.981
6327.4985
5906.4854
6065.3325
5735.4414
5861.176
5587.5986
5630.308
5414.942
5440.8975
5278.3896
5249.2373
5104.1963
5076.303
4964.809
4908.841
4800.8374
4749.558
4662.666
4598.295
4510.8
4458.4106
4377.727
4315.935
4239.049
4187.544
4110.517
4055.7368
3986.3247
3936.3428
3863.402
3818.7654
3750.6765
3703.6519
3638.9402
3596.0898
3532.0066
3489.9949
3431.766
3387.7014
3334.1392
3291.273
3239.941
3197.7676
3150.52
3107.1802
3064.817
3020.963
2981.548
2938.9568
2901.0886
2860.5547
2823.7693
2785.344
2749.4148
2713.2837
2677.9917
2644.1506
2609.5798
2577.448
2544.2568
2513.077
2481.8193
2451.2124
2421.76
2392.1506
2363.7773
2335.8118
2308.0645
2281.6326
2254.97
2229.368
2204.2961
2179.3752
2155.5166
2131.8782
2108.735
2086.3665
2064.367
2042.778
2021.9989
2001.5256
1981.5547
1962.2437
1943.4205
1924.9675
1907.1869
1889.9203
1873.1007
1856.7756
1841.0596
1825.8475
1811.0957
1796.8405
1783.1613
1769.9976
1757.2915
1745.0508
1733.3309
1722.1136
1711.3911
1701.0946
1691.2646
1681.863
1672.9089
1664.3705
1656.2606
1648.5149
1641.1531
1634.1375
1627.4442
1621.0863
1615.0211
1609.2427
1603.732
1598.4852
1593.4939
1588.7391
1584.2948
1580.225
1576.8398
1574.7917
1575.8116
1584.2744
1611.9722
1689.5089
1905.4697
2489.3137
4171.9443
8655.844
22184.94
51851.1
129550.38
131251.7
68543.62
16863.822
57902.938
18776.586
29347.172
19923.906
26256.863
15455.977
21742.959
12946.045
21698.781
10112.451
18698.168
8305.3545
19315.893
8154.004
16670.164
7803.0693
14443.701
9253.491
11957.175
10455.779
9627.761
11416.078
8593.101
11327.129
7803.1387
10493.885
8066.867
9684.441
8561.369
8551.152
8672.26
7815.805
8707.316
7423.176
8400.85
7226.18
7996.992
7210.283
7506.6255
7084.7783
7052.128
7033.959
6753.99
6886.1196
6439.521
6643.792
6231.623
6441.926
6051.9697
6181.6846
5877.377
5953.4575
5724.0376
5719.7812
5550.11
5513.42
5402.4204
5321.1646
5228.4834
5128.8813
5069.8564
4966.667
4909.363
4799.0156
4750.681
4646.3223
4599.26
4498.619
4452.6875
4356.6675
4306.991
4220.067
4173.4014
4090.1594
4039.3306
3963.0234
3913.591
3841.8306
3791.3813
3725.8518
3673.9172
3612.1992
3562.199
3504.8591
3453.8752
3400.5781
3350.339
3300.1506
3251.2686
3204.2983
3155.4749
3111.7202
3064.2734
3022.609
2977.0925
2936.8374
2893.1042
2854.484
2812.8823
2775.2603
2736.0374
2698.9521
2662.313
2625.9563
2591.4485
2556.1028
2523.1096
2489.2717
2457.4119
2425.3264
2394.262
2363.9116
2333.744
2304.87
2275.8977
2248.0386
2220.5059
2193.4578
2167.3452
2141.2878
2116.1792
2091.4004
2067.0896
2043.5443
2020.2236
1997.5721
1975.4269
1953.6278
1932.4668
1911.7614
1891.4319
1871.7081
1852.4069
1833.5115
1815.1764
1797.2902
1779.7937
1762.8243
1746.3301
1730.2339
1714.6031
1699.4728
1684.7764
1670.4956
1656.6869
1643.3496
1630.434
1617.944
1605.8978
1594.3018
1583.123
1572.3615
1562.008
1552.0872
1542.5568
1533.4319
1524.6677
1516.2744
1508.2609
1500.5874
1493.2627
1486.2618
1479.5869
1473.2063
1467.1108
1461.2816
1455.7178
1450.3975
1445.304
1440.4445
1435.7697
1431.3157
1427.0704
1423.0664
1419.3983
1416.2327
1414.132
1414.3143
1419.9214
1438.9292
1492.7631
1636.1904
2029.3882
3070.0505
6056.4814
13669.203
36150.64
76292.4
160898.83
83085.69
6687.229
34715.152
16109.745
12311.285
23258.27
6493.161
20759.545
7490.495
17012.883
6072.1885
15251.066
8065.8574
13218.1875
6924.0483
11414.893
8226.358
10793.95
7951.127
8782.291
8302.82
8498.154
8733.863
7308.0693
8345.736
7016.4473
8545.86
6745.0938
7925.9756
6377.9204
7698.6016
6496.7466
7289.1875
6205.2466
6852.6367
6261.0464
6628.0386
6077.188
6195.455
5951.7476
6020.763
5822.255
5701.2437
5609.2354
5522.6416
5489.51
5309.0713
5261.5713
5126.157
5122.009
4956.602
4918.2964
4779.9673
4769.53
4632.529
4585.7534
4475.8325
4444.675
4335.424
4276.411
4189.158
4141.3926
4055.3696
3987.7087
3925.272
3861.6477
3795.4773
3726.4834
3677.8867
3605.1267
3553.376
3487.014
3443.5913
3370.907
3331.906
3266.7185
3223.9658
3162.6914
3123.4004
3063.8345
3022.6409
2971.998
2926.579
2881.567
2836.9062
2794.154
2750.221
2711.3767
2666.9119
2631.1594
2588.4426
2552.866
2514.2346
2477.7292
2442.8296
2406.3796
2373.6963
2338.681
2306.9812
2274.1064
2242.87
2212.271
2181.616
2152.7896
2123.313
2095.435
2067.7764
2040.3984
2014.4808
1987.9862
1963.085
1938.1263
1913.7539
1890.3279
1866.8243
1844.2766
1822.1339
1800.3126
1779.2014
1758.5569
1738.1385
1718.5636
1699.2178
1680.3423
1662.0433
1644.161
1626.6016
1609.683
1593.124
1576.9652
1561.2878
1546.1123
1531.2699
1516.8815
1502.9574
1489.4685
1476.3402
1463.6595
1451.4247
1439.594
1428.1503
1417.1022
1406.4675
1396.2549
1386.3995
1376.9254
1367.8066
1359.0812
1350.7112
1342.6985
1335.0089
1327.6437
1320.5936
1313.8547
1307.4133
1301.2639
1295.3704
1289.7507
1284.3774
1279.2362
1274.3273
1269.6294
1265.1365
1260.8513
1256.7902
1253.0015
1249.6005
1246.9175
1245.6431
1247.611
1257.5602
1287.418
1370.2117
1590.7167
2204.3481
3840.3525
8640.493
20627.041
55994.863
104539.91
178614.44
34307.727
34111.27
45849.836
21817.28
34419.035
9519.04
35095.883
10907.941
25899.58
8177.343
21944.203
8815.491
20390.129
9008.481
18712.594
9143.669
14626.111
9150.796
12367.227
11761.95
10956.205
12134.139
9078.566
12071.466
8788.739
11340.097
8595.882
10027.621
9342.363
9460.644
9691.457
8454.033
9336.216
8080.667
9125.905
7961.619
8520.457
7933.7373
8134.2583
7974.6777
7641.1685
7684.2866
7217.336
7516.5474
7024.3364
7261.1587
6782.9307
6966.825
6612.3135
6674.624
6388.764
6383.3037
6223.9556
6164.367
6032.424
5896.059
5810.3184
5689.505
5635.4756
5487.054
5429.515
5287.9775
5243.634
5104.5645
5049.142
4921.268
4876.656
4759.006
4699.641
4584.0728
4529.727
4431.9795
4373.221
4275.9473
4214.7373
4127.7993
4067.1523
3986.6494
3926.0117
3850.8506
3786.8914
3718.0398
3657.845
3593.679
3530.8772
3470.8088
3410.9587
3354.6675
3295.454
3243.243
3185.0696
3134.3984
3079.6316
3031.7134
2978.4824
2931.846
2881.8762
2836.1746
2789.6667
2745.1758
2700.7258
2657.5068
2615.8672
2573.8213
2534.4792
2493.896
2455.9626
2417.6343
2380.9758
2344.7024
2309.1746
2274.6807
2240.5398
2207.7354
2174.9854
2143.5232
2112.2734
2082.0203
2052.3884
2023.2511
1994.9918
1967.0759
1940.0056
1913.4653
1887.4266
1862.1237
1837.1951
1812.9669
1789.2628
1765.9872
1743.3881
1721.1655
1699.5106
1678.3884
1657.6582
1637.4905
1617.7706
1598.4852
1579.708
1561.3623
1543.4307
1525.9944
1508.9646
1492.3538
1476.185
1460.4412
1445.0836
1430.1641
1415.6504
1401.5226
1387.7902
1374.4775
1361.5405
1348.9818
1336.81
1325.0272
1313.6036
1302.5491
1291.8573
1281.5312
1271.5638
1261.9266
1252.6462
1243.6919
1235.0754
1226.7819
1218.7993
1211.122
1203.7551
1196.6665
1189.8832
1183.3522
1177.0918
1171.0973
1165.3314
1159.8048
1154.5206
1149.4108
1144.5482
1139.8771
1135.3617
1131.0476
1126.8917
1122.8969
1119.0432
1115.3137
1111.7351
1108.2843
1104.9657
1101.7812
1098.8439
1096.2891
1094.5813
1094.9922
1100.8068
1121.281
1181.8467
1358.084
1856.3757
3345.8093
7491.3745
20443.771
50387.355
132532.89
139133.22
77314.16
18263.195
61088.496
22784.95
30275.684
23418.973
26190.648
20720.168
19827.555
16153.783
20766.969
13175.482
18408.15
9099.535
19547.37
8627.621
17666.865
7254.966
15660.025
8750.984
13100.984
9912.684
9946.809
11104.868
8694.116
11539.5
7658.94
10703.789
7792.9985
9801.382
8353.038
8481.293
8565.327
7705.901
8731.335
7248.814
8328.238
6997.027
7883.212
7061.492
7370.875
6958.3296
6868.279
6904.3354
6534.0186
6720.324
6203.6396
6481.301
6014.4185
6255.0933
5811.466
5962.852
5637.39
5728.6235
5480.2954
5479.8467
5302.9434
5266.301
5140.07
5057.151
4960.8945
4867.166
4799.183
4689.928
4622.289
4516.5293
4464.11
4359.743
4301.3413
4200.596
4148.7524
4056.944
3998.6958
3912.1023
3857.8347
3778.6475
3719.6292
3645.6262
3589.4333
3522.0095
3462.2478
3400.5496
3342.8643
3284.9595
3226.4646
3173.8982
3116.6008
3066.1035
3010.5593
2964.235
2909.2734
2865.0288
2813.1482
2770.1248
2720.542
2679.375
2632.4148
2591.6292
2548.3103
2507.9282
2467.397
2428.0696
2389.8718
2351.4785
2315.6934
2278.3784
2244.3494
2208.7756
2175.7708
2142.3542
2110.1746
2078.7249
2047.5165
2017.7216
1987.7285
1959.2397
1930.6534
1903.1975
1876.113
1849.5875
1823.8981
1798.4064
1773.8434
1749.581
1725.9126
1702.901
1680.14
1658.1719
1636.4912
1615.3491
1594.7871
