3.974699
3.7028227
3.4477384
3.210505
2.9921944
2.7938147
2.6163087
2.4605403
2.3272562
2.2170095
2.130044
2.066127
2.0243442
2.0028913
1.9989146
2.008495
2.0268943
2.0490794
2.070425
2.087335
2.097587
2.1003482
2.0959592
2.0855942
2.07092
2.0537906
2.0359843
2.0190125
2.0040007
1.99165
1.9822495
1.9757342
1.9717679
1.9698346
1.9693277
1.9696262
1.9701513
1.970407
1.9700032
1.9686618
1.9662137
1.9625864
1.9577838
1.9518671
1.9449272
1.9370664
1.9283762
1.9189198
1.9087207
1.897755
1.8859506
1.8731897
1.8593166
1.8441494
1.8274955
1.8091631
1.7889817
1.7668164
1.7425864
1.7162838
1.6879925
1.657908
1.626356
1.5938101
1.5608996
1.5284061
1.4972224
1.4682451
1.4421482
1.4190222
1.398012
1.3773714
1.355272
1.3310217
1.3058851
1.2825974
1.2620807
1.2395928
1.2102374
1.1740713
1.1337174
1.0914999
1.048469
1.0049559
0.9614037
0.91863024
0.87766236
0.83948755
0.80483764
0.77400386
0.74675906
0.72255135
0.701015
0.68242234
0.66749644
0.6565361
0.6486207
0.6418294
0.63440967
0.62568283
0.61581784
0.60510796
0.5938173
0.58248293
0.5718085
0.5621249
0.5531246
0.54421043
0.535062
0.52586997
0.51713127
0.509258
0.50232905
0.49614868
0.49048114
0.48514324
0.47993037
0.47466466
0.46937644
0.46429914
0.4595949
0.4551664
0.4507758
0.4462807
0.44170594
0.43714124
0.43265244
0.42829263
0.4241077
0.42008334
0.41613066
0.4121849
0.40828657
0.40452695
0.40094525
0.39751297
0.39418864
0.39094412
0.38775754
0.38461918
0.38154876
0.37857473
0.37569207
0.37286264
0.37005615
0.36727506
0.36453465
0.36184266
0.35920364
0.35661668
0.35407132
0.35155362
0.34906712
0.34662575
0.34423685
0.34189406
0.33958808
0.33731437
0.33507118
0.3328579
0.3306786
0.32853287
0.3264138
0.3243133
0.3222303
0.32016814
0.31812704
0.31610554
0.31410205
0.3121128
0.3101365
0.3081736
0.30622584
0.30429062
0.30236435
0.3004445
0.29852962
0.29661876
0.29471
0.29280064
0.2908879
0.28896788
0.28703937
0.2851
0.28314632
0.28117427
0.27917993
0.2771604
0.27511162
0.2730291
0.27090803
0.26874232
0.26652652
0.2642535
0.2619173
0.25950912
0.25702068
0.25444302
0.25176656
0.24898085
0.24607539
0.24303803
0.23985721
0.23652092
0.23301679
0.22933252
0.2254563
0.22137852
0.21709096
0.21258819
0.20786828
0.20293286
0.19778898
0.19244927
0.1869334
0.18126807
0.1754868
0.16963136
0.16374934
0.1578938
0.15212193
0.14649072
0.14105335
0.13585329
0.13091736
0.1262506
0.121831514
0.117610045
0.11351362
0.10945375
0.10534228
0.10110478
0.096699335
0.09212837
0.08744402
0.082746044
0.07816625
0.07384491
0.06990068
0.066401735
0.063346304
0.060660727
0.058221184
0.05589172
0.05357266
0.051237285
0.048942193
0.04680582
0.04495752
0.043478634
0.04235913
0.041493915
0.040724594
0.039908797
0.03897909
0.03795959
0.036933172
0.035983644
0.035145544
0.034388576
0.033640586
0.03282997
0.031922314
0.030932322
0.029909775
0.02890977
0.027966449
0.027081445
0.026232328
0.025392316
0.024549447
0.023712326
0.022902526
0.02213925
0.021427207
0.020755053
0.020102262
0.019450989
0.018794172
0.018136466
0.01748877
0.016860476
0.016254097
0.015665017
0.015085497
0.014510492
0.013940709
0.0133818425
0.012841271
0.012323489
0.011828635
0.011353624
0.010895271
0.010452732
0.010028238
0.0096246805
0.009243482
0.008883329
0.008540997
0.0082137585
0.00790096
0.0076039233
0.0073242225
0.007062044
0.0068159997
0.0065841824
0.006365677
0.006160637
0.005969707
0.00579263
0.0056279404
0.005473337
0.00532698
0.005187618
0.005054894
0.004928169
0.0048066746
0.0046895323
0.0045763366
0.0044671656
0.00436243
0.0042623905
0.0041670036
0.0040760324
0.0039894204
0.0039071743
0.00382928
0.0037556537
0.003686072
0.003620305
0.0035583805
0.0035003233
0.0034460928
0.0033955947
0.0033484907
0.0033045132
0.0032634316
0.0032249712
0.15841545
0.027346352
0.028628761
0.007091002
0.015976414
0.024629917
0.00750458
0.008964285
0.018087268
0.011186366
0.0037234593
0.010524693
0.0111732455
0.3304753
0.5126154
0.69402945
0.9563147
1.2461624
1.547217
1.8867735
2.2566504
2.628479
2.9974189
3.348956
3.6044993
3.5890718
3.19642
2.7135649
2.7106888
2.8254826
2.5661123
2.5238383
2.7526498
2.9742453
3.032195
2.9743216
2.8795075
2.8093367
2.7757053
2.7537727
2.745161
2.7169123
2.641903
2.5525856
2.4944386
2.463384
2.438385
2.4138315
2.4013693
2.37591
2.3244889
2.2534976
2.1884732
2.135327
2.0907817
2.0703602
2.0742967
2.100033
2.1294332
2.1663842
2.218894
2.2835948
2.3707848
2.4804184
2.5967708
2.6859097
2.7303185
2.6740909
2.524261
2.3660154
2.3386347
2.4051695
2.4204688
2.4517384
2.5503597
2.623689
2.5836031
2.4914665
2.4211664
2.3818278
2.3737516
2.4017563
2.4497948
2.4728682
2.4236674
2.3229356
2.226907
2.1732576
2.1477334
2.1331182
2.1495023
2.1770883
2.1945176
2.1730332
2.140179
2.1008546
2.0808973
2.0960104
2.118752
2.16612
2.2050135
2.2182856
2.204948
2.1638458
2.1349714
2.1238496
2.1326158
2.1503167
2.1866105
2.2213435
2.2298918
2.226487
2.203894
2.183426
2.1725662
2.1783438
2.183931
2.1906862
2.1793065
2.1583514
2.13047
2.1051395
2.0945396
2.0896916
2.0935988
2.1001847
2.0990667
2.0796487
2.0601869
2.0418363
2.0320284
2.0381632
2.0443614
2.051474
2.0584254
2.0470243
2.0360122
2.026186
2.0246632
2.0305376
2.0449948
2.051943
2.058933
2.0567832
2.0548334
2.0532067
2.051434
2.0582645
2.0652993
2.0637774
2.062099
2.052221
2.042728
2.0411358
2.0392418
2.0456553
2.0441785
2.0427516
2.032692
2.0227766
2.0214777
2.01164
2.0185156
2.017185
2.0159025
2.014474
2.0047154
1.9952967
1.9940109
1.9926021
1.9994973
2.0068407
2.0056539
2.0043113
2.002913
2.001647
2.0003705
1.9991491
2.0064242
2.0052779
2.0041409
2.0030289
2.0019493
2.000838
1.9997275
1.9986384
1.9975431
1.9964776
1.9954422
1.9944068
1.9933907
1.9923859
1.9913778
1.99039
1.9894183
1.9884561
1.9875171
1.9865878
1.9856634
1.984751
1.9838425
1.9829433
1.9820596
1.9811864
1.9803263
1.9794782
1.9786375
1.9778059
1.9858099
1.9849386
1.98411
1.9832778
1.9824927
1.973268
1.9725295
1.9717178
1.9795061
1.9787635
1.9871281
1.9864206
1.9856164
1.9759104
1.9752542
1.9746318
1.9739445
1.9732884
1.9725986
1.9718918
1.9712455
1.9705923
1.9699633
1.9784752
1.9778233
1.9771229
1.9764155
1.9669615
1.9664443
1.9658895
1.9652321
1.9734247
1.9728832
1.9723353
1.971756
1.9712083
1.9706196
1.9700453
1.9695017
1.9689442
1.9684192
1.9678893
1.9673436
1.9668131
1.9662683
1.9657347
1.9652156
1.9646909
1.9641783
1.9636617
1.9631406
1.9626268
1.9621084
1.9615971
1.9610915
1.9605826
1.9600793
1.9595723
1.9590647
1.9585617
1.9674183
1.966866
1.9663448
1.9657916
1.965281
1.955813
1.9553385
1.9547797
1.9633375
1.9628631
1.9624414
1.9619086
1.961427
1.9609001
1.9603684
1.9599053
1.9594028
1.9499514
1.9494363
1.9488292
1.9574795
1.9570957
1.9566588
1.9560887
1.9462236
1.945764
1.9452447
1.9540334
1.9535601
1.9530476
1.952525
1.9520535
1.9515333
1.9510535
1.9505581
1.950048
1.9495671
1.9490571
1.9485706
1.9480782
1.9475759
1.9470884
1.9465817
1.9460895
1.9455963
1.9451005
1.9446154
1.9441186
1.9436276
1.9431334
1.942638
1.9421494
1.9416548
1.9411668
1.940676
1.940184
1.9396962
1.9392041
1.9387159
1.9382269
1.9377373
1.937249
1.9367591
1.9362712
1.9357822
1.9352937
1.9348056
1.9343163
1.9338276
1.9333375
1.9328479
1.9421234
1.9415455
1.941041
1.9404764
1.9306862
1.9302632
1.9296607
1.9385576
1.948156
1.9476852
1.9371717
1.9273282
1.9270902
1.9263538
1.9351922
1.9348617
1.9342823
1.9241569
1.9237102
1.9329224
1.9425795
1.9420366
1.9314142
1.9218042
1.921542
1.9298948
1.9393669
1.9493512
1.9382616
1.9279866
1.9277368
1.9270829
1.9361295
1.9356738
1.9254955
1.9250461
1.9244347
1.9337757
1.9334629
1.9327247
1.9223113
1.9126207
1.921331
1.9305555
1.9405818
1.9398173
1.9287964
1.9189999
1.918578
1.9271692
1.9366591
1.9362168
1.9254665
1.9154937
1.9149246
1.9236958
1.9335384
1.9329962
1.9219488
1.9119962
1.9114153
1.920165
1.9300284
1.9294448
1.9184103
1.9084721
1.9079359
1.916678
1.9264323
1.9258881
1.9149764
1.9050541
1.9044656
1.9132943
1.9233289
1.9228172
1.9116657
1.9113827
1.9107643
1.9201605
1.9198167
1.9190937
1.9089355
1.9084611
1.917731
1.9278768
1.9272835
1.9163845
1.9068621
1.8975565
1.9054012
1.9150908
1.9152151
1.9146136
1.9037478
1.9035759
1.9032996
1.9029796
1.9024578
1.9021423
1.9018942
1.9119817
1.9114895
1.910865
1.901065
1.9010587
1.9004438
1.909714
1.9096851
1.9094068
1.9090328
1.9085907
1.9083903
1.9082015
1.8986781
1.8981415
1.8976175
1.9075744
1.9074891
1.9068383
1.8965873
1.8876424
1.8871013
1.8957583
1.9062073
1.9061403
1.9052827
1.8948655
1.8950186
1.8948128
1.903873
1.9036902
1.9034984
1.9032735
1.9029573
1.9027214
1.9025238
1.9023267
1.9020661
1.9018128
1.9016042
1.9014062
1.9011853
1.900938
1.9007245
1.8911995
1.8908511
1.8904624
1.8902147
1.9004023
1.900073
1.8895979
1.8895109
1.8893435
1.8987558
1.89869
1.8983597
1.8982319
1.8979492
1.8978274
1.8976117
1.8974096
1.8971717
1.9072094
1.9070752
1.9065969
1.8966432
1.8965974
1.8962224
1.8959994
1.8957467
1.8956363
1.8953773
1.8952484
1.8950707
1.8853284
1.8850273
1.8846669
1.8947359
1.8945842
1.894072
1.893815
1.8937562
1.8936839
1.8933947
1.8931785
1.9033902
1.9031696
1.9027624
1.8927865
1.8929442
1.8923553
1.9021672
1.9021807
1.9019419
1.8915842
1.8915253
1.8913658
1.8911227
1.8909255
1.8908135
1.8906965
1.8905325
1.8903679
1.890223
1.8900701
1.8898995
1.8897473
1.8896217
1.8894839
1.899675
1.8993905
1.8991786
1.8894296
1.889297
1.8987683
1.9096258
1.9092509
1.8983166
1.8894019
1.888902
1.8978704
1.8980291
1.8877009
1.8877325
1.8873941
1.8978161
1.8975397
1.8872063
1.8780395
1.8869755
1.8971752
1.9081194
1.8964528
1.8870697
1.8783485
1.8861413
1.8964179
1.9082732
1.9071975
1.8956554
1.8870121
1.8869601
1.8952528
1.9060317
1.9060922
1.8948634
1.8853556
1.8852481
1.884723
1.8843365
1.8844733
1.8845212
1.8952382
1.8945274
1.8842206
1.875544
1.8840398
1.904784
1.916801
1.9038002
1.8852227
1.877364
1.8930303
1.9042239
1.9044809
1.8928438
1.8826944
1.8925405
1.8925049
1.892174
1.8823692
1.882222
1.8921887
1.8921831
1.891792
1.8818364
1.8816869
1.8914032
1.9023635
1.9019063
1.8911765
1.882356
1.8819104
1.890723
1.9018583
1.901809
1.890449
1.8808811
1.8807557
1.8901162
1.901083
1.9007491
1.8898318
1.8807373
1.8803675
1.8895153
1.8897791
1.8896936
1.879099
1.8790363
1.889233
1.8891772
1.8888729
1.8888468
1.8886727
1.8989305
1.8987533
1.8887806
1.8795478
1.8786712
1.8883259
1.9002314
1.8996456
1.887949
1.8788551
1.8786296
1.8875942
1.898544
1.898289
1.8872433
1.8781128
1.8778119
1.8869709
1.8983111
1.8980348
1.8866743
1.8775443
1.8773874
1.8863652
1.8973951
1.8973155
1.88611
1.8766953
1.8765053
1.8858323
1.8969254
1.8966178
1.8855983
1.876413
1.87602
1.8853086
1.8967038
1.8963951
1.8850379
1.875877
1.875626
1.8847598
1.8959664
1.8957345
1.8845046
1.8752482
1.8749712
1.8842379
1.8956087
1.8953208
1.8839774
1.8842899
1.8841972
1.894048
1.8939917
1.8837748
1.8836795
1.8834065
1.8833963
1.8833147
1.8832867
1.8831408
1.8830096
1.8829395
1.8828464
1.8827928
1.8826506
1.8825777
1.8824757
1.882422
1.8823262
1.8822188
1.8928806
1.8926343
1.892366
1.8827573
1.882508
1.8921137
1.8923073
1.8816557
1.8718804
1.8714323
1.8817886
1.8933358
1.8923358
1.8813863
1.8819609
1.8818051
1.8912113
1.8912395
1.8808578
1.8710201
1.8706101
1.8810484
1.8927455
1.8916236
1.8805717
1.8813332
1.8907385
1.9010646
1.8904486
1.8807371
1.88028
1.8906703
1.8907552
1.8795683
1.8698714
1.8794519
1.8903148
1.8900456
1.8793508
1.870025
1.8790158
1.8898256
1.8898546
1.878816
1.869494
1.8786312
1.8892144
1.8891522
1.8783997
1.8785214
1.8886383
1.8997442
1.8884075
1.8789648
1.8786119
1.8882533
1.8883915
1.8776656
1.877749
1.888186
1.8882504
1.8775783
1.8685509
1.8772619
1.8882353
1.8879601
1.8770279
1.8771143
1.8769976
1.8767519
1.8767686
1.8874509
1.8986953
1.8870537
1.8690944
1.868248
1.8869789
1.9003364
1.8869596
1.8668618
1.8671119
1.886277
1.8980552
1.8861004
1.8762405
1.8760703
1.8857365
1.8856941
1.8752887
1.8752445
1.885853
1.8858132
1.8750141
1.8660336
1.8747844
1.8856795
1.8855182
1.8744986
1.8745533
1.8847139
1.8847435
1.8745544
1.8746443
1.8845134
1.8960879
1.8842559
1.8746771
1.8742864
1.884045
1.884131
1.8734913
1.8734765
1.883997
1.8840189
1.873363
1.8642721
1.8730705
1.8842034
1.8838404
1.8728058
1.8729727
1.8829799
1.8829805
1.8828907
1.8827744
1.882725
1.882515
1.8725463
1.872126
1.8828084
1.8829677
1.8823259
1.8720369
1.8722136
1.8718505
1.8714417
1.8714523
1.8715551
1.8714241
1.8711607
1.8709995
1.881425
1.8921711
1.891903
1.8821509
1.8730686
1.8810008
1.8926065
1.8814532
1.8706578
1.8703792
1.8807454
1.8804921
1.8705057
1.8702621
1.8802248
1.8802627
1.869685
1.8600862
1.8695035
1.8806661
1.8801473
1.8693075
1.8696961
1.8793712
1.8902756
1.8791883
1.8694042
1.8689227
1.8791645
1.8793362
1.8790431
1.8785998
1.8786715
1.8786817
1.8785341
1.8783139
1.868106
1.858151
1.8683074
1.8805981
1.8790228
1.8677313
1.8684314
1.8779327
1.8775932
1.8673056
1.8669828
1.8782955
1.8782547
1.8666167
1.8670242
1.8876977
1.8991876
1.8777393
1.8619211
1.8666775
1.889726
1.8783613
1.856052
1.856097
1.8765644
1.887612
1.8759617
1.8673122
1.8758043
1.8756711
1.8651515
1.8551733
1.8655717
1.8901713
1.8872575
1.8758315
1.8695965
1.8764527
1.8749926
1.8644311
1.8543454
1.866294
1.8780496
1.8870188
1.8849335
1.887036
1.8882811
1.8780515
1.8655821
1.8542972
1.8560001
1.8710343
1.8808756
1.8866652
1.8856351
1.890341
1.8910099
1.8789568
1.8571166
1.8448818
1.8600633
1.8926013
1.9124913
1.8968858
1.8930829
1.9020368
1.9050567
1.8762465
1.837918
1.8280988
1.8622597
1.9237542
1.9542972
1.9439539
1.9274998
1.9509275
1.961031
1.9396888
1.8894688
1.8357613
1.8113232
1.8229532
1.8656621
1.9736261
2.1034353
2.1176143
1.994065
2.0543985
2.0762217
2.1051738
2.0486493
1.995719
1.9071634
1.8856946
1.849772
1.7866309
1.7521611
1.7633283
1.8221419
1.8360064
1.8451719
1.8832347
1.9781821
2.10563
2.1504104
2.1071546
2.0769567
2.133828
2.16839
2.1787505
2.1375492
2.076994
2.0022368
1.9570466
1.9051576
1.8389478
1.7814622
1.7535224
1.7481072
1.7340691
1.7125714
1.6998028
1.7116705
1.7497909
1.7894728
1.7756474
1.7416927
1.7241776
1.7380776
1.7869523
1.8596303
1.9209914
1.9833456
2.03041
2.0886788
2.141256
2.1873546
2.2234766
2.2556844
2.2686093
2.2466555
2.199903
2.1453311
2.0828035
2.0184088
1.9571987
1.9025483
1.8499212
1.8034842
1.7597444
1.7197276
1.6779262
1.6398008
1.6132281
1.5929825
1.5743626
1.556196
1.5368845
1.5233855
1.5162213
1.5168346
1.5040349
1.5020971
1.516102
1.560493
1.6383897
1.7549846
1.8659698
1.9852526
2.08639
2.1519434
2.1821413
2.226741
2.2998435
2.4178286
2.5442324
2.5891547
2.5461624
2.473971
2.41735
2.3480806
2.268437
2.173239
2.0793219
2.0001175
1.9592162
1.9191837
1.8645258
1.8033247
1.760159
1.7482517
1.7541132
1.7495677
1.7343863
1.7212951
1.7104899
1.729217
1.7429724
1.7574049
1.7439755
1.7324008
1.7288165
1.7394714
1.7529578
1.769025
1.7755075
1.780087
1.806129
1.8317823
1.8717222
1.897217
1.9237044
1.9527287
1.9995515
2.0488675
2.0853496
2.1084769
2.1071622
2.098815
2.112296
2.122788
2.1200943
2.0919645
2.0442467
1.9992018
1.9680142
1.9468071
1.9314103
1.9022315
1.8757774
1.8679438
1.8598931
1.8606073
1.8507445
1.8399849
1.829293
1.836051
1.8436683
1.8519444
1.8600571
1.8585626
1.8577173
1.865834
1.8736843
1.89172
1.900525
1.9097273
1.9082142
1.9073339
1.917472
1.9277703
1.9385897
1.9495211
1.9375571
1.9373364
1.9370501
1.9474554
1.9473059
1.9468899
1.9358492
1.9253896
1.9247164
1.9240513
1.9235729
1.9128007
1.90231
1.9018927
1.9014686
1.9012747
1.9009598
1.8905475
1.8806822
1.8900545
1.8897252
1.9000432
1.8996228
1.8991699
1.8989419
1.8988521
1.898715
1.8983618
1.908455
1.908152
1.9188554
1.9182236
1.9072763
1.8975308
1.8970723
1.9063591
1.917333
1.928965
1.9165676
1.9056863
1.8963158
1.8956931
1.9048169
1.9158486
1.9158707
1.9152056
1.9038541
1.9038861
1.9037712
1.9033531
1.9028723
1.9026402
1.9025776
1.9135783
1.912931
1.9019234
1.892163
1.8919865
1.9010506
1.912138
1.9238911
1.911187
1.8904605
1.8907787
1.8898293
1.9103483
1.9223323
1.910056
1.8987887
1.8892578
1.8886967
1.9088666
1.9206738
1.9201055
1.8976823
1.8883883
1.8877978
1.9076164
1.9197688
1.9191084
1.8963675
1.8873836
1.8866625
1.9063485
1.9184127
1.9177891
1.8952093
1.8860137
1.8854039
1.8945333
1.9058305
1.90572
1.8940129
1.8838654
1.8838313
1.8934965
1.904387
1.9042892
1.8930147
1.8829211
1.8826878
1.8925594
1.9039195
1.9035327
1.892082
1.8824255
1.8820686
1.9026226
1.9146439
1.9139692
1.8916664
1.8828144
1.8818538
1.9017715
1.9144728
1.9134562
1.8906245
1.8734322
1.881237
1.9009004
1.9137642
1.9127719
1.8897893
1.8726078
1.871399
1.8893565
1.9141462
1.913372
1.8890256
1.8719825
1.8635645
1.8782773
1.9143933
1.9279729
1.8994972
1.8718352
1.8586831
1.8781934
1.9266601
1.9423946
1.9103277
1.8654605
1.8615162
1.8774904
1.9406725
1.9566915
1.9090421
1.8678061
1.857549
1.8769668
1.9411784
1.9584665
1.9089923
1.8659433
1.8580513
1.8770152
1.9243504
1.9417113
1.8971915
1.8607353
1.8558221
1.8754628
1.9097629
1.9106529
1.8849235
1.8664362
1.8662695
1.8844274
1.895895
1.895488
1.8738467
1.8740592
1.8837774
1.8947147
1.89451
1.8835192
1.8739365
1.8833282
1.8941269
1.905915
1.8935025
1.8739209
1.8739853
1.8824695
1.9056784
1.9055212
1.8925874
1.8739364
1.8652656
1.8817471
1.9055887
1.9056802
1.8919896
1.8646882
1.8569398
1.8710473
1.9068935
1.9207034
1.8919542
1.8578019
1.8520048
1.8702726
1.922267
1.9525099
1.9027226
1.8576107
1.8491483
1.8700488
1.9571509
2.0109148
1.9406762
1.8739017
1.8733125
1.8661795
1.9718525
2.065086
1.9930947
1.8805697
1.8972521
1.8662151
1.9275703
2.0172825
1.99267
1.8904324
1.8532023
1.8550603
1.8657314
1.9058764
1.9129299
1.8858917
1.8604993
1.851366
1.8527374
1.8518537
1.8493508
1.8579786
1.8828822
1.9095587
1.9039036
1.8695954
1.8524979
1.8559945
1.8887675
1.9511203
1.9817753
1.9240824
1.8756036
1.868247
1.8731261
1.9416184
2.0023441
1.9711978
1.8897957
1.8679234
1.8623571
1.886807
1.9470791
1.9515216
1.8889225
1.8475118
1.841264
1.8455732
1.8776124
1.8929878
1.8802853
1.8560214
1.8467292
1.8468874
1.8549614
1.8642577
1.875483
1.8751701
1.874541
1.8741944
1.8743944
1.8745499
1.8850037
1.896426
1.896168
1.8956548
1.8846285
1.8845029
1.8839409
1.8944124
1.894263
1.8937814
1.8828365
1.8732538
1.8727841
1.8722298
1.8722169
1.8724145
1.8723758
1.8618734
1.861727
1.8523247
1.8516638
1.8611451
1.8723375
1.883713
1.8709149
1.8523681
1.8444781
1.8601241
1.8968937
1.9259859
1.905693
1.8662624
1.8516462
1.8627602
1.922749
1.996865
1.9618009
1.8836747
1.8761445
1.8572376
1.9341403
2.0502062
2.025532
1.8904259
1.8965275
1.8706602
1.8929646
2.0107865
2.0129695
1.8947676
1.8464074
1.853576
1.8476002
1.8973992
1.921084
1.8780504
1.842238
1.8347788
1.8425634
1.8503708
1.84896
1.8484763
1.8600243
1.8851738
1.9102118
1.8925184
1.8586633
1.848758
1.8610597
1.9238576
2.0004253
1.9815145
1.8968145
1.881765
1.867641
1.8996277
2.0153425
2.033632
1.9253926
1.86687
1.877948
1.8581146
1.9209411
1.9682211
1.9156102
1.8451264
1.8290675
1.8309429
1.8509407
1.8717263
1.8611419
1.8494173
1.8377614
1.8467233
1.8568753
1.8567673
1.8471637
1.8469347
1.8678927
1.9084642
1.9206641
1.9023654
1.8664026
1.85568
1.8689281
1.9331343
2.008597
1.9724463
1.8890548
1.8802984
1.8619108
1.8988757
2.019051
2.0349398
1.9129236
1.8617119
1.8767036
1.850169
1.9220898
1.9717362
1.9160963
1.8425746
1.8273478
1.8298347
1.8489041
1.8686295
1.8698171
1.8465978
1.8458123
1.8552732
1.8659171
1.8560302
1.8472238
1.8467948
1.8658029
1.9067781
1.9356208
1.9129661
1.8726858
1.8600186
1.8559965
1.8985822
1.9700049
1.9816353
1.9088103
1.8621004
1.8624601
1.8549862
1.9310685
1.9987339
1.9493008
1.8604033
1.8466269
1.8389457
1.856731
1.9273788
1.9499378
1.8792994
1.8333367
1.8269453
1.8284637
1.864039
1.9087268
1.9080302
1.8747549
1.8394303
1.8369008
1.8462964
1.8867499
1.918786
1.9151877
1.8733368
1.8460184
1.8459864
1.8626091
1.9143382
1.9479699
1.90938
1.8592964
1.8459744
1.8404757
1.8845584
1.9542437
1.950809
1.8838869
1.8431956
1.8417431
1.8471065
1.9167644
1.9587694
1.9151231
1.847065
1.8342924
1.8340242
1.8721237
1.9368557
1.9354713
1.8720995
1.8385422
1.8328105
1.8442199
1.9009355
1.9380333
1.9137987
1.8619103
1.8387398
1.8408445
1.8607376
1.9154092
1.9342844
1.896396
1.8471097
1.8378198
1.8411753
1.8827832
1.9323106
1.9288166
1.8708766
1.840971
1.8370981
1.8515545
1.9144397
1.9516928
1.9098499
1.8487427
1.8405532
1.8384509
1.8823634
1.9532229
1.9488857
1.8710499
1.8402272
1.8391653
1.8515818
1.9301836
1.9704187
1.908973
1.8441056
1.8414942
1.8375437
1.8956258
1.9726033
1.9467916
1.8617904
1.8388801
1.8353064
1.859517
1.9526653
1.9928491
1.9082866
1.8446434
1.8490449
1.8346617
1.8968629
2.000667
1.9893878
1.8829471
1.847749
1.8560475
1.8421819
1.9290152
2.0001252
1.9483937
1.8611392
1.8427215
1.8417522
1.8528303
1.9125326
1.9354001
1.8985044
1.8503844
1.8350723
1.8346145
1.8502375
1.8704349
1.8853484
1.8718541
1.8586597
1.848937
1.841476
1.8492935
1.8580939
1.8694315
1.8821325
1.8809562
1.8684042
1.850595
1.850992
1.858324
1.879985
1.8939958
1.8922915
1.8679068
1.852134
1.8445671
1.8578831
1.880145
1.8948674
1.8927803
1.8674457
1.8447348
1.8384585
1.8486685
1.8809464
1.9123812
1.908443
1.8676472
1.8372431
1.8326471
1.8481803
1.9130567
1.9708211
1.9385731
1.863903
1.852017
1.8440349
1.8668435
1.9703419
2.0146258
1.9343455
1.8525102
1.8671107
1.8451533
1.8900473
1.9889578
1.9874865
1.8910356
1.8418806
1.8474133
1.8383213
1.893
1.951061
1.9149156
1.848433
1.8239493
1.8235242
1.8475031
1.8977659
1.9149567
1.8686936
1.8327466
1.8243581
1.8388453
1.8813502
1.9298625
1.9082658
1.8577787
1.8375902
1.8350496
1.8661982
1.9265844
1.9624388
1.9166843
1.8564293
1.8477929
1.8421894
1.8770211
1.9644022
1.9829156
1.9155653
1.8499935
1.8547686
1.8402104
1.8779165
1.9695462
1.9695313
1.8910267
1.8383133
1.8407649
1.8319204
1.8781912
1.9326212
1.9321623
1.8670118
1.8297322
1.8263185
1.833381
1.8789124
1.9128778
1.9098973
1.8654358
1.8360324
1.8327694
1.8470709
1.8780495
1.9094955
1.9065201
1.8649971
1.8429352
1.8386313
1.8472958
1.8769165
1.9077402
1.9056721
1.8753986
1.8499676
1.8402212
1.8414054
1.864561
1.8932719
1.909056
1.88941
1.8555615
1.8394372
1.8381441
1.8454121
1.8919237
1.9271
1.920675
1.8657358
1.8391352
1.8373978
1.8390812
1.9075892
1.9692038
1.9567913
1.8764712
1.8496516
1.8504316
1.8435521
1.920713
1.9899378
1.9582653
1.8751488
1.8453587
1.8482188
1.8443592
1.904601
1.967715
1.9258415
1.8550639
1.8332036
1.8316633
1.8392352
1.8911823
1.9117126
1.8929853
1.8441253
1.832722
1.8325429
1.8533164
1.8765849
1.890645
1.8755959
1.8531506
1.8456815
1.8453169
1.8628968
1.874692
1.8875654
1.8740231
1.862843
1.8461964
1.8456438
1.8526946
1.8750114
1.8890284
1.8872927
1.8627167
1.8471313
1.8405892
1.844206
1.8747594
1.9053032
1.9028862
1.8731525
1.842183
1.8338976
1.8378038
1.8753998
1.9269315
1.9398928
1.8854513
1.8426406
1.8408595
1.8367978
1.887536
1.9667249
1.9794562
1.8975991
1.8480616
1.8567286
1.838643
1.8872154
1.989867
1.9843923
1.8984715
1.8447907
1.8567531
1.8383993
1.874246
1.9455737
1.9481999
1.8883402
1.840177
1.8325601
1.8345578
1.8524785
1.8901938
1.9090612
1.8766931
1.8515825
1.8310679
1.8315353
1.8425915
1.8743349
1.8899784
1.8882843
1.8612924
1.8444631
1.8385458
1.8518934
1.8725848
1.9010146
1.8991549
1.8716091
1.8470762
1.8417953
1.8442943
1.872581
1.9031851
1.9169536
1.883335
1.8482236
1.8369802
1.8347842
1.8608341
1.9235168
1.9418539
1.8993359
1.848034
1.8380488
1.8353032
1.8603818
1.9415232
1.9618828
1.912411
1.8499606
1.8454102
1.8376144
1.8604565
1.9215784
1.9632229
1.9152873
1.8539256
1.8411102
1.8397183
1.8447107
1.90101
1.9420246
1.9183608
1.8607063
1.8345252
1.8342627
1.8371488
1.88577
1.9237243
1.9198796
1.8706964
1.8351885
1.8356591
1.8377496
1.8714226
1.9203733
1.9188583
1.8825784
1.846204
1.8361262
1.8344246
1.8593913
1.9034357
1.9220034
1.8987429
1.851434
1.8391271
1.8332919
1.8501872
1.8997669
1.9372795
1.9139807
1.8605464
1.836873
1.8331559
1.8419304
1.9019146
1.9620588
1.9334748
1.8704529
1.840625
1.8422836
1.8380265
1.9002261
1.9644251
1.9556383
1.8812935
1.8411065
1.845546
1.8383257
1.8826209
1.9592286
1.957055
1.882942
1.8387208
1.8386748
1.8319988
1.8705949
1.940305
1.9402937
1.8831751
1.8389925
1.834993
1.8351591
1.8589145
1.9017144
1.9039322
1.8715434
1.8400548
1.8356936
1.8419092
1.8582813
1.8821958
1.8823811
1.868983
1.8488392
1.8411463
1.8487194
1.8578601
1.8827107
1.882472
1.8687601
1.8492565
1.8424945
1.8491998
1.8685821
1.8958242
1.8948486
1.8682817
1.8437252
1.8381839
1.8403795
1.869623
1.9007419
1.8988307
1.8682097
1.8431078
1.8342444
1.841971
1.8683501
1.8989544
1.8984926
1.8681105
1.8415241
1.8314168
1.8405685
1.8684305
1.8986313
1.8973305
1.8675882
1.8424942
1.8384309
1.8406982
1.8679689
1.8978591
1.8968773
1.8675091
1.841712
1.8377061
1.8405378
1.8677311
1.8976854
1.8966998
1.8671901
1.8417904
1.8376061
1.8399737
1.8676935
1.8979586
1.8967031
1.8670353
1.8416435
1.8377393
1.8401004
1.8673807
1.8977208
1.8966511
1.8668209
1.8413825
1.8374628
1.8397903
1.867198
1.8974386
1.8962357
1.8665812
1.8413392
1.8373934
1.8396184
1.8670356
1.8975294
1.896322
1.8664049
1.841182
1.8373679
1.8394558
1.8668268
1.8973606
1.8961318
1.8661985
1.8409802
1.8371557
1.8392463
1.8666477
1.8972852
1.8960257
1.8659997
1.8408784
1.8371058
1.8390522
1.866474
1.8972251
1.8959213
1.8658075
1.8407149
1.8369923
1.8388906
1.866282
1.8971226
1.9111259
1.8772894
1.8501258
1.8375183
1.8364632
1.8547354
1.91611
1.9528093
1.9211781
1.862738
1.8532398
1.8451774
1.8555648
1.9530823
2.02572
1.9758642
1.8701162
1.8830291
1.8729128
1.851933
1.9525694
2.0369911
1.9690671
1.8615545
1.8576531
1.8641708
1.8432442
1.8962886
1.94272
1.907109
1.847964
1.8275242
1.8250711
1.8396424
1.8563607
1.8682691
1.8686407
1.85589
1.8551654
1.8549471
1.8551697
1.8551387
1.8549416
1.8545297
1.8655193
1.8780653
1.8774645
1.8763527
1.8563789
1.8489366
1.8476119
1.8545892
1.8787057
1.8936112
1.8908528
1.8647636
1.8426211
1.8371178
1.8377398
1.8659421
1.9151167
1.9293325
1.8900647
1.8461413
1.8393879
1.8310938
1.8653084
1.9568343
2.0202973
1.9532868
1.8662798
1.8854094
1.865866
1.857267
1.9728036
2.0581036
1.9828699
1.8714247
1.8728056
1.8820257
1.8480855
1.9077896
1.9589314
1.9225203
1.8584551
1.8238472
1.8241425
1.8336759
1.8557128
1.8811915
1.8818331
1.8553324
1.8448931
1.8366922
1.8448061
1.8540195
1.8655027
1.8780613
1.8768156
1.8642933
1.8550622
1.8472675
1.8461777
1.8647081
1.8775811
1.8916266
1.876564
1.854434
1.8404561
1.839188
1.8531873
1.8916755
1.9080938
1.8897781
1.8546431
1.8375571
1.8298126
1.8433672
1.8952962
1.9520042
1.9406037
1.8774626
1.8493326
1.8510848
1.8392739
1.8911772
1.9787713
1.993556
1.9030018
1.84967
1.8646586
1.8442312
1.8643199
1.9506644
1.9781346
1.908901
1.8409421
1.8375522
1.8353504
1.8453393
1.9096309
1.9518695
1.9087803
1.8538587
1.8321526
1.8335558
1.8371984
1.8920321
1.9320121
1.9262722
1.8742777
1.839164
1.8381395
1.8364191
1.8631697
1.9286544
1.9478346
1.9037054
1.8493038
1.8415705
1.8374686
1.8443892
1.9093943
1.9737384
1.9430144
1.8751888
1.845587
1.8485729
1.8343525
1.8759065
1.955065
1.975517
1.9196279
1.8512719
1.848721
1.8451817
1.8398767
1.9081163
1.977968
1.9683877
1.8879523
1.8424287
1.85333
1.8368874
1.8532737
1.9329293
1.9814041
1.9448583
1.8648132
1.8430996
1.8494507
1.836726
1.8747418
1.9512718
1.9738384
1.9205701
1.8492378
1.8438966
1.8415225
1.8398365
1.8914342
1.9542183
1.9498696
1.8879647
1.843092
1.8403804
1.8362068
1.8443564
1.892522
1.9338932
1.9289281
1.874866
1.8411183
1.8360649
1.8347285
1.852127
1.9065646
1.9470059
1.9223264
1.8732241
1.8419938
1.8380318
1.8365648
1.8624933
1.9291899
1.9500016
1.9195743
1.8551831
1.8399352
1.8403342
1.8338119
1.8758577
1.9532442
1.9714226
1.9184604
1.8580147
1.849478
1.847607
1.8409442
1.8902125
1.975883
1.992316
1.9172233
1.8543048
1.8576511
1.8538563
1.8420393
1.9047514
1.9744678
1.9697124
1.9008111
1.8451164
1.8467757
1.842587
1.8393215
1.8905911
1.9342655
1.9325051
1.8889303
1.8452319
1.8374367
1.8341438
1.8383977
1.862263
1.910766
1.92977
1.9047923
1.8624797
1.83959
1.8369409
1.8353177
1.8614405
1.926806
1.9674866
1.9359727
1.8743591
1.848329
1.8507708
1.8362936
1.8734287
1.9508038
1.9965482
1.9557188
1.8745795
1.8532118
1.8636276
1.8398393
1.8622789
1.9318082
1.9817579
1.947087
1.8739552
1.8435826
1.84923
1.8390204
1.8445652
1.8915654
1.9357176
1.9332213
1.8889387
1.8447857
1.8374827
1.835717
1.8390688
1.861392
1.9087037
1.9284949
1.9044228
1.861447
1.8423252
1.8379745
1.8353564
1.8504355
1.8903848
1.9280833
1.9226301
1.8846645
1.8482517
1.8410888
1.8377762
1.8432958
1.8881786
1.9471002
1.9620394
1.9136317
1.858633
1.8507715
1.8478868
1.8406448
1.8874384
1.9708729
1.9895158
1.9319015
1.8590678
1.8552155
1.8576347
1.8353956
1.874311
1.9537534
1.9790189
1.9407357
1.8629285
1.8449494
1.8523324
1.8382945
1.85145
1.9075905
1.9538913
1.928959
1.8855739
1.8464551
1.838844
1.8374882
1.8380741
1.872767
1.9096661
1.9289358
1.9037484
1.8604406
1.8420931
1.8382185
1.8359616
1.8499187
1.8883998
1.9262481
1.9222729
1.8846579
1.8533866
1.8383844
1.8371911
1.8360295
1.8730505
1.9276066
1.945967
1.9168372
1.8622813
1.8416395
1.8422194
1.8313107
1.8600981
1.9296696
1.9748621
1.9590697
1.8844159
1.8487797
1.8581415
1.8425694
1.8427646
1.9078488
1.9798725
1.9929299
1.9302231
1.86072
1.8606899
1.8668853
1.8411101
1.8716736
1.9489506
1.9787185
1.9442036
1.8716351
1.8381464
1.8467898
1.8391181
1.8432711
1.8890693
1.9309212
1.9293116
1.8872098
1.8506421
1.8377919
1.8367422
1.8392004
1.8591661
1.8878775
1.9068819
1.9036595
1.8708217
1.8508484
1.8408942
1.840806
1.8426654
1.8589922
1.8869044
1.9037349
1.9001689
1.8705242
1.8521624
1.8370202
1.8348163
1.840926
1.8724105
1.9246886
1.9409728
1.9138883
1.8627193
1.8466985
1.8418944
1.8354352
1.8592678
1.9283959
1.9949154
1.975771
1.9085319
1.8606669
1.8754165
1.8611887
1.8409123
1.9033084
1.9795957
2.0007029
1.9368955
1.8626952
1.8515639
1.8636782
1.8425912
1.8513668
1.9065819
1.9359164
1.9327345
1.8874255
1.8502663
1.8391181
1.8402113
1.8367903
1.8492002
1.8728124
1.9086502
1.9081281
1.9005909
1.8693517
1.8474112
1.8424238
1.838686
1.8417586
1.8712258
1.9067262
1.9248749
1.9162381
1.8806319
1.8498986
1.8441336
1.8387169
1.8348223
1.8722925
1.9299133
1.9700968
1.9533942
1.8953733
1.8568537
1.8643951
1.8513762
1.8369197
1.9043406
2.0024657
2.0433826
1.9873272
1.8904774
1.8778355
1.9111867
1.8650589
1.8548137
1.9265816
1.9865339
1.9630003
1.8927145
1.8436397
1.836209
1.8402786
1.8353069
1.8506162
1.8734661
1.8930286
1.8945072
1.8755206
1.8593868
1.8494827
1.8439987
1.8447235
1.8422084
1.8479978
1.8708202
1.8865688
1.9010427
1.896923
1.8803927
1.8542074
1.8409308
1.838471
1.8346815
1.8591349
1.9083582
1.9470236
1.9546086
1.9086722
1.8685864
1.8603363
1.8555293
1.8385029
1.8586555
1.9312708
2.0052564
2.008314
1.9422287
1.8748212
1.8812863
1.8947661
1.8498591
1.8606088
1.9302177
1.9888159
1.9802876
1.9178472
1.8538905
1.8485628
1.8597095
1.84242
1.843559
1.8743397
1.9162242
1.9205257
1.9115424
1.8840919
1.8514934
1.8467958
1.8436024
1.8393974
1.8405654
1.8715321
1.9097073
1.9484302
1.9365664
1.9072043
1.8659265
1.8562323
1.8553948
1.8386033
1.8486326
1.908007
1.9789588
1.9917223
1.9652897
1.8946621
1.8676782
1.8866696
1.8647683
1.8416526
1.8874058
1.9594073
1.9882944
1.9685037
1.8963566
1.8521526
1.8580551
1.8621421
1.8424857
1.8501527
1.8902481
1.9359412
1.9359224
1.9058241
1.8693528
1.8465831
1.8428284
1.8396733
1.8340065
1.8473268
1.8894082
1.9315761
1.9468471
1.9320139
1.8816794
1.8555735
1.8551054
1.8466147
1.8335823
1.8587725
1.9307963
1.9795284
1.9864302
1.9426957
1.8768063
1.8669928
1.8811175
1.8541284
1.8441786
1.9034082
1.9789011
2.0020375
1.958702
1.8931897
1.8530792
1.8661133
1.8619078
1.838016
1.8593628
1.909044
1.9385974
1.9352674
1.9036655
1.8585231
1.8419418
1.843356
1.8410207
1.8380544
1.8572333
1.8877407
1.9095362
1.9248772
1.8989809
1.8682945
1.8468293
1.8434141
1.8371773
1.8359325
1.8569304
1.9038942
1.9445536
1.956222
1.9245147
1.8728569
1.8538489
1.8571208
1.8421155
1.8409578
1.8874221
1.9536127
1.996647
1.9742532
1.9070317
1.8657421
1.8715703
1.8719313
1.8406365
1.8492793
1.910342
1.9650493
1.9829082
1.9400802
1.8812833
1.8504797
1.8608288
1.8573308
1.8366541
1.8484674
1.9075857
1.9385673
1.9559326
1.9377334
1.8924056
1.8590639
1.8579111
1.858384
1.8393812
1.8403381
1.8741057
1.9377748
1.9827441
1.9839902
1.9406693
1.8796544
1.8718336
1.8900024
1.8624249
1.8403894
1.8866882
1.9581443
2.0115418
1.9910334
1.9271448
1.8664737
1.8630645
1.8807067
1.8564807
1.8407583
1.8729521
1.9333501
1.963419
1.9530945
1.9155115
1.8692536
1.8510966
1.8569937
1.8507199
1.838222
1.8475089
1.8897254
1.9356681
1.9544094
1.9387962
1.8942189
1.8565297
1.8526438
1.8556516
1.8385957
1.8400834
1.8857194
1.9510157
1.9734696
1.9579157
1.9074578
1.8576066
1.854774
1.8596895
1.8399777
1.8403984
1.8872988
1.9534591
1.9760945
1.9591112
1.9078176
1.8643185
1.857645
1.8630638
1.8458819
1.842454
1.8717837
1.930806
1.9568282
1.946047
1.9115095
1.8684671
1.8516855
1.8553991
1.8485041
1.8354747
1.8469391
1.8898033
1.9353149
1.9530082
1.9377193
1.9065418
1.8643472
1.8576366
1.8604581
1.844727
1.8352388
1.8703991
1.931151
1.9792364
1.9864075
1.9438003
1.8835231
1.861479
1.8781221
1.8647492
1.8354545
1.858657
1.9303501
1.9862628
1.9999053
1.9535458
1.8925501
1.8602024
1.8723269
1.8723042
1.8436308
1.8492796
1.8885862
1.9367752
1.9416753
1.9304773
1.8975619
1.8578331
1.8467181
1.8501672
1.8438246
1.8349124
1.8459004
1.8725041
1.9133015
1.9536171
1.9596353
1.9402919
1.8935652
1.867864
1.8734252
1.8662391
1.8359296
1.8475562
1.9105891
1.9662523
2.0086992
1.9818513
1.9213063
1.8691305
1.8723333
1.8883395
1.8604428
1.8414314
1.8711233
1.9317007
1.9645574
1.9575368
1.9200771
1.8787428
1.849818
1.8534807
1.855112
1.8414232
1.8411586
1.8688885
1.9076349
1.9318533
1.9262149
1.9133501
1.8777517
1.8544376
1.8499185
1.846219
1.8354406
1.8385369
1.8694873
1.9090511
1.9510318
1.960892
1.9262544
1.8802499
1.8579658
1.8608958
1.854403
1.8340278
1.8460697
1.9046912
1.9552348
1.9743955
1.956084
1.9057176
1.8638525
1.8584964
1.8656063
1.8480384
1.8370588
1.8688937
1.9094424
1.9365181
1.9318969
1.917249
1.8778279
1.8528296
1.8486505
1.8502558
1.8389736
1.840064
1.855559
1.8896059
1.9316816
1.9464052
1.9315684
1.9035093
1.8645622
1.8569272
1.8581964
1.8435717
1.8342383
1.8689498
1.9292157
1.9775202
1.986724
1.9445348
1.8902339
1.8596443
1.8734972
1.8676333
1.840623
1.8476253
1.9037651
1.955936
1.9779701
1.9596883
1.907485
1.8697679
1.8577793
1.8669398
1.8540016
1.8366483
1.8559579
1.890289
1.9368783
1.956706
1.9405822
1.9070846
1.8691595
1.8563148
1.8620008
1.8520175
1.8365433
1.8453004
1.8886175
1.936104
1.9568344
1.9609742
1.9225357
1.8793249
1.8602868
1.8698201
1.8617182
1.8377002
1.8459387
1.8881546
1.9371574
1.9603384
1.9653774
1.9247608
1.8788849
1.8615277
1.8689122
1.864727
1.8417586
1.8464141
1.8848803
1.9325126
1.957414
1.9456587
1.9105762
1.8664045
1.848271
1.853413
1.8499988
1.8368527
1.8450601
1.8839135
1.9277241
1.9490123
1.9376884
1.9069241
1.8673167
1.849937
1.8520132
1.8454765
1.8326648
1.8443575
1.8873394
1.9323548
1.9515462
1.956271
1.9203529
1.879409
1.8636155
1.8674176
1.8588333
1.8363864
1.845264
1.8880166
1.9372902
1.9818833
1.9844534
1.9405048
1.8912563
1.869464
1.883355
1.8785641
1.8448162
1.8405333
1.887526
1.9395227
1.9674845
1.9542673
1.9308187
1.8773502
1.8546463
1.8612956
1.8636112
1.8425696
1.8396668
1.8683152
1.9108982
1.9383532
1.9523401
1.9337432
1.8898743
1.8616909
1.85541
1.8599784
1.8465302
1.8364294
1.8542534
1.9045074
1.9524614
1.9688891
1.9508824
1.9037626
1.8635598
1.8574584
1.8656783
1.8470361
1.8358177
1.8667146
1.924896
1.9751854
1.9881177
1.9647002
1.9147217
1.8713814
1.8731349
1.8814089
1.8569639
1.8347046
1.8576714
1.8968813
1.9277999
1.9475822
1.9306554
1.9099743
1.8762103
1.8614458
1.8645821
1.8632072
1.8464459
1.83382
1.8546873
1.8931448
1.9412104
1.9582136
1.9594293
1.9360431
1.8893776
1.8728776
1.8811411
1.8768097
1.850435
1.8417296
1.8700563
1.8979534
1.9250515
1.9217399
1.9072165
1.8786883
1.8552644
1.8497205
1.8502676
1.8481628
1.8397486
1.8437283
1.8664309
1.9049135
1.9471679
1.958276
1.9594017
1.9153038
1.8841617
1.8729124
1.8772151
1.8588879
1.8374887
1.8480427
1.8939406
1.9242375
1.9441985
1.9294987
1.8952026
1.8644404
1.8503933
1.8522604
1.8499316
1.839441
1.8360343
1.8670969
1.90912
1.9551466
1.9890654
1.984731
1.9457759
1.8988041
1.8868198
1.9022235
1.8839877
1.8437358
1.843576
1.882626
1.9153574
1.9231403
1.8976308
1.8811855
1.8552638
1.8448734
1.8462794
1.8488553
1.8479878
1.8452926
1.8451517
1.8670306
1.9033911
1.9435554
1.9764194
1.9777544
1.9437171
1.8962991
1.8804727
1.8907723
1.8730574
1.8423305
1.8451598
1.8839672
1.9123843
1.9161483
1.8903509
1.8623728
1.8430791
1.8362386
1.8434408
1.8480265
1.8539286
1.8583579
1.8662883
1.8798003
1.8967808
1.912717
1.9081228
1.9020483
1.8744521
1.8579173
1.844922
1.8373337
1.8333781
1.830617
1.8564249
1.8880596
1.9065844
1.9184589
1.9077017
1.8859192
1.8666495
1.8550789
1.8502545
1.8409067
1.8311089
1.8408049
1.8712808
1.9142578
1.9542954
1.9802518
1.9738526
1.9405515
1.9040713
1.900189
1.9102468
1.8820813
1.8406444
1.8435514
1.875437
1.9084806
1.9161396
1.9245367
1.9003437
1.8952622
1.8769113
1.8715279
1.8766098
1.872497
1.8540586
1.8309495
1.8324078
1.8641777
1.9147716
1.9867444
2.0368576
2.0598602
2.033365
1.9781029
1.9577818
2.0084038
2.010678
1.918798
1.8661463
1.8789651
1.8948779
1.8795226
1.8550152
1.8283272
1.8158516
1.8272395
1.8726236
1.9500166
1.9827297
1.9791198
1.9437602
1.937955
1.9555275
1.9149168
1.8297782
1.807568
1.8755381
2.006145
2.208449
2.3977695
2.574813
2.68679
2.5777345
2.3452253
2.4390144
2.776557
2.5263772
2.117114
2.0554445
2.1016252
2.055415
1.9322202
1.846127
1.8683926
1.8881253
1.7976611
1.6983063
1.6963153
1.754645
1.7858244
1.7337369
1.6375997
1.5610602
1.5378053
1.54244
1.5361835
1.5471683
1.5691602
1.6107436
1.6206434
1.5953901
1.5526801
1.530333
1.5286107
1.5650637
1.6250951
1.7272922
1.8705757
2.0595613
2.2096772
2.35717
2.390728
2.3264782
2.2019894
2.1049864
2.1286502
2.2450547
2.2739024
2.1942706
2.1508403
2.1651974
2.1639156
2.0942774
1.979795
1.8977125
1.8722633
1.8561115
1.8139892
1.8065755
1.892242
2.020525
2.1298654
2.15035
2.1034462
2.0115895
1.901312
1.8465247
1.8415401
1.8505204
1.867713
1.9745135
2.1507282
2.3595366
2.4942222
2.5260086
2.4327803
2.2663853
2.141389
2.17541
2.2788253
2.2255037
2.0830925
2.034061
2.069126
2.090246
2.0361786
1.9367477
1.8442355
1.7989258
1.78098
1.7640712
1.7614673
1.7927277
1.8506843
1.8919911
1.8863524
1.8299863
1.7680731
1.7226557
1.6945887
1.665894
1.6692832
1.7265232
1.8868304
2.0845463
2.312725
2.5095298
2.6138487
2.634378
2.5216377
2.323601
2.158647
2.1585293
2.2689629
2.2412057
2.1078644
2.0883322
2.205657
2.343953
2.390026
2.2814548
2.128241
2.0314531
2.0399253
2.0830936
2.030368
1.922904
1.8833493
1.9326198
1.9985814
2.0260062
1.9747252
1.8792896
1.7863165
1.7398111
1.7366903
1.7310851
1.7040849
1.712922
1.8053838
1.9579644
2.1364803
2.31285
2.4162695
2.419603
2.3416476
2.1705394
2.0265503
1.9807861
2.0265164
2.0492158
1.9797683
1.9191761
1.9768243
2.1578789
2.3513427
2.4616668
2.4175928
2.2482407
2.0753582
1.9963474
2.0285783
2.0977771
2.0787919
1.9949119
1.9554981
1.9952748
2.055808
2.092719
2.0601375
1.9775287
1.8934342
1.8481034
1.8423976
1.8402802
1.8073994
1.7781868
1.7899358
1.8611987
1.9690833
2.0519092
2.0841937
2.063592
2.003135
1.9237226
1.8585066
1.8267756
1.8269494
1.8370931
1.836247
1.8614292
1.9482071
2.0839338
2.2326138
2.3685024
2.4397037
2.386456
2.2515385
2.1001506
2.0283237
2.0457146
2.0890386
2.0686774
1.9926107
1.9492955
1.9760556
2.031372
2.0714474
2.0543606
1.9904077
1.9095885
1.8491687
1.8215566
1.8096974
1.7931087
1.7680433
1.7743624
1.8150496
1.8863997
1.9580339
2.011961
2.004405
1.9731975
1.9133735
1.8638515
1.8213003
1.8098992
1.8129611
1.8214518
1.8612683
1.9519894
2.093393
2.2560673
2.4260132
2.5369062
2.5597193
2.4815292
2.3254747
2.1752229
2.1188314
2.1645355
2.2115474
2.151453
2.0382366
1.9837753
2.0090528
2.0622294
2.087742
2.054274
1.980802
1.8920194
1.8244196
1.7903519
1.7719431
1.7496397
1.7327275
1.7431104
1.7795963
1.8368075
1.8758627
1.8836913
1.8593744
1.8119576
1.7643218
1.7305897
1.7123307
1.7096801
1.7141807
1.7550843
1.8797603
2.0782306
2.3353908
2.6597378
2.9277692
3.1400714
3.2742066
3.2720459
3.1125398
2.821812
2.541183
2.4452236
2.5815592
2.6940453
2.5207028
2.233564
2.0992134
2.1399922
2.2447882
2.3142304
2.2926075
2.2022655
2.081173
1.9788564
1.9191408
1.8829769
1.8509836
1.8305914
1.8518641
1.9304165
2.054357
2.1534672
2.2268827
2.2314405
2.1810305
2.0883546
1.992765
1.9369575
1.9366134
1.9463941
1.9117016
1.8394082
1.7972105
1.8341494
1.9778713
2.16245
2.332716
2.453733
2.4918687
2.4462948
2.3374438
2.1968474
2.0801506
2.030989
2.0508094
2.0660036
2.0007875
1.8830638
1.8170627
1.8533998
1.9841087
2.130158
2.234789
2.2698083
2.2367718
2.1408374
2.0112696
1.9073429
1.8692479
1.8869315
1.9105377
1.8796439
1.8057246
1.7601105
1.7989017
1.9141383
2.0571854
2.2093024
2.297468
2.3367338
2.2926805
2.199075
2.0786524
1.9817877
1.9448208
1.9685199
2.0007157
1.973322
1.8962452
1.8416727
1.878463
2.0063543
2.1794739
2.3782165
2.510179
2.585687
2.5874867
2.5206861
2.3903747
2.2580771
2.164938
2.1363013
2.1604002
2.1618836
2.0964646
2.0059059
1.9678664
2.0031276
2.090897
2.1916568
2.2447922
2.245201
2.1678808
2.067155
1.9643942
1.9048446
1.8999081
1.920223
1.9164922
1.86865
1.8136239
1.796655
1.8294932
1.912734
1.989684
2.0464902
2.070994
2.0455413
1.9832262
1.9160309
1.858411
1.8223168
1.8174998
1.8237417
1.824183
1.8114672
1.806706
1.8324968
1.9075439
2.0188522
2.1273859
2.2637913
2.3370633
2.3717206
2.3522508
2.2948918
2.2021453
2.105307
2.0452952
2.033573
2.0477862
2.0425854
1.9985824
1.948745
1.9294883
1.9596918
2.0243282
2.078172
2.098244
2.0772681
2.022354
1.9428389
1.8848453
1.8535507
1.8446662
1.8448484
1.829152
1.8060117
1.7904792
1.8021575
1.8395807
1.9086682
1.9749415
2.023096
2.0454192
2.0249312
2.00296
1.9563249
1.9111453
1.8822048
1.8671068
1.858651
1.8549745
1.8504965
1.8476317
1.8699778
1.9120903
1.9722965
2.0441675
2.1200836
2.1506982
2.1549792
2.1365285
2.0872068
2.0241313
1.9724476
1.9435712
1.9318526
1.9263155
1.9110303
1.8887701
1.873423
1.8806669
1.9077694
1.9482006
1.9805492
1.995622
1.977336
1.9438971
1.9029286
1.8705515
1.8421537
1.8288399
1.820973
1.8112018
1.8050663
1.8061023
1.8245492
1.8685404
1.9273094
1.9768522
2.026438
2.0536017
2.076418
2.0597832
2.0297518
1.9929998
1.9481232
1.9262084
1.9136456
1.9078542
1.8999662
1.8937203
1.8862097
1.9005259
1.9284723
1.9546169
1.9838467
1.9979498
1.9941946
1.9623705
1.9232728
1.8914714
1.8618968
1.8465315
1.8376553
1.82893
1.8193028
1.8216337
1.8311443
1.8611069
1.9019325
1.9493577
1.9990827
2.0102477
2.017949
2.0065584
1.9810932
1.9480817
1.9144058
1.8988545
1.8829907
1.8798381
1.8720074
1.870847
1.8774906
1.8902131
1.9215987
1.9481528
1.9770678
1.9907355
1.9873469
1.9689162
1.9401119
1.9069476
1.8817675
1.8631477
1.8525028
1.8444982
1.8378125
1.836227
1.8466314
1.8646448
1.9022505
1.9321182
1.9628524
1.9759507
1.9862521
1.964455
1.9447676
1.9172297
1.896036
1.8806322
1.8687336
1.8628303
1.8601136
1.8623545
1.8657382
1.8823167
1.9167725
1.9442433
1.9585907
1.9717766
1.9688195
1.951808
1.9251099
1.9026623
1.884756
1.8641099
1.8580043
1.849791
1.8449814
1.8466947
1.8605878
1.8807864
1.9063838
1.9353554
1.9500556
1.9630865
1.9592353
1.9411427
1.9246409
1.9007496
1.8822763
1.8680468
1.8621576
1.8545423
1.8586037
1.8627744
1.8687612
1.8886812
1.9133674
1.9412062
1.9552569
1.9536625
1.9509643
1.935028
1.9101393
1.8895954
1.8730676
1.859365
1.8524213
1.8502296
1.8461449
1.8500141
1.8667455
1.8891038
1.9159672
1.9305929
1.9599693
1.9573967
1.953815
1.9365852
1.9211099
1.8984904
1.880916
1.8670249
1.8607816
1.8596654
1.856576
1.860779
1.8769125
1.8981749
1.9106362
1.9381555
1.9522564
1.9508806
1.9356258
1.9209867
1.9073457
1.8866566
1.8700176
1.8559053
1.848469
1.8460648
1.8504341
1.8560911
1.8750149
1.8988996
1.9266075
1.940968
1.9547534
1.9523889
1.9488019
1.9321404
1.9072808
1.887547
1.8722779
1.8662317
1.8594421
1.8571142
1.8609672
1.8659662
1.8844185
1.8957093
1.9222441
1.9367567
1.9364295
1.9348667
1.9197767
1.9056247
1.883627
1.8657408
1.8581547
1.8507329
1.8495886
1.8469679
1.8628837
1.8715917
1.8949984
1.9222054
1.9363383
1.9499207
1.9620376
1.9445556
1.928851
1.9149631
1.8948824
1.8794675
1.8667808
1.8600055
1.8572176
1.8602983
1.8646064
1.8715699
1.8936341
1.9072152
1.9219186
1.936354
1.9351103
1.9196103
1.9049405
1.8916751
1.8714938
1.8630748
1.8556963
1.8478577
1.8545343
1.8615884
1.8696432
1.8914411
1.9036744
1.9309759
1.9446654
1.9431312
1.9408435
1.9258465
1.9123223
1.8919733
1.8758194
1.8689866
1.8617556
1.8525429
1.8561087
1.861083
1.8685961
1.8791451
1.8921584
1.9063601
1.9205309
1.9195192
1.9174434
1.9023225
1.8889639
1.8776051
1.8681827
1.8600621
1.8604021
1.8600453
1.8683085
1.8772521
1.8873159
1.8987389
1.911207
1.9240438
1.9233892
1.922225
1.9092079
1.8974383
1.8870536
1.8697593
1.8616803
1.8532373
1.8513302
1.8488317
1.8558213
1.8650768
1.8765647
1.8897674
1.9037465
1.9174701
1.9158432
1.9134483
1.9106112
1.896693
1.8853881
1.8764224
1.8689793
1.8697025
1.8694743
1.8680365
1.8755238
1.8740232
1.8839277
1.8956189
1.8960721
1.8963284
1.896101
1.8840896
1.8834108
1.8723359
1.8622484
1.8622378
1.8525131
1.8519907
1.8614242
1.8609029
1.8716683
1.8834214
1.8957686
1.908277
1.9071373
1.9061514
1.9050498
1.9039545
1.8929387
1.883565
1.8751674
1.8669347
1.8659515
1.8560112
1.8535542
1.8609518
1.8599527
1.871209
1.8844776
1.8849987
1.8984737
1.8974946
1.8958626
1.8938581
1.8920348
1.8802671
1.8803262
1.8716629
1.872367
1.8725404
1.8719735
1.8709097
1.8698096
1.879165
1.8789606
1.8790745
1.879279
1.8793932
1.879372
1.8792286
1.8677479
1.8674726
1.8672781
1.8671471
1.867031
1.8669238
1.8668511
1.8776147
1.8773947
1.8772476
1.8771439
1.877003
1.8768238
1.8766842
1.8766263
1.8765886
1.8764832
1.8762993
1.8761113
1.8759832
1.8759065
1.8758245
1.8757068
1.8755698
1.8754431
1.8650062
1.8647531
1.8645655
1.8644513
1.8643327
1.8641667
1.8639969
1.8638778
1.8751436
1.8748852
1.8746406
1.8860981
1.8854842
1.8850207
1.8847318
1.8845664
1.8844942
1.8748198
1.8746018
1.865202
1.8643274
1.8543341
1.8530478
1.8521849
1.8517597
1.8635343
1.8635484
1.8763282
1.8890529
1.9010406
1.9120681
1.9090204
1.9071968
1.9060113
1.8884593
1.8810089
1.8674881
1.8585103
1.8471621
1.8333018
1.8264296
1.8327615
1.8593239
1.8927128
1.9260511
1.9758835
2.0204072
2.0381436
2.036028
2.0096047
1.9778248
1.9558959
1.9501362
1.9468771
1.9235208
1.8756334
1.8277471
1.8075674
1.8210945
1.8773156
1.9551009
2.059062
2.1417885
2.2213185
2.2714634
2.282752
2.2551978
2.1908767
2.1431487
2.1435108
2.1905136
2.2291408
2.1896284
2.0845532
1.9851012
1.9296616
1.9091439
1.9054272
1.8966978
1.8806032
1.8516934
1.8247217
1.8012546
1.7880433
1.7806275
1.7829025
1.7960064
1.8508637
1.9221628
2.0257683
2.1262712
2.1875935
2.213674
2.1909983
2.1094549
2.0168898
1.968308
1.9878893
2.0520575
2.0888338
2.04602
1.9658778
1.9143071
1.9180148
1.9620684
2.0106316
2.0525477
2.075571
2.0558043
2.0169291
1.9810101
1.9382633
1.9133588
1.8834537
1.8698322
1.8609772
1.8596954
1.8721411
1.9037031
1.929986
1.9576167
1.9819642
1.9757208
1.9658056
1.9365348
1.9076244
1.8848943
1.8747106
1.8667433
1.8495724
1.8301027
1.8158667
1.8204839
1.8544097
1.8898033
1.9476844
1.9856687
2.0370555
2.038375
2.0342708
1.9960669
1.9542322
1.9192277
1.9001323
1.8993485
1.9035594
1.8953227
1.8735752
1.8564973
1.8526603
1.865354
1.9035126
1.9233536
1.9419489
1.9573224
1.9520676
1.9292107
1.9083774
1.8911327
1.8690677
1.8610847
1.8618416
1.8608756
1.8659074
1.8711476
1.8893217
1.9007916
1.9142394
1.9272068
1.9258072
1.9112257
1.8880866
1.8688464
1.8480191
1.8355956
1.8268617
1.8141379
1.8125021
1.8146154
1.8504119
1.9009358
1.9588383
2.0420136
2.0955808
2.139128
2.122624
2.0682676
2.001533
1.9671775
1.9680938
1.9891329
1.9964781
1.9649904
1.9083991
1.861767
1.8418136
1.8459696
1.8566083
1.8723583
1.8656577
1.8560983
1.8451781
1.8333061
1.8341205
1.8461639
1.8512523
1.8843834
1.9138813
1.9609382
2.0075576
2.0342038
2.0609374
2.0564024
2.0345135
2.0104342
1.9995865
2.0034828
2.0133214
2.009441
1.9805331
1.9335907
1.8884683
1.8579011
1.8386383
1.8288767
1.8257054
1.8186266
1.8030765
1.7988162
1.7942727
1.8003265
1.8170669
1.8455644
1.8881509
1.9476124
2.0008974
2.0721695
2.1356907
2.167798
2.1568856
2.122089
2.0816698
2.0528843
2.0605915
2.094582
2.1198082
2.105423
2.0505733
1.986632
1.9384767
1.907289
1.8841629
1.855717
1.8260986
1.790143
1.7592287
1.7387903
1.7261751
1.7258358
1.7324317
1.7509024
1.8074392
1.8983257
1.9966341
2.150965
2.2590904
2.3782027
2.4460995
2.448391
2.3815522
2.2703698
2.1485212
2.0865223
2.1134894
2.194558
2.2387981
2.2001057
2.11944
2.0623083
2.0439925
2.0372217
2.017448
1.9764879
1.9208317
1.8656095
1.829736
1.8133006
1.8019218
1.7867241
1.7667528
1.7694318
1.8207738
1.8840497
1.980552
2.083099
2.1552122
2.1915877
2.1956604
2.1535738
2.0797932
2.0011847
1.925559
1.8862772
1.8864682
1.8977981
1.9004734
1.894888
1.9094675
1.9492266
2.0275545
2.1069288
2.1707106
2.1918867
2.1730728
2.1250236
2.0549116
2.000316
1.9712415
1.9621418
1.9510739
1.9208386
1.8829608
1.8611832
1.8720063
1.9059489
1.9381273
1.9668758
1.9615345
1.9363035
1.8884996
1.8491347
1.8154579
1.8009578
1.795656
1.7886381
1.7832242
1.7931938
1.813961
1.8826329
1.972054
2.0707407
2.1683054
2.2578552
2.310058
2.3067849
2.2631688
2.1823182
2.103032
2.0501225
2.0446467
2.068284
2.0804844
2.054559
2.0048218
1.9670174
1.9575361
1.9566553
1.95645
1.9374276
1.8990824
1.8546718
1.8147097
1.7887545
1.7746918
1.7632514
1.7487676
1.733511
1.7403328
1.7785823
1.8387003
1.9335208
2.036871
2.1102312
2.1741455
2.227641
2.2236671
2.17613
2.1136875
2.024922
1.9636893
1.937349
1.9430523
1.95989
1.9637895
1.9519436
1.9458051
1.9646755
2.0027332
2.0384116
2.0476713
2.0369856
1.9996574
1.9484656
1.9046513
1.8788232
1.867869
1.8566937
1.8368697
1.8151112
1.8055018
1.8238086
1.8635008
1.9336398
1.9925795
2.0276098
2.0549102
2.055361
2.0338788
1.9845427
1.9451227
1.9087746
1.8878001
1.8820394
1.8802888
1.8754575
1.8701842
1.8834289
1.9088867
1.9332497
1.9751432
1.9897168
1.9994656
1.9790435
1.947573
1.9122849
1.8863412
1.8649237
1.853517
1.8462467
1.8310037
1.8213533
1.8239688
1.8379259
1.8757517
1.9084129
1.9426982
1.975043
1.9857568
1.9759794
1.9649755
1.9289194
1.9010919
1.8811237
1.8749306
1.8706418
1.8640101
1.8677614
1.870398
1.885
1.8942199
1.9181794
1.9318258
1.9438647
1.9296086
1.9145626
1.8999152
1.8714944
1.8561585
1.8436189
1.8367552
1.826643
1.8278238
1.8304994
1.8366828
1.8598225
1.8888202
1.920731
1.9358147
1.964958
1.9576311
1.9495721
1.9415772
1.9232361
1.9004302
1.892708
1.8878093
1.8831401
1.8764713
1.8735664
1.8766071
1.8731852
1.8792843
1.8781437
1.8770641
1.8755598
1.8641311
1.8529114
1.8424797
1.8330331
1.8240571
1.8242962
1.8238792
1.83415
1.8448627
1.8707432
1.8985662
1.9269373
1.9546679
1.9806733
2.0041466
1.9925692
1.9835832
1.9659089
1.9458472
1.9339187
1.927565
1.919091
1.9102871
1.8970234
1.8783
1.8616859
1.8479156
1.838114
1.8249853
1.8202965
1.8094265
1.7993684
1.8008568
1.8046649
1.8080997
1.8238809
1.8539722
1.8807461
1.9458303
1.9848977
2.0429869
2.096873
2.1239073
2.1483352
2.1197731
2.0902743
2.0595899
2.0464866
2.0524507
2.066017
2.067215
2.0426435
1.99723
1.9500941
1.9114504
1.8813834
1.8552462
1.8301396
1.800039
1.7747804
1.7493929
1.7322131
1.7236677
1.7146609
1.7230046
1.7460458
1.7895596
1.8369792
1.9317453
2.0264108
2.1117983
2.1850033
2.245284
2.2445292
2.2168121
2.152907
2.0762527
2.017313
2.0049775
2.036821
2.075107
2.0850637
2.061082
2.0259333
2.001918
1.9910189
1.976938
1.9581043
1.9209012
1.8827426
1.8468199
1.8206148
1.800613
1.785387
1.7674859
1.7586622
1.7660282
1.8001516
1.8672717
1.9463688
2.0271082
2.1023593
2.1683073
2.1985183
2.197377
2.170303
2.095666
2.034932
1.9786236
1.9598851
1.9647669
1.9767194
1.9791859
1.9697962
1.9633803
1.9660751
1.9768789
1.9812754
1.9727087
1.9442344
1.9085608
1.8736527
1.8459743
1.8319952
1.8174595
1.8005328
1.780695
1.7764363
1.786126
1.8238063
1.8930883
1.9514847
2.0076995
2.0580986
2.1009316
2.0929778
2.0825515
2.038451
2.0010974
1.9539695
1.933089
1.9255848
1.9285827
1.9264908
1.9275337
1.9333303
1.9357555
1.9508013
1.9591916
1.9562835
1.9408264
1.9093215
1.8803217
1.856541
1.8354685
1.8234655
1.8078924
1.7947657
1.7797364
1.7851262
1.8157341
1.845629
1.8983985
1.9547379
2.0092342
2.0583982
2.0780158
2.0719995
2.0471084
2.0239813
1.9808588
1.9517193
1.9367344
1.9325335
1.9356456
1.9331181
1.9334726
1.9260027
1.9256341
1.92135
1.9164858
1.9087589
1.8861109
1.8631967
1.8376471
1.8161634
1.801399
1.7858851
1.7783573
1.7700422
1.7829065
1.8048959
1.850934
1.9043735
1.9821005
2.0585365
2.1026306
2.1635876
2.1687298
2.1505542
2.1153078
2.0602577
2.0150912
1.9950366
1.9946834
2.006245
2.008567
1.993799
1.9701807
1.950633
1.9345062
1.921284
1.9026595
1.876726
1.845669
1.8168495
1.7929347
1.7731779
1.7619858
1.7489063
1.7477883
1.761375
1.7829762
1.8471253
1.9229395
2.000996
2.1014528
2.1659164
2.220053
2.2391233
2.2280037
2.1600113
2.1012845
2.0307958
1.9978957
2.000208
2.0225
2.033492
2.0234745
2.0021632
1.9839638
1.9750034
1.9703777
1.9580245
1.9301217
1.8948275
1.858983
1.8312505
1.8112808
1.7977682
1.7788804
1.767557
1.7595569
1.7700125
1.8229285
1.8753527
1.9534999
2.0090017
2.082492
2.1238003
2.1341047
2.11847
2.0826864
2.0218697
1.9744141
1.9373019
1.927685
1.9294627
1.938367
1.9425993
1.9402664
1.9551291
1.9692552
1.9783849
1.9858801
1.9713055
1.9451983
1.9129086
1.881732
1.8594927
1.8453151
1.8288196
1.8099308
1.7956088
1.7867253
1.7976317
1.8351779
1.8855407
1.9414711
1.9763072
2.006532
2.0314481
2.0317826
2.012036
1.978805
1.9509994
1.9204977
1.9087567
1.9029719
1.8986418
1.9065857
1.9125408
1.9186864
1.9362991
1.9463469
1.9466219
1.944283
1.9233439
1.9019599
1.8770242
1.8564893
1.8394775
1.8255945
1.8118011
1.7995285
1.7950304
1.796562
1.8169987
1.8462512
1.897652
1.9335744
1.9667547
1.9956899
2.0001442
2.0013564
1.983939
1.9682221
1.9439123
1.9276714
1.9189185
1.9151152
1.919488
1.9216608
1.921407
1.9200032
1.9182642
1.9156613
1.9112356
1.8925757
1.8731652
1.8536563
1.835214
1.8181617
1.8013989
1.788575
1.7814834
1.7848754
1.7930616
1.8193871
1.8514407
1.9050767
1.96
2.0114594
2.0569382
2.0955224
2.1053789
2.0926113
2.0648599
2.0307903
2.0002072
1.9815669
1.980037
1.987015
1.9875522
1.9777037
1.9585495
1.9366326
1.9183145
1.8986292
1.8781486
1.8531371
1.8278191
1.800864
1.7802613
1.7624317
1.750746
1.7464461
1.7531574
1.7765672
1.8051629
1.8764181
1.9536535
2.0283587
2.1235285
2.2086756
2.2544613
2.2665126
2.2313726
2.1800864
2.110646
2.050547
2.0304174
2.0443673
2.0696397
2.0767677
2.057724
2.026629
2.001157
1.9813273
1.9635175
1.939179
1.9047883
1.8699397
1.8375049
1.8124042
1.7937837
1.776319
1.7622617
1.7473857
1.7533671
1.7715435
1.8147786
1.8856674
1.9402238
1.9911368
2.0365949
2.053633
2.0453227
2.0160618
1.9854231
1.932451
1.9028103
1.8867801
1.8816895
1.8957751
1.9050794
1.9305713
1.9583936
1.9918674
2.030696
2.044398
2.055501
2.039638
2.005483
1.9700739
1.9431001
1.9236606
1.9107355
1.8921962
1.8670325
1.8413689
1.8263491
1.8228672
1.8378549
1.8499572
1.8514566
1.8508577
1.848676
1.8345113
1.8109119
1.8003745
1.8015434
1.8020226
1.8118743
1.8329742
1.8522167
1.9082088
1.9682877
2.0294907
2.0902588
2.1489642
2.1815417
2.172063
2.1479049
2.0947783
2.05872
2.0345097
2.0337415
2.0416903
2.0383582
2.0152032
1.9811199
1.9480687
1.9235215
1.9044231
1.8834257
1.8575485
1.8304656
1.8017625
1.7739028
1.7562014
1.7405224
1.7280568
1.7196915
1.7200798
1.7486396
1.7731841
1.8372757
1.8872919
1.95837
2.003007
2.0654998
2.0749562
2.0795066
2.0598059
2.022401
1.976759
1.9441472
1.9272678
1.9235225
1.9324839
1.946114
1.9635923
1.9707599
1.9890511
2.0090873
2.009522
1.9985869
1.9827694
1.9535053
1.9239476
1.9006202
1.8829935
1.8640747
1.84406
1.8205221
1.8022518
1.7974074
1.802433
1.8256161
1.8418133
1.8578591
1.8725569
1.870522
1.8674706
1.8639657
1.8602029
1.8559942
1.8508677
1.8578193
1.878348
1.8985771
1.9182272
1.9559107
1.9950037
2.0167603
2.039487
2.0462172
2.0394607
2.0230474
1.9958546
1.9783995
1.968096
1.959417
1.9505851
1.9341352
1.910982
1.8892741
1.8676603
1.8521457
1.8351741
1.8234938
1.8024254
1.7873557
1.7682242
1.7574323
1.7485704
1.7488574
1.7489655
1.773232
1.8006802
1.8474054
1.8952801
1.964719
2.057269
2.1177266
2.1709485
2.1935916
2.211484
2.1685333
2.1322043
2.0813074
2.0447168
2.0305042
2.0388706
2.0484502
2.047318
2.0316029
2.0088644
1.9881265
1.9665295
1.943615
1.9158248
1.8867755
1.8559464
1.8311224
1.8099923
1.7891393
1.7705384
1.7552428
1.7426405
1.752666
1.7740839
1.8025233
1.8334072
1.8636048
1.8915719
1.8987305
1.9034312
1.9055281
1.8900415
1.8747842
1.8747032
1.8622152
1.8648827
1.8822064
1.9155265
1.9494009
1.9844992
2.0411053
2.0815
2.1055865
2.1140175
2.096229
2.07085
2.0427864
2.0193307
2.0060472
1.9968014
1.9828529
1.9595788
1.931401
1.9065652
1.8841662
1.8691618
1.8523235
1.8351861
1.8130696
1.7917252
1.7679389
1.7512664
1.7413609
1.7313523
1.7270318
1.7317713
1.7509222
1.7901684
1.8353674
1.9031584
1.949219
2.0148993
2.0532362
2.0867782
2.0940464
2.079047
2.047464
2.0201173
1.9885592
1.969929
1.9624245
1.9608738
1.9671216
1.978121
1.9869437
1.9872739
1.9867153
1.9830067
1.9645936
1.9439582
1.9196765
1.895921
1.8767675
1.8574902
1.8364441
1.8140931
1.7955599
1.7883325
1.7821441
1.799958
1.8134122
1.8279374
1.8420601
1.8554125
1.852898
1.8646942
1.860735
1.8705562
1.8638021
1.8699776
1.8903074
1.9102756
1.9295318
1.9669924
2.004987
2.0243034
2.0626214
2.0661218
2.0577002
2.040824
2.0196412
1.9994552
1.9873774
1.9781959
1.9701327
1.9565265
1.937288
1.9131027
1.8930085
1.872828
1.8540026
1.8356756
1.8177742
1.7967257
1.7771446
1.7592325
1.7477793
1.7369063
1.7330825
1.7396454
1.7615163
1.7878962
1.8341861
1.8830028
1.953371
1.9982332
2.0618205
2.0959504
2.1030886
2.1069062
2.0900948
2.0597005
2.0241606
2.001848
1.992029
1.9908139
1.9924463
1.9983492
1.9949415
1.9939091
1.9854847
1.9738683
1.9582403
1.9341866
1.9102349
1.8875954
1.866416
1.8450611
1.8228006
1.800727
1.7835145
1.7714508
1.7725487
1.7710603
1.7816546
1.7940618
1.8067632
1.8192451
1.8314567
1.8280119
1.8387663
1.848185
1.8555825
1.8770648
1.897026
1.934149
1.970294
2.0049734
2.0392492
2.0740907
2.1090963
2.1075878
2.1083536
2.084738
2.0591745
2.0374274
2.0234354
2.0189576
2.012683
1.9992348
1.9797089
1.9550856
1.9312797
1.9085974
1.8847129
1.8631729
1.8375689
1.8151807
1.794565
1.7723644
1.7573644
1.7432483
1.7355406
1.7296369
1.7347443
1.754724
1.7653964
1.7903597
1.8161082
1.8415015
1.8658693
1.871274
1.892092
1.8937281
1.9106637
1.9090406
1.9237936
1.9567916
1.9711046
2.0045617
2.0388625
2.0559263
2.0932858
2.0978367
2.091364
2.0766017
2.0571122
2.037591
2.0246317
2.0130537
2.0020595
1.9861333
1.9640898
1.938829
1.9151449
1.8932596
1.87305
1.8510789
1.8294832
1.8085865
1.7889508
1.7706431
1.7528682
1.7398124
1.7333565
1.7367905
1.7433997
1.751796
1.7740703
1.7982231
1.8229358
1.8474326
1.8711946
1.8767734
1.8975468
1.8998313
1.917428
1.9343666
1.932859
1.9666299
1.9821696
2.0168679
2.033813
2.0532827
2.0745225
2.0809174
2.0749235
2.0509171
2.033671
2.016097
2.003897
1.9933832
1.9804466
1.9639081
1.9445297
1.921425
1.9005201
1.8808867
1.8623852
1.8415214
1.8210168
1.8011751
1.7822807
1.7686887
1.7563953
1.7442582
1.739095
1.744051
1.7516403
1.7732747
1.7976139
1.823019
1.8485357
1.8735733
1.8975823
1.9200529
1.9406903
1.9415905
1.9587398
1.9751418
1.973438
1.9899021
2.0074232
2.0262034
2.0301185
2.0370913
2.045738
2.0322647
2.0228713
2.0084772
1.9968963
1.9829875
1.9700896
1.9573693
1.939415
1.9217026
1.9006245
1.8812921
1.8628012
1.8453481
1.8253342
1.8093809
1.7902519
1.776331
1.7637436
1.7519047
1.7475808
1.7535045
1.7510579
1.7718943
1.78236
1.8076388
1.8341343
1.8782537
1.9038467
1.9274105
1.9681069
1.9868807
2.0036755
2.0191076
2.0338793
2.0309882
2.030378
2.0323377
2.02333
2.0190206
2.018147
2.0102344
1.9980612
1.9886005
1.9790183
1.9677029
1.9540517
1.9362978
1.9185065
1.8991534
1.8788005
1.8599117
1.8391883
1.8215294
1.8052032
1.7902448
1.7764724
1.7635596
1.7581385
1.7544293
1.7516998
1.7598627
1.7697453
1.7803925
1.791203
1.8167456
1.8428599
1.8683313
1.9110497
1.9329047
1.9722939
2.0098724
2.0455744
2.0594714
2.0737758
2.088231
2.0860431
2.071274
2.0491717
2.0344398
2.01804
2.0083172
2.001266
1.9898868
1.9789252
1.9640486
1.9480906
1.9286294
1.9086835
1.8886325
1.8685817
1.846751
1.8262643
1.8083932
1.7884738
1.772763
1.7638693
1.7508875
1.7532052
1.7492688
1.7554264
1.7629931
1.7597427
1.7685009
1.777853
1.7873335
1.8111457
1.835612
1.8590233
1.8991096
1.9377302
1.9745879
2.0315237
2.0878048
2.1212995
2.1346362
2.1479535
2.127165
2.0959017
2.0709362
2.0366905
2.023417
2.01186
2.0065873
1.9966013
1.9839791
1.9675437
1.9476216
1.9302596
1.9108742
1.8898152
1.8703694
1.8493999
1.8279935
1.807618
1.7900611
1.7740175
1.7653314
1.759599
1.76358
1.7598059
1.7652004
1.7710338
1.7662511
1.7620541
1.7697061
1.7663412
1.7745001
1.7959954
1.818205
1.8568851
1.895441
1.9536675
2.0122273
2.0931926
2.128569
2.16449
2.178984
2.1568162
2.1203084
2.0758812
2.0423346
2.014273
2.0052743
1.9988401
1.9937935
1.9827093
1.9727426
1.9574606
1.9423426
1.9239309
1.9055138
1.8855884
1.8650938
1.8471798
1.8255758
1.8065901
1.7888279
1.7790194
1.7805779
1.7778482
1.7837653
1.789556
1.7843364
1.7791895
1.7750916
1.7722307
1.7810537
1.7782242
1.798948
1.8205981
1.8590941
1.8987173
1.9589047
2.01989
2.080623
2.1401875
2.1762834
2.172367
2.1517448
2.1165454
2.0629203
2.0227313
1.9971707
1.9885894
1.9827018
1.9780669
1.9721862
1.9616718
1.9494861
1.9331603
1.9144073
1.8968834
1.8783057
1.8592374
1.8422945
1.8228617
1.8008187
1.7869047
1.7785623
1.7824808
1.7900412
1.7976692
1.8039553
1.7980112
1.792475
1.788372
1.7858622
1.7955636
1.7930667
1.8143754
1.8358483
1.8742192
1.9339375
1.9953139
2.056914
2.1410658
2.1783748
2.1948097
2.1904216
2.1523688
2.0937567
2.0477905
2.0115852
1.9962957
1.9908967
1.9825379
1.977222
1.9673657
1.9507174
1.9372748
1.9194326
1.8989642
1.8783026
1.8607808
1.8446277
1.826119
1.8046136
1.7874532
1.7753384
1.7770623
1.7853638
1.7952492
1.8032507
1.7971474
1.8010988
1.7943568
1.7791301
1.7768054
1.7859849
1.7947626
1.8153906
1.8351542
1.890984
1.9510472
2.0354373
2.1202574
2.1798646
2.2173626
2.2330632
2.2097301
2.156251
2.097733
2.0467424
2.0165052
2.0039802
1.9970325
1.9899266
1.9830528
1.9728988
1.9600444
1.9449918
1.9214888
1.8976313
1.8781085
1.8625717
1.8478603
1.8286574
1.8071162
1.784467
1.7775626
1.7821517
1.7934488
1.8049512
1.8125426
1.8042821
1.7945625
1.7865658
1.7719855
1.7704211
1.7691499
1.7760522
1.7933218
1.826777
1.8828332
1.9432843
2.0281649
2.1137037
2.1979294
2.2344756
2.2508705
2.2286406
2.174634
2.1125605
2.0557084
2.01958
2.0028331
1.9935502
1.9866002
1.9889195
1.9826224
1.9783132
1.9637139
1.9420481
1.9146967
1.8939915
1.8781897
1.8666389
1.850242
1.825842
1.8022977
1.7857666
1.7875335
1.8095303
1.8251181
1.8239312
1.827664
1.8160393
1.7949164
1.7890453
1.7783563
1.7789078
1.7871913
1.8043495
1.8213735
1.8735005
1.9338281
1.9975007
2.0856307
2.1489286
2.210229
2.225857
2.204197
2.1535451
2.0957117
2.041401
2.011175
1.9941624
1.9847012
1.9766504
1.972367
1.9744418
1.9744868
1.9634352
1.942938
1.9175364
1.8929987
1.8758701
1.8626093
1.8492961
1.828621
1.8060048
1.7871336
1.7852557
1.8053415
1.8218924
1.8354666
1.8428333
1.8452276
1.8337259
1.8145149
1.8120886
1.812689
1.8125999
1.8196678
1.8367274
1.8710163
1.9299394
1.9941546
2.059332
2.1484015
2.1877997
2.2061596
2.203223
2.1520045
2.095525
2.044514
2.0105596
1.9995204
1.9899544
1.9790909
1.9690673
1.9661673
1.9589087
1.9541216
1.9335494
1.9063315
1.8783209
1.857416
1.841882
1.8297801
1.8150717
1.7931972
1.7736847
1.7763615
1.7850244
1.8123536
1.8416651
1.851809
1.8559046
1.8570683
1.8456203
1.8388643
1.825095
1.8353113
1.8441944
1.8494602
1.8822222
1.9187434
1.9792238
2.043616
2.1333742
2.1738994
2.2138088
2.2105756
2.1737623
2.1171212
2.0604804
2.0305622
2.0158129
2.0083542
1.99424
1.9786028
1.9656132
1.9562798
1.9515312
1.9324474
1.9091693
1.8775998
1.8520705
1.8325078
1.8203264
1.8074994
1.7896708
1.7711169
1.7627368
1.7747637
1.7992887
1.8285701
1.855341
1.8607314
1.8474028
1.8479258
1.825654
1.8202114
1.8175613
1.8150434
1.8334236
1.8512793
1.8849794
1.9413645
2.0258808
2.1146398
2.1788137
2.2433405
2.2614784
2.2401175
2.18764
2.119782
2.0642745
2.0343533
2.0231113
2.0137403
1.9981935
1.9840889
1.9746423
1.9734126
1.9635177
1.9418566
1.9115646
1.8799165
1.854548
1.8397105
1.8296226
1.8142526
1.794332
1.7787278
1.7734379
1.7907171
1.8191109
1.8493248
1.8593537
1.8617618
1.8462596
1.8208892
1.8127868
1.7999327
1.7994857
1.8073295
1.8238716
1.8543937
1.8883661
1.9671675
2.030727
2.120758
2.186791
2.2288334
2.228592
2.2085347
2.145885
2.083565
2.0381553
2.0123165
2.0002682
1.9879668
1.9775338
1.9746678
1.9769902
1.9799993
1.9709768
1.9493725
1.9198534
1.8868396
1.8651583
1.8527843
1.8434234
1.82549
1.8031548
1.7874196
1.784288
1.8160444
1.848537
1.8801692
1.8889973
1.8905292
1.8750701
1.8629224
1.8455521
1.8448278
1.8361384
1.8441453
1.8483167
1.8775702
1.9130404
1.9534163
2.0190806
2.0876434
2.1325116
2.154255
2.1545868
2.1091504
2.0614338
2.0186312
1.9926575
1.9798158
1.97137
1.9575216
1.9429704
1.9376402
1.9388678
1.9415288
1.932977
1.9125273
1.8847532
1.8567687
1.8344011
1.8222659
1.8118807
1.7971795
1.7802854
1.7716856
1.7834628
1.8225865
1.8723252
1.9223267
1.94683
1.9663069
1.9840047
1.9689288
1.9592755
1.9398422
1.922436
1.9151047
1.9069091
1.909928
1.9140189
1.9516857
1.9776614
2.0228152
2.0492957
2.0568926
2.0368981
2.0103698
1.9829814
1.9621052
1.9517969
1.9433501
1.9265516
1.9009137
1.8771496
1.8666043
1.8669202
1.8718827
1.8671317
1.8500535
1.8316017
1.8157755
1.7981031
1.78577
1.7807844
1.7794507
1.7834891
1.8002067
1.8224698
1.8871849
1.9376512
2.010038
2.0793447
2.1192346
2.155872
2.147336
2.1216006
2.0704236
2.0290754
1.9932997
1.9734752
1.9661282
1.9627156
1.9622633
1.9621874
1.9679388
1.9641044
1.9539983
1.9331553
1.9036194
1.8799398
1.8631381
1.8503451
1.8362324
1.8143685
1.7920506
1.7795758
1.779907
1.8030221
1.8213513
1.8528802
1.8809865
1.8871534
1.8915784
1.8974097
1.9058348
1.9013295
1.9111594
1.9041264
1.9076396
1.9249249
1.9442229
1.9659115
2.0092332
2.0337074
2.0578234
2.0631597
2.0415082
2.0247276
1.9987239
1.9809046
1.9734592
1.9681988
1.9563402
1.9358819
1.9144967
1.8969309
1.8801825
1.8688347
1.8523443
1.8342252
1.8111607
1.790547
1.7735248
1.7641821
1.7550681
1.7509013
1.754982
1.7736688
1.798336
1.8439684
1.8929732
1.9410214
1.9860901
2.027721
2.0445092
2.0595958
2.0540578
2.0319874
2.012566
1.9838705
1.9736743
1.9689146
1.9686077
1.9714203
1.9854803
1.9893081
1.9912357
1.9831715
1.9682657
1.9533081
1.9368525
1.9213774
1.9068593
1.8878132
1.8642426
1.8393418
1.8197181
1.8069434
1.8003428
1.7972594
1.7949814
1.7921153
1.7888093
1.7860436
1.7963462
1.796132
1.8087378
1.8207731
1.8462453
1.8714432
1.914932
1.9594109
2.0028696
2.0444794
2.0841787
2.0995173
2.113776
2.0898588
2.0697951
2.031198
2.0066583
1.9893204
1.9861856
1.9844031
1.979115
1.9718705
1.9642513
1.9510373
1.9352169
1.9143012
1.8924015
1.871001
1.8494785
1.8294967
1.8107158
1.7927231
1.7742648
1.7622716
1.7628028
1.7707713
1.7826059
1.7944828
1.8042147
1.8261516
1.8325162
1.8392806
1.8473384
1.8561914
1.8644723
1.8864372
1.9075328
1.9275134
1.9668651
2.0074914
2.0485651
2.089773
2.1302247
2.1275504
2.1261282
2.0953932
2.053215
2.0265622
2.01232
2.0042193
1.999439
1.9885964
1.9742585
1.9581993
1.9450331
1.927927
1.9056782
1.8822052
1.859315
1.8365681
1.8171569
1.8013102
1.7837795
1.7668905
1.7607403
1.7538493
1.7696097
1.7811491
1.7923207
1.8138727
1.8185523
1.807804
1.8111758
1.8164206
1.8112118
1.818895
1.8256335
1.8445615
1.8805604
1.9198668
1.9827673
2.0482488
2.1143835
2.180651
2.199308
2.217935
2.1952672
2.1437907
2.08253
2.0455668
2.020494
2.0096824
2.0014405
1.9922848
1.9858407
1.9796878
1.9715462
1.9589237
1.9325484
1.902921
1.8783317
1.8587801
1.8456835
1.8305291
1.8115925
1.7916719
1.7754537
1.7828839
1.7948849
1.8110225
1.8373697
1.8310642
1.8318102
1.8179567
1.8075329
1.802521
1.8015243
1.8105408
1.8171254
1.8326777
1.8640082
1.901454
1.9435406
2.009922
2.0553193
2.1002707
2.123013
2.1259902
2.0966542
2.0698977
2.0260637
1.9997817
1.9809655
1.9665267
1.9645956
1.9627463
1.961488
1.96877
1.9658868
1.9590803
1.9357272
1.9094257
1.8882318
1.8722005
1.8584498
1.8431332
1.8240058
1.8020217
1.7935519
1.805151
1.8183138
1.8456042
1.8574796
1.8786869
1.8680024
1.8732334
1.8692183
1.8695525
1.870822
1.869281
1.8749166
1.8787279
1.8985121
1.9227619
1.949667
1.9969985
2.0227113
2.0462513
2.0497494
2.0248
2.0060477
1.9765234
1.9577622
1.9454108
1.9362972
1.9263184
1.9137785
1.9108638
1.9059166
1.900949
1.893647
1.8834599
1.8595649
1.844165
1.8230076
1.8106166
1.8024175
1.7910786
1.7822891
1.7829561
1.7900474
1.8164434
1.8651357
1.9166058
1.9652141
1.9881806
2.032288
2.0353436
2.0403907
2.0274537
1.9993027
1.9720917
1.9482238
1.9304781
1.9196897
1.9326264
1.9385628
1.9528301
1.953697
1.9507551
1.9382284
1.9213467
1.9076836
1.8945656
1.8827105
1.8681867
1.8490931
1.8269775
1.8107101
1.8016379
1.8069357
1.8176438
1.8290612
1.8390384
1.848274
1.8587449
1.8569753
1.8719339
1.8725532
1.8845657
1.8932412
1.8993266
1.9219272
1.9464388
1.9714367
1.9957395
2.0187595
2.0218384
2.0253928
2.003522
1.981223
1.9637436
1.9555277
1.9520047
1.9442955
1.9330351
1.9182304
1.9028445
1.8911886
1.8761301
1.8594015
1.8413274
1.8237462
1.8041143
1.7872934
1.7765574
1.7655654
1.7596605
1.7540818
1.77141
1.7830365
1.828306
1.8593552
1.9084202
1.955617
2.0003383
2.020565
2.0406332
2.058908
2.0367506
2.0155056
1.9955871
1.9803728
1.9611212
1.9612911
1.9662981
1.9725132
1.9769173
1.9778559
1.969323
1.9555619
1.9428139
1.9289393
1.9156761
1.9004782
1.8815196
1.858561
1.8354492
1.8147339
1.8023142
1.7955312
1.7918806
1.7888453
1.7851689
1.7810736
1.7885685
1.7863767
1.79729
1.8091317
1.820538
1.8455777
1.8708229
1.8956089
1.9401386
1.962871
2.006487
2.0491185
2.0899236
2.083137
2.0793216
2.0602503
2.0329232
2.005596
1.9902014
1.9833245
1.9797862
1.9746821
1.9688306
1.9598739
1.9515369
1.9340476
1.9172903
1.8964431
1.8740115
1.8535864
1.8360198
1.8160166
1.7979848
1.7794129
1.7671338
1.7600615
1.766081
1.7766633
1.7875648
1.7960178
1.8017671
1.806448
1.8120652
1.8196269
1.8286073
1.8373923
1.8591416
1.8804455
1.9204338
1.9631327
2.0067172
2.075216
2.1179512
2.159646
2.1758206
2.1509638
2.1144958
2.073127
2.0316987
2.0137239
2.0057645
2.0006223
1.9904641
1.9827099
1.975188
1.9623034
1.9462049
1.9263948
1.8983972
1.8738987
1.852923
1.8376203
1.8206747
1.8020399
1.7801816
1.7702762
1.771483
1.7822604
1.7969203
1.8092271
1.8156002
1.8038616
1.791173
1.7815809
1.7765539
1.7745038
1.7812498
1.7962313
1.8245573
1.8582604
1.8966808
1.9592505
2.0028567
2.0702653
2.1148841
2.1378367
2.1414216
2.1115196
2.083302
2.0453448
2.014008
1.9902616
1.9789399
1.977912
1.9878752
1.988927
1.9977772
1.9846902
1.9692332
1.9467478
1.9205947
1.902914
1.8906498
1.8758758
1.8543943
1.8286715
1.8125383
1.8097825
1.8189285
1.833425
1.846322
1.8539749
1.8446553
1.8354424
1.830331
1.8204727
1.8226047
1.8222755
1.8266215
1.8406377
1.8589547
1.8822176
1.9276915
1.9758756
2.022723
2.0450847
2.0478919
2.0525756
2.0279322
1.9976037
1.9734788
1.9489899
1.9387094
1.9296343
1.9273303
1.9348739
1.9446168
1.9528413
1.9474063
1.9304162
1.9132376
1.888315
1.8711643
1.8587098
1.8449161
1.8278255
1.8055044
1.7945156
1.7960407
1.8193345
1.8650692
1.8955374
1.9196655
1.9404671
1.9447833
1.9547291
1.9401172
1.928834
1.913391
1.8921107
1.8777266
1.878974
1.8890445
1.9198864
1.9513726
1.9785637
2.0008569
2.0036461
1.9824076
1.9615271
1.9448875
1.9342782
1.9263747
1.911072
1.8868387
1.8648992
1.8576628
1.8629231
1.8821006
1.8896263
1.8799455
1.8685722
1.860764
1.8405412
1.8368683
1.8270999
1.8188506
1.8097751
1.8077637
1.82602
1.8563886
1.912447
1.9934886
2.0422616
2.1120331
2.125006
2.118907
2.0698862
2.0278878
1.9941027
1.9734745
1.9598016
1.9447042
1.9293201
1.9272984
1.9354978
1.9514344
1.9518209
1.9342887
1.9057459
1.8764324
1.8552457
1.8451012
1.8417428
1.8297234
1.80371
1.778734
1.7667729
1.7957606
1.8334534
1.8907812
1.9408374
1.9559344
1.9864887
1.978112
1.9818867
1.979348
1.9684145
1.945726
1.923797
1.9036674
1.8975062
1.9044707
1.9369913
1.9918864
2.022194
2.0426974
2.0396018
2.0114703
1.9796109
1.9617686
1.9572041
1.9549763
1.9402583
1.9080889
1.8723183
1.8542478
1.8637714
1.8796108
1.8936878
1.8993082
1.873311
1.8478513
1.8299377
1.8148111
1.8144658
1.8126259
1.8020345
1.7964039
1.8029342
1.837542
1.8894994
1.9476259
2.0285292
2.0749855
2.115772
2.1289086
2.0846388
2.0433393
2.0063946
1.979384
1.9645908
1.9507904
1.9335296
1.9250836
1.9295608
1.951673
1.9746865
1.9781548
1.961079
1.9239001
1.8902183
1.8693764
1.8641229
1.8620583
1.8469735
1.8178105
1.7908463
1.7881292
1.8231823
1.8800852
1.9401374
1.9672468
2.0034568
1.9913225
1.9868418
1.9631029
1.9438215
1.931811
1.9160473
1.8954562
1.8738279
1.8747637
1.8960701
1.9491081
2.0076368
2.0589092
2.0770981
2.0700521
2.0236778
1.9886457
1.9666777
1.9657207
1.9677078
1.950852
1.9093747
1.869103
1.8587286
1.8876034
1.9243358
1.9571602
1.9615068
1.9391441
1.9033198
1.8612206
1.8478317
1.843128
1.8408138
1.8324976
1.8092487
1.7971013
1.8175209
1.8668401
1.9539781
2.0438466
2.1221476
2.1880817
2.1896348
2.1347451
2.0903125
2.043224
2.019659
2.0080137
1.9887309
1.95225
1.9185822
1.91556
1.9518619
2.0040798
2.035674
2.0339975
1.9922683
1.9412255
1.8929899
1.8714631
1.8774525
1.8883209
1.8742006
1.8329387
1.7927396
1.7870058
1.8339095
1.8985412
1.9874763
2.0175734
2.0492325
2.0241017
1.9884222
1.9471165
1.932075
1.9264255
1.9233346
1.9093338
1.8838878
1.8593045
1.8739595
1.9402308
2.0314517
2.1219501
2.1972518
2.2013273
2.1615973
2.0951777
2.0450108
2.0248816
2.0363677
2.046488
2.0149407
1.9485672
1.8925104
1.885294
1.9231598
1.9823906
2.0240037
2.0151699
1.9742498
1.9082667
1.8525887
1.8261042
1.825978
1.8357513
1.8310236
1.805782
1.7840753
1.7854813
1.831238
1.906569
1.992212
2.0445125
2.0797849
2.0581
2.0407543
1.9901841
1.95723
1.9453378
1.9421376
1.9335138
1.9105353
1.8889568
1.8953916
1.93401
2.014614
2.1042233
2.1581774
2.172423
2.1376977
2.069584
2.014554
1.9904268
2.0014448
2.0170078
1.9958779
1.9374237
1.8746295
1.853287
1.8885505
1.9477768
2.012965
2.0472531
2.0238109
1.9747397
1.9198012
1.8699521
1.8521119
1.8567756
1.864924
1.8529859
1.8218336
1.8001498
1.8073041
1.8628964
1.969017
2.06136
2.1394417
2.1717982
2.1961946
2.1525998
2.0855331
2.0432782
2.022512
2.0250304
2.0186613
1.9840827
1.9265337
1.8883666
1.9079852
1.9622966
2.0485537
2.1104894
2.1096108
2.0909154
2.0218425
1.9533836
1.9112155
1.9102976
1.9331992
1.9427142
1.9110845
1.8501561
1.8048178
1.8122847
1.8722429
1.9845437
2.0603485
2.1398578
2.1671383
2.1301887
2.0837624
2.0303855
1.987126
1.9807365
1.9942403
1.9937835
1.9564297
1.8947301
1.854491
1.8636508
1.931876
2.0498292
2.1476011
2.1942024
2.2172794
2.16044
2.0878916
2.0254426
1.9927722
2.0065308
2.0402195
2.0409842
1.9854985
1.9011811
1.8488553
1.861904
1.9300443
2.0265293
2.101388
2.1290617
2.109368
2.0594957
1.9882163
1.9277152
1.9015635
1.915653
1.9400828
1.9385178
1.8960621
1.8378074
1.8063341
1.8306592
1.920574
2.0236435
2.122858
2.2005706
2.2253036
2.2130218
2.162025
2.0893779
2.0380921
2.0312686
2.050698
2.0598783
2.0256877
1.9520166
1.8842652
1.8716645
1.9194233
2.005838
2.0833316
2.122571
2.1160843
2.0740643
2.001946
1.9310573
1.8883768
1.8893807
1.9147209
1.930362
1.9075917
1.8526957
1.8042041
1.7992508
1.8572621
1.9447026
2.0458198
2.1375272
2.1774142
2.1716022
2.140136
2.0834386
2.0194874
1.9894173
1.9909968
2.008894
2.0074131
1.9647318
1.8987107
1.8581614
1.8661364
1.9452579
2.0435462
2.1188517
2.1733127
2.18048
2.1319306
2.0583282
1.9887564
1.9478606
1.9515363
1.9848315
2.0011573
1.9726896
1.9013288
1.8373237
1.8230424
1.8756117
1.9621043
2.0647614
2.1337957
2.1780019
2.1742213
2.1186337
2.0462244
1.9853388
1.9554766
1.964146
1.9896854
1.9947621
1.9554229
1.8869107
1.8346052
1.835453
1.9031155
1.9972457
2.099718
2.1887355
2.2248917
2.2155113
2.1590195
2.0870922
2.0193696
1.991778
2.007887
2.043046
2.0475676
1.998182
1.9158514
1.8523216
1.8454533
1.905005
1.994391
2.0958831
2.1621172
2.1769419
2.148504
2.0793242
2.0128133
1.9496405
1.9257313
1.9433451
1.9750319
1.9780675
1.9374998
1.8678181
1.8163784
1.8226726
1.8771508
1.985784
2.0910552
2.1838334
2.252501
2.2688181
2.225443
2.1569157
2.0805762
2.0336573
2.0324812
2.0622005
2.085469
2.0570178
1.9791586
1.8952712
1.8557632
1.8846157
1.9560205
2.0514524
2.12699
2.1591315
2.1448755
2.0972004
2.0093198
1.939927
1.8961691
1.8938425
1.9196413
1.9439211
1.9308598
1.8800147
1.8211658
1.7929562
1.8210173
1.8867872
2.0002847
2.1022847
2.1887195
2.2213714
2.2380385
2.2003427
2.1379797
2.0669785
2.025879
2.0234973
2.0466595
2.0604172
2.03195
1.9613861
1.8875409
1.8575636
1.8847845
1.9566169
2.0519505
2.1267831
2.1588097
2.1462708
2.1018949
2.0291235
1.9566014
1.9086027
1.9018147
1.9246963
1.9501227
1.9444716
1.8985931
1.8373443
1.8013619
1.810799
1.8778293
1.9676111
2.0689397
2.1619804
2.2341118
2.2543619
2.2139454
2.1656275
2.094112
2.038217
2.0228133
2.0404797
2.0634584
2.0551608
1.9960343
1.9180064
1.8629737
1.8615752
1.910444
1.99273
2.0888405
2.1338782
2.1561208
2.137045
2.0735524
1.9956169
1.9298506
1.8997825
1.9022071
1.9277614
1.9472022
1.9289143
1.876864
1.8204193
1.7944434
1.8218918
1.8851455
1.996001
2.0979342
2.186852
2.2534392
2.2703931
2.2305775
2.1835792
2.1024697
2.0501127
2.0348923
2.0529246
2.076723
2.0682971
2.0102923
1.9276384
1.8673861
1.8663698
1.9138567
1.995384
2.0726392
2.1405864
2.1662219
2.1286952
2.0683136
2.00179
1.9294819
1.8907385
1.8894105
1.9128383
1.9322271
1.9230249
1.8776263
1.8231782
1.7933314
1.8043048
1.868531
1.9536018
2.0511396
2.1432147
2.2172732
2.2411819
2.2287006
2.1771886
2.1133335
2.050776
2.0217981
2.0261714
2.0506032
2.0595474
2.021483
1.9508083
1.8822496
1.8534851
1.8775363
1.9427333
2.032318
2.1067889
2.1666503
2.1584983
2.1363032
2.0592334
1.9897441
1.9317782
1.9054713
1.9132257
1.9393699
1.9528048
1.9305668
1.8774831
1.8224969
1.7979449
1.8157212
1.8861938
1.9750223
2.0998168
2.192609
2.262339
2.280422
2.2652776
2.213481
2.137029
2.076672
2.0451217
2.052625
2.0840464
2.0945263
2.0561738
1.9739313
1.8959069
1.859601
1.8825746
1.9437671
2.0307276
2.1062603
2.1469252
2.1659806
2.1252158
2.049555
1.978086
1.9162204
1.8849361
1.8876036
1.9108298
1.9267023
1.9140527
1.8679968
1.8149077
1.7851434
1.7931645
1.8510048
1.9485052
2.046095
2.138801
2.2136643
2.2682664
2.2796836
2.2408466
2.1799352
2.1082327
2.058002
2.0473745
2.0667672
2.0893207
2.0792978
2.0212896
1.9376055
1.8768175
1.8653853
1.9023445
1.9745195
2.0661736
2.138991
2.1720328
2.1616406
2.1189048
2.0459325
1.9701576
1.9175829
1.8949633
1.9044585
1.9300163
1.9421477
1.9205168
1.8702267
1.8174044
1.7910111
1.8027159
1.863558
1.944695
2.0642557
2.1594107
2.234605
2.2573733
2.270247
2.2343645
2.1609318
2.095433
2.0500228
2.0382888
2.0587575
2.0825238
2.0741558
2.018248
1.9358329
1.874014
1.8589196
1.8909217
1.9717867
2.0465643
2.1189559
2.1776547
2.1695135
2.1276577
2.0687466
1.9868537
1.9336505
1.9010909
1.9023503
1.9254749
1.9420922
1.9316719
1.888592
1.8334916
1.7977917
1.7979168
1.8353629
1.9201893
2.0132344
2.1367588
2.220956
2.2819362
2.2952986
2.2798734
2.2302332
2.1556559
2.0899217
2.0586276
2.0635254
2.0933456
2.1067138
2.079505
2.0033975
1.9187276
1.8685119
1.871977
1.916017
1.9905255
2.081906
2.1315656
2.1621854
2.151594
2.0920954
2.0242493
1.9527459
1.9026124
1.8801694
1.8871222
1.90723
1.9175243
1.9012399
1.8569436
1.8085563
1.7819937
1.7890493
1.8420329
1.9157283
2.028924
2.1232598
2.2020836
2.2609925
2.3046732
2.286969
2.2356029
2.1605005
2.0993629
2.0628333
2.0634124
2.089664
2.1084673
2.0815492
2.0110097
1.9290469
1.8747269
1.8670294
1.9112163
1.982547
2.072913
2.124496
2.1585689
2.1521244
2.113498
2.042966
1.975992
1.9169867
1.8858528
1.8856671
1.9047261
1.9193332
1.911172
1.8745863
1.8262707
1.7906357
1.786017
1.8152864
1.8899921
1.9763336
2.0705
2.1867177
2.2553167
2.2738113
2.286527
2.2534137
2.1971288
2.11829
2.0703692
2.0530858
2.0680456
2.0948315
2.0918858
2.047237
1.9675486
1.8960674
1.8613899
1.8783531
1.9299307
2.0080183
2.1001537
2.1460316
2.1726918
2.1591399
2.099112
2.0330536
1.9720856
1.9154925
1.8931593
1.8985739
1.9184303
1.9319019
1.9159106
1.8748013
1.8251994
1.7908323
1.7881699
1.8291347
1.8938518
2.000703
2.0970771
2.1827817
2.2493284
2.2984705
2.308964
2.2726858
2.1991577
2.1313736
2.0778327
2.0606585
2.0753617
2.1030977
2.1070974
2.0641952
1.9833446
1.907647
1.866456
1.8752396
1.919904
2.0072737
2.081888
2.1514049
2.1597352
2.1506796
2.111915
2.0433285
1.9787495
1.9215268
1.8906306
1.889102
1.9062036
1.9218893
1.9147635
1.8800087
1.8324032
1.7931921
1.7815061
1.8017088
1.8655524
1.9447541
2.0607438
2.1517854
2.2250457
2.279341
2.3209708
2.3043313
2.237153
2.178808
2.108237
2.0692236
2.06813
2.09398
2.115621
2.099286
2.0329745
1.9511364
1.8862932
1.865935
1.8867548
1.9528346
2.0357292
2.1097097
2.1749077
2.1757245
2.160768
2.1185865
2.0495348
1.9780042
1.9274666
1.9026463
1.905781
1.9249605
1.939523
1.9287934
1.891815
1.8403542
1.8001082
1.7875447
1.8064909
1.8684044
1.9465975
2.0383294
2.1285691
2.2044852
2.2617903
2.2762194
2.2633464
2.2168899
2.1563263
2.0846634
2.0464487
2.04043
2.0618212
2.083917
2.0751934
2.0237737
1.948748
1.8839931
1.8564501
1.8689835
1.927078
2.0049546
2.0979843
2.167448
2.1950877
2.204565
2.1798708
2.1181393
2.0451899
1.9869874
1.9450474
1.9335929
1.9489647
1.9723916
1.9806095
1.9524662
1.9007434
1.8445015
1.8082622
1.8034682
1.8403566
1.9164073
2.0046744
2.1010294
2.1892304
2.258673
2.3090801
2.292332
2.2596936
2.2034156
2.1302586
2.072334
2.0434628
2.0520027
2.083771
2.1041255
2.0784962
2.0155036
1.9350908
1.874709
1.8537213
1.8764259
1.9396546
2.020778
2.0946217
2.1612287
2.2118247
2.1943698
2.1692939
2.1091642
2.049714
1.9836373
1.9465902
1.9326346
1.9447598
1.9653493
1.9730246
1.9502556
1.901467
1.8469371
1.8081219
1.7976375
1.8257709
1.8785431
1.9740479
2.0683677
2.1584876
2.2317564
2.2858696
2.3266907
2.3093247
2.25967
2.1847062
2.1187077
2.072314
2.0609846
2.0810165
2.1160457
2.1197562
2.0761578
1.995758
1.9189162
1.8691586
1.8609538
1.8942795
1.9659759
2.0519621
2.1260521
2.1894794
2.2092648
2.1890676
2.1635756
2.1053445
2.037424
1.9780757
1.9431831
1.9355426
1.9506786
1.9706991
1.971736
1.945189
1.8950467
1.8417013
1.804921
1.7955871
1.8149241
1.8619823
1.9504454
2.0413952
2.1316338
2.2069483
2.2624922
2.275151
2.28609
2.2364218
2.1874704
2.1133938
2.06354
2.0408673
2.0532618
2.0807073
2.096215
2.0663602
2.0032887
1.9267983
1.8705916
1.8507655
1.871028
1.9296997
2.0066614
2.099103
2.167737
2.2197132
2.2525446
2.2215772
2.1925213
2.1355581
2.0617414
2.0092344
1.978228
1.9782689
2.001801
2.0238354
2.0192153
1.9829346
1.921333
1.8634732
1.8249356
1.8145769
1.8407502
1.891167
1.9663868
2.0571954
2.1226609
2.1988385
2.2284904
2.245659
2.2348769
2.190382
2.1320653
2.0736902
2.028078
2.0094247
2.020485
2.044571
2.052962
2.030056
1.9713374
1.9061718
1.8550371
1.8330407
1.8480644
1.8892626
1.9717665
2.0616674
2.1305242
2.211633
2.24672
2.2668152
2.255659
2.2079978
2.1581771
2.083685
2.0348125
2.0129194
2.0222535
2.0514398
2.0695686
2.0522406
1.998583
1.9297265
1.8709208
1.8386824
1.8360003
1.8705097
1.927913
2.0083115
2.0785832
2.1402724
2.1857314
2.2147884
2.2085316
2.1813312
2.1442225
2.080832
2.0256715
1.9921366
1.9833916
1.9958256
2.0158296
2.0165734
1.985061
1.9297417
1.873182
1.8316468
1.8167019
1.8291972
1.8793825
1.9478613
2.0340939
2.1245527
2.204175
2.264865
2.2807217
2.2930498
2.262987
2.2249622
2.1487238
2.0864234
2.0499883
2.0489411
2.073928
2.101551
2.0977867
2.0513744
1.9796122
1.910514
1.8644428
1.8482351
1.8661177
1.9079864
1.9748187
2.041297
2.107369
2.1379251
2.1762297
2.176665
2.1509292
2.1132329
2.072132
2.015642
1.9766833
1.9567615
1.9574125
1.9710495
1.977696
1.9639982
1.9270966
1.8744307
1.8289046
1.8010695
1.7946582
1.8153721
1.8608747
1.9291561
2.0129552
2.0989718
2.1734266
2.2305708
2.2745981
2.312709
2.300999
2.2588258
2.189254
2.124699
2.0775948
2.0628862
2.0817773
2.1141047
2.1177804
2.082465
2.009922
1.9370344
1.8829119
1.8582778
1.8667631
1.8993545
1.9567878
2.0182304
2.084121
2.1205442
2.141265
2.1486132
2.148152
2.1080472
2.0639331
2.021822
1.9791803
1.9490929
1.9420071
1.9488828
1.9591271
1.9569507
1.9308863
1.8863103
1.8403807
1.803926
1.7871553
1.7965016
1.8212745
1.8761245
1.9512984
2.0140245
2.0940526
2.1915166
2.2442236
2.2855961
2.323133
2.291016
2.2541165
2.1879203
2.124605
2.0781784
2.069137
2.0924428
2.1201098
2.1186066
2.0775871
2.002661
1.9293357
1.8802332
1.8608879
1.8689821
1.9019501
1.958659
2.0192013
2.064251
2.0996203
2.1213207
2.1303341
2.1107838
2.092463
2.0487413
2.0073419
1.9656785
1.9388828
1.9296037
1.9328115
1.9403461
1.9387505
1.9167813
1.878856
1.8352249
1.8010385
1.7823946
1.7847996
1.8149596
1.8558648
1.9265754
2.0097299
2.092306
2.162853
2.2481017
2.2909706
2.3293777
2.318858
2.277854
2.2190838
2.1478057
2.0930269
2.076511
2.0949416
2.1241612
2.1348016
2.1005805
2.0302968
1.9513272
1.8956912
1.8681493
1.8687005
1.8938105
1.9423206
1.9830879
2.0259628
2.0646155
2.0931988
2.087595
2.0741396
2.058993
2.0306654
1.9863195
1.9567672
1.9264431
1.911169
1.9056208
1.9080849
1.9074016
1.8961115
1.8695304
1.834723
1.8001878
1.7769078
1.7729713
1.7879624
1.8204621
1.882694
1.9407984
2.0211842
2.12479
2.1892102
2.2700987
2.311892
2.351284
2.3203714
2.2823186
2.212576
2.1403334
2.0954876
2.0892894
2.115838
2.1441035
2.1393409
2.093385
2.0148408
1.940542
1.8922586
1.8739678
1.882333
1.9065056
1.9462128
1.9847317
2.025425
2.0432303
2.0500531
2.0466938
2.0368044
2.0087109
1.9859356
1.9475001
1.9223251
1.8959653
1.8858504
1.879994
1.8781916
1.874035
1.861542
1.8382431
1.8089705
1.7817993
1.7655336
1.7622129
1.7804339
1.815202
1.879152
1.9569327
2.0378356
2.111662
2.2032146
2.284346
2.3272276
2.3419662
2.336276
2.279271
2.2002394
2.1324658
2.0919154
2.0905566
2.1170092
2.1435323
2.1335504
2.0781803
1.999711
1.929455
1.8868304
1.8743343
1.8877198
1.9155161
1.9579866
1.9977565
2.0213466
2.0369463
2.0425916
2.0390387
2.0122547
1.9873261
1.9547873
1.9315106
1.9009435
1.8831263
1.8710943
1.8681897
1.8652532
1.8593673
1.8451304
1.8228078
1.7967851
1.7742221
1.7629355
1.7637222
1.7858713
1.8236021
1.8901792
1.9688337
2.0488667
2.1211233
2.2117114
2.2927592
2.336375
2.3515897
2.3248112
2.2713132
2.1863756
2.1249173
2.090368
2.09414
2.1225953
2.1461759
2.125179
2.0661013
1.9856515
1.9205843
1.8834279
1.8758414
1.8935134
1.9247329
1.9583042
1.9969151
2.0193021
2.033972
2.039043
2.0172205
1.9927238
1.9701117
1.9398959
1.9090788
1.8890522
1.8721395
1.8606069
1.8575798
1.8544657
1.847433
1.8327167
1.811265
1.7891016
1.7703254
1.7632446
1.767626
1.7933877
1.8337152
1.9022566
1.9591824
2.036289
2.1355958
2.1978931
2.2800734
2.2983694
2.3178608
2.2941978
2.2282856
2.158709
2.096915
2.0701113
2.077191
2.1011195
2.114964
2.0909867
2.030592
1.9607666
1.9033253
1.8739066
1.870227
1.8924084
1.9270556
1.9626745
2.002435
2.023721
2.0364294
2.03962
2.0349288
2.0088806
1.9855984
1.9550637
1.9241333
1.8975946
1.8825253
1.8728297
1.8697689
1.8678284
1.8601656
1.8437432
1.8203024
1.7964034
1.7768987
1.7699339
1.7828724
1.8125384
1.8565927
1.9289906
2.0101793
2.0897348
2.1893532
2.2483227
2.2989411
2.3451731
2.3387609
2.2789454
2.2195463
2.1405253
2.0913358
2.0776234
2.098963
2.127325
2.128385
2.0902371
2.0173745
1.9466075
1.8963685
1.8740317
1.8780901
1.898099
1.9335558
1.9696139
1.994122
2.013719
2.0253005
2.0277224
2.0049758
1.9815767
1.961355
1.9343867
1.9066869
1.8825489
1.8686064
1.8613633
1.8559263
1.8525546
1.8428233
1.826518
1.8050942
1.7820009
1.768397
1.7652354
1.7821715
1.8148515
1.8603835
1.932875
2.0122204
2.0891776
2.1578636
2.2463875
2.2975402
2.3169827
2.312853
2.2551956
2.1861486
2.120083
2.0742924
2.0645912
2.0848796
2.1107388
2.1082847
2.0646296
1.9954731
1.9306463
1.8867643
1.8694953
1.8779831
1.9012647
1.9290849
1.9640228
2.0029416
2.0222187
2.032466
2.0332816
2.009503
2.0020554
1.967021
1.9413335
1.9146476
1.8910431
1.8772707
1.8679426
1.8652004
1.8610538
1.8513348
1.8332846
1.8098693
1.787445
1.7741425
1.7718593
1.7900851
1.8241161
1.8709464
1.9449859
2.0256016
2.1033096
2.201221
2.2594438
2.3101044
2.3301275
2.3265288
2.268696
2.198226
2.1251578
2.0810068
2.0766435
2.1004786
2.1269264
2.121396
2.0733438
2.0012043
1.9338102
1.8905381
1.8736285
1.8770257
1.8971549
1.9326181
1.9687092
1.9929934
2.0121598
2.0229836
2.0065184
2.002437
1.979932
1.9607334
1.9346138
1.9072995
1.889215
1.8687463
1.8610219
1.8566153
1.8515967
1.8424983
1.8259362
1.8048443
1.784538
1.7685876
1.7652925
1.7816601
1.8135027
1.8581587
1.9297994
2.0088162
2.0860517
2.1839542
2.2432108
2.2948494
2.3157969
2.3131614
2.2729702
2.1985292
2.1218548
2.075812
2.065811
2.0865436
2.1138291
2.1130283
2.07038
2.004314
1.9359927
1.8911091
1.872735
1.8750539
1.8939462
1.9279106
1.9627872
1.9866515
2.0061758
2.0181003
2.0212722
1.9997987
1.993809
1.9732144
1.9453384
1.9163929
1.8970644
1.8796325
1.8667903
1.8623079
1.8580236
1.849726
1.8350455
1.813546
1.7920548
1.7742686
1.7684522
1.7819269
1.8113
1.8542876
1.9249305
2.0043862
2.0832286
2.1832476
2.2444108
2.2974124
2.3454423
2.339553
2.296136
2.2186189
2.144767
2.0909433
2.0740914
2.0939806
2.1234286
2.1325114
2.09354
2.0271602
1.9567401
1.9056438
1.8804303
1.8769263
1.8900614
1.918282
1.9494059
1.9726611
1.9937476
1.9913416
1.9978747
1.9974656
1.9761147
1.9566002
1.941211
1.9196398
1.8965197
1.87543
1.8625954
1.8548869
1.8492118
1.8419378
1.8303558
1.8128799
1.7921051
1.7738191
1.7654217
1.7674642
1.7900052
1.8269038
1.8916463
1.9680374
2.0472026
2.1214309
2.2160928
2.2730038
2.3234873
2.3430443
2.3161469
2.2443624
2.16858
2.104252
2.0697389
2.0755348
2.102162
2.1260104
2.1075695
2.0535343
1.979768
1.920197
1.8858646
1.8752644
1.8825574
1.904762
1.930908
1.9517268
1.9727225
1.9905
2.0016057
1.9868355
1.9842396
1.9636965
1.9465436
1.933825
1.9059083
1.887173
1.8695167
1.8586106
1.8516251
1.845361
1.8372079
1.822917
1.8051186
1.784816
1.7733126
1.7710319
1.7792721
1.8086231
1.8660159
1.9192059
1.9962523
2.1000447
2.1722178
2.2346888
2.2898421
2.3394172
2.3114414
2.2715077
2.1967046
2.125166
2.0745091
2.061276
2.0804353
2.1079974
2.1096344
2.074513
2.0073576
1.9425683
1.8969952
1.8766313
1.8764448
1.892196
1.9134284
1.9432256
1.9650998
1.9851463
1.9823492
1.9890323
1.989385
1.9694376
1.965838
1.9373915
1.9170887
1.8947793
1.8795798
1.8648729
1.8529565
1.8470525
1.840861
1.8294832
1.8129015
1.7934291
1.7766175
1.7697219
1.772929
1.7965695
1.8341802
1.8995757
1.9763508
2.0558968
2.158742
2.2249446
2.3118906
2.3333316
2.3541634
2.3085673
2.2553034
2.1679955
2.1017358
2.072976
2.0841193
2.113359
2.1355836
2.1118531
2.0497546
1.976532
1.9197313
1.8878314
1.8781683
1.8851957
1.9066637
1.9219744
1.9531368
1.9598985
1.9771769
1.9716047
1.9757106
1.9580396
1.954956
1.9383497
1.9146426
1.8981248
1.879124
1.8659382
1.8524334
1.8432083
1.8353803
1.8271707
1.8138387
1.7983251
1.7801194
1.7662076
1.7633615
1.7790816
1.8093534
1.8518493
1.9208407
1.9978508
2.0750735
2.1747646
2.238261
2.2939074
2.3171523
2.3147333
2.272992
2.1957285
2.1222713
2.0703297
2.0558612
2.0758045
2.1040778
2.106954
2.0692794
2.0074801
1.9435029
1.8983188
1.8761904
1.876871
1.8853344
1.9115397
1.9290658
1.9490001
1.9686027
1.9840858
1.9749362
1.9765248
1.974047
1.955312
1.9405684
1.9190925
1.9037598
1.8789265
1.8673571
1.8523816
1.84531
1.8398049
1.8302295
1.8161273
1.7965679
1.7798655
1.7718163
1.7732575
1.7946509
1.8302072
1.8936493
1.9695088
2.0495362
2.126099
2.2240622
2.2841985
2.3370655
2.3326445
2.3090384
2.238955
2.162915
2.0979238
2.0636294
2.0705748
2.0980558
2.1215024
2.1024423
2.0454657
1.9779994
1.9211361
1.888128
1.8770399
1.8823855
1.8947067
1.9159298
1.9337518
1.953723
1.9564399
1.9690251
1.9749963
1.9580588
1.9555687
1.939077
1.9269623
1.9083822
1.8870306
1.8717893
1.8560725
1.8453579
1.8371888
1.8300645
1.818526
1.8028415
1.7849345
1.7743077
1.7652442
1.7782799
1.8059196
1.8463275
1.9136705
1.9905355
2.0691712
2.1711795
2.2372959
2.2949843
2.3461676
2.3406672
2.2955482
2.2151022
2.1386888
2.0852988
2.063699
2.0808706
2.1105568
2.1227174
2.0932093
2.0273385
1.9625545
1.9119639
1.8843582
1.8792286
1.8832505
1.9040611
1.9186435
1.93697
1.9423983
1.9587834
1.9536089
1.9582882
1.9580312
1.9402161
1.939017
1.9151387
1.8984323
1.8863412
1.8645366
1.8496411
1.8391964
1.833097
1.8232601
1.812842
1.7969111
1.7827008
1.7701981
1.7687452
1.7859138
1.8171513
1.8601098
1.9293611
2.0065477
2.084415
2.185333
2.2502742
2.3067455
2.3295193
2.3033698
2.2468152
2.1760685
2.1076097
2.0607786
2.0522988
2.07503
2.0986876
2.0972812
2.0565948
1.99563
1.9341059
1.8945742
1.8767765
1.8765167
1.8903604
1.900505
1.9256203
1.9451351
1.9494267
1.9641671
1.9561622
1.9589385
1.9580288
1.9412658
1.9282098
1.9189959
1.8939229
1.8761464
1.8630996
1.8494194
1.8397915
1.8313518
1.8222718
1.8096547
1.794291
1.7805789
1.769871
1.7790799
1.8026679
1.839638
1.9040449
1.9797566
2.0591571
2.135532
2.233953
2.2951977
2.3211644
2.3197758
2.277842
2.2119884
2.1390352
2.0749776
2.050652
2.0633373
2.0916748
2.1059437
2.0813735
2.0240715
1.9593141
1.9105589
1.8832215
1.8741491
1.8795007
1.8910034
1.9118568
1.9296916
1.9354488
1.9525611
1.9648947
1.95333
1.9537662
1.9522107
1.9510957
1.9260383
1.9186373
1.8954937
1.8723338
1.8607566
1.8452864
1.8371552
1.8303682
1.8192966
1.8059006
1.7886232
1.7745161
1.7708097
1.7853932
1.8144736
1.8712709
1.9236393
2.0230827
2.103231
2.1773455
2.272583
2.3009624
2.325859
2.32335
2.2621207
2.1865652
2.1083195
2.0627823
2.054877
2.0804677
2.105515
2.1090484
2.0676146
2.00256
1.9426277
1.9013088
1.880444
1.8761188
1.885373
1.8923901
1.9148103
1.9208717
1.9395616
1.9403043
1.9505614
1.9546369
1.9540718
1.9520438
1.9371444
1.9269497
1.9097538
1.8886303
1.8725705
1.8555858
1.8407651
1.8348906
1.8256181
1.8153753
1.7990592
1.78391
1.7703984
1.7681283
1.7846845
1.8280888
1.8734312
1.9451027
2.0237985
2.128934
2.2021422
2.2662263
2.3225296
2.345149
2.31784
2.2585065
2.1737678
2.1071637
2.0622683
2.0600324
2.0898662
2.1143272
2.1091852
2.0637386
1.99785
1.9397173
1.9005861
1.8830433
1.8778288
1.8868973
1.8934584
1.90518
1.9219785
1.9269164
1.9428742
1.9370704
1.9409946
1.9408305
1.9395498
1.9258589
1.9165943
1.9001737
1.8874593
1.8637035
1.8466117
1.8343945
1.8250928
1.8175151
1.80781
1.7924314
1.7790203
1.7669495
1.7733251
1.793627
1.8274722
1.8885927
1.9621089
2.0411613
2.1190631
2.2196887
2.2836668
2.3111644
2.3345273
2.2874944
2.2324054
2.1519485
2.0848904
2.0510836
2.0557816
2.0822868
2.1057863
2.0900679
2.0423274
1.9770775
1.9257355
1.8932242
1.8784292
1.8780656
1.8841888
1.899326
1.9028054
1.9193766
1.9233034
1.9379083
1.9310381
1.934469
1.9346805
1.9343413
1.9218993
1.9134216
1.8974334
1.8768859
1.8608884
1.8436067
1.8312409
1.8243163
1.8160738
1.8036675
1.7909207
1.7790167
1.7746606
1.7779837
1.8006258
1.8501174
1.898155
1.9716904
2.0503523
2.1548526
2.22679
2.2898726
2.317308
2.316096
2.2732182
2.2063003
2.1248636
2.0686245
2.044682
2.0574644
2.085462
2.099458
2.0758505
2.0209818
1.959087
1.9123116
1.8855375
1.8756425
1.8793366
1.8890955
1.8988936
1.91376
1.9187517
1.9210634
1.9338157
1.9414265
1.9437424
1.9431558
1.928268
1.9177682
1.9107434
1.8959318
1.876318
1.855401
1.8404052
1.8295854
1.8227499
1.8133898
1.8012561
1.7867702
1.7742492
1.7706702
1.7842116
1.8115809
1.8662964
1.935926
2.0140793
2.093663
2.1972709
2.2654157
2.3249428
2.3234768
2.3222795
2.261327
2.1846488
2.1046338
2.0580282
2.051178
2.0763752
2.101808
2.1008568
2.0642526
2.000726
1.9429297
1.9033673
1.88309
1.8780665
1.8802552
1.8909177
1.901736
1.9061396
1.9103552
1.9262953
1.9224725
1.9281521
1.9295297
1.9292985
1.9299791
1.9196146
1.9019198
1.8884251
1.8696449
1.849086
1.8340244
1.826092
1.8158716
1.8084041
1.7958033
1.7813737
1.774765
1.7744498
1.7921753
1.8231683
1.8812358
1.9526422
2.0310934
2.109989
2.1843803
2.2517886
2.3113856
2.3104548
2.2865603
2.213574
2.1457195
2.0763993
2.0404477
2.0410466
2.0669103
2.086761
2.0747373
2.0324597
1.9745953
1.924821
1.8919445
1.8763086
1.8747113
1.8797872
1.8857512
1.8972024
1.9137549
1.9180388
1.9330952
1.942925
1.9467096
1.9467554
1.946357
1.9336878
1.9250573
1.9082773
1.8863213
1.8627942
1.8456966
1.8339244
1.8254299
1.8182793
1.8081319
1.7943779
1.7809393
1.775147
1.7776142
1.8107095
1.8487338
1.9140627
1.9904864
2.0965009
2.175723
2.2466767
2.3090508
2.335897
2.3335505
2.288435
2.2051115
2.1255462
2.068272
2.0507004
2.069839
2.10031
2.1118128
2.0788724
2.021463
1.9627829
1.9169818
1.8905795
1.8801836
1.877921
1.8839058
1.8910758
1.8938503
1.9105489
1.9143143
1.9128462
1.9204671
1.9232779
1.9236498
1.9243953
1.9269162
1.9068766
1.8919065
1.8792987
1.8548326
1.8366374
1.8234348
1.8161082
1.8076608
1.7976563
1.7854261
1.7744887
1.7716224
1.7851577
1.8118254
1.8653078
1.9149449
2.0112274
2.0913625
2.1680052
2.2378964
2.2999165
2.3007736
2.2785892
2.2393475
2.162727
2.0902805
2.0418916
2.0326488
2.0531147
2.0755742
2.075577
2.0407171
1.9881582
1.9360847
1.8998253
1.8799822
1.8738904
1.8746406
1.8838421
1.8841746
1.8975945
1.901885
1.9179213
1.9301872
1.9364299
1.9379623
1.9381101
1.9394846
1.9294587
1.9223298
1.8968556
1.8765272
1.8544195
1.8386011
1.827877
1.8217994
1.8129526
1.8005863
1.7888012
1.7766734
1.7814897
1.7995908
1.8312893
1.8904403
1.963127
2.0430512
2.150344
2.226313
2.2931888
2.323132
2.323097
2.2997706
2.226365
2.1464844
2.0796282
2.0459158
2.05303
2.0835624
2.1027107
2.0898352
2.0384927
1.9790514
1.9287363
1.8976324
1.8821281
1.8757231
1.8770956
1.8801036
1.8897908
1.8940411
1.8982354
1.9134042
1.9238036
1.9280918
1.928596
1.9289355
1.9312499
1.9226153
1.9055731
1.8912526
1.86379
1.8481624
1.827958
1.8205396
1.8108377
1.8030365
1.792308
1.7812972
1.7707083
1.7791104
1.8007206
1.8489034
1.9132277
1.988534
2.0683515
2.1466603
2.2193651
2.2844956
2.3138776
2.289417
2.2485347
2.182495
2.1024683
2.049396
2.0298173
2.0435715
2.0697005
2.076445
2.052267
2.0022268
1.950246
1.9091944
1.8849739
1.8744898
1.8714209
1.8764389
1.8828058
1.8850101
1.9010072
1.9043689
1.9177842
1.9259747
1.9292314
1.946111
1.9467218
1.9351652
1.9273483
1.9104536
1.8873439
1.8619542
1.8431253
1.8302383
1.8213184
1.8143506
1.8045303
1.791019
1.7824595
1.7788234
1.792281
1.819483
1.874006
1.9434116
2.021942
2.1290908
2.2075193
2.2774534
2.3101907
2.337377
2.3120356
2.2516174
2.163916
2.089593
2.0486221
2.0460784
2.0721478
2.098968
2.0943718
2.052761
1.9934311
1.9415401
1.9058483
1.8859997
1.8760262
1.873467
1.8797419
1.8789148
1.8922367
1.8973578
1.8997098
1.9112756
1.9174156
1.9194181
1.9204618
1.9229488
1.9272248
1.9083302
1.8930442
1.8712678
1.8531828
1.8338978
1.8203131
1.8099002
1.803959
1.793056
1.780116
1.7745433
1.774364
1.7916169
1.8216461
1.8782701
1.9482862
2.0260348
2.1315053
2.207607
2.2754967
2.3070276
2.3334458
2.287076
2.2313812
2.1486602
2.0839255
2.0423331
2.0435338
2.0708268
2.0915878
2.0834825
2.0406249
1.9828863
1.9338527
1.9005551
1.8827807
1.8769064
1.8721194
1.8790944
1.8785062
1.8919549
1.8966296
1.8982203
1.908941
1.914547
1.9165251
1.9178922
1.920737
1.9123929
1.9063039
1.8907266
1.8687744
1.8445847
1.826751
1.814023
1.8067218
1.8002987
1.7888606
1.7801163
1.7708707
1.7793674
1.8000484
1.8330972
1.8927872
1.9647806
2.067428
2.1478152
2.2222707
2.2890007
2.3198168
2.3202686
2.2766478
2.2071617
2.1304367
2.066938
2.0369987
2.0466676
2.073443
2.0885527
2.0686636
2.0225544
1.9651511
1.9222732
1.8946004
1.8805487
1.8741361
1.8750465
1.877759
1.8778312
1.8920674
1.8962944
1.8966074
1.905817
1.9103749
1.9275355
1.9286397
1.9314454
1.9228936
1.9055245
1.8907278
1.862064
1.8454062
1.82809
1.8161452
1.8092744
1.7994397
