6.3137827
6.4264536
6.5359483
6.642423
6.7460213
6.8468704
6.945089
7.040784
7.1340537
7.2249866
7.3136644
7.400161
7.4845433
7.566874
7.647208
7.7255993
7.802095
7.8767405
7.9495773
8.020647
8.089987
8.157634
8.223622
8.287989
8.350765
8.411984
8.471678
8.529875
8.586608
8.641904
8.695792
8.748302
8.799462
8.849299
8.897843
8.945122
8.991164
9.036
9.07966
9.122174
9.163573
9.203887
9.243148
9.2813835
9.318627
9.354906
9.39025
9.424686
9.458244
9.490949
9.522825
9.5539
9.584196
9.613737
9.642546
9.670641
9.698047
9.724778
9.750856
9.776298
9.801118
9.825333
9.848956
9.872001
9.89448
9.916405
9.937784
9.958631
9.9789505
9.9987545
10.01805
10.036844
10.055144
10.072957
10.09029
10.107147
10.123537
10.139464
10.154936
10.169957
10.184533
10.198671
10.212378
10.2256565
10.238515
10.250958
10.262994
10.274626
10.285863
10.296711
10.307176
10.317265
10.326984
10.336343
10.345347
10.354006
10.362327
10.3703165
10.377983
10.385336
10.392382
10.399129
10.405585
10.411757
10.417653
10.42328
10.428643
10.433751
10.438608
10.443222
10.447597
10.451739
10.455654
10.459346
10.462819
10.46608
10.469131
10.471977
10.474622
10.477068
10.47932
10.48138
10.483252
10.484938
10.486441
10.487764
10.48891
10.489881
10.490679
10.491307
10.491768
10.4920635
10.492197
10.492171
10.491989
10.491653
10.491165
10.490529
10.489748
10.488824
10.48776
10.486559
10.485224
10.483756
10.482161
10.480439
10.478594
10.476627
10.474543
10.472342
10.470027
10.467602
10.465067
10.462426
10.45968
10.456832
10.453883
10.450835
10.447692
10.444453
10.441122
10.4377
10.434189
10.430591
10.426907
10.423138
10.419288
10.415358
10.411347
10.407261
10.403098
10.398862
10.394553
10.390173
10.385724
10.381207
10.376624
10.371976
10.367264
10.362491
10.3576565
10.352762
10.347811
10.342803
10.33774
10.3326235
10.327453
10.322232
10.31696
10.311641
10.3062725
10.300858
10.295398
10.289894
10.284347
10.278757
10.273127
10.267456
10.261746
10.255999
