629.3314
625.7623
622.1465
618.48175
614.76605
610.9966
607.17004
603.28204
599.3279
595.3017
591.1968
587.0056
582.7203
578.3327
573.83563
569.2228
564.48975
559.63367
554.6535
549.55023
544.3258
538.9836
533.528
527.96405
522.2971
516.533
510.67767
504.73743
498.71832
492.62665
486.4693
480.25308
473.98608
467.67712
461.33618
454.97455
448.60474
442.24042
435.89597
429.58563
423.32364
417.1232
410.9958
404.95108
398.9966
393.13748
387.37686
381.716
376.15463
370.6913
365.3239
360.0496
354.86533
349.76834
344.75568
339.82437
334.97205
330.1963
325.49472
320.86542
316.30637
311.8159
307.39206
303.03342
298.73828
294.50513
290.3325
286.2189
282.16278
278.16293
274.2178
270.32626
266.48685
262.69827
258.9596
255.26962
251.62733
248.03166
244.4818
240.97682
237.51595
234.09848
230.72366
227.39085
224.09947
220.84901
217.63889
214.46873
211.33824
208.24702
205.19489
202.18161
199.20706
196.2711
193.3735
190.51414
187.69275
184.90886
182.1621
179.45189
176.77765
174.1387
171.53442
168.96413
166.42717
163.92299
161.45111
159.01099
156.60233
154.22462
151.87764
149.56107
147.27457
145.01791
142.79086
140.59314
138.42445
136.28459
134.17323
132.09004
130.0348
128.00713
126.00667
124.03307
122.08607
120.1653
118.270386
116.400955
114.5568
112.737526
110.9429
109.172615
107.42646
105.70412
104.00535
102.32991
100.67752
99.04792
97.44085
95.85619
94.29349
92.75256
91.23317
89.73508
88.25794
86.80166
85.36589
83.950424
82.55494
81.17932
79.82331
78.4866
77.16909
75.87045
74.59055
73.32911
72.08592
70.8608
69.65355
68.463844
67.29163
66.13663
64.99858
63.87733
62.772747
61.68448
60.612503
59.556465
58.516224
57.491695
56.482494
55.488575
54.509712
53.54571
52.596436
51.66164
50.741158
49.83483
48.94248
48.063908
47.199
46.347485
45.50927
44.684204
43.87205
43.07267
42.28588
41.511623
40.749596
39.999676
39.26181
38.535725
37.821304
37.118378
36.426815
35.746468
35.07718
34.41881
33.77117
33.13418
