417.18875
413.2656
409.47968
405.8395
402.3538
399.03036
395.87668
392.89975
390.10678
387.5047
385.1007
382.90176
380.91443
379.14435
377.59512
376.26758
375.1588
374.26053
373.55945
373.0359
372.6634
372.4094
372.23627
372.10352
371.97028
371.79846
371.55618
371.22025
370.77646
370.21857
369.5473
368.76837
367.89093
366.92584
365.88348
364.77295
363.6001
362.3666
361.0689
359.6972
358.23517
356.65997
354.9438
353.05447
350.9585
348.62158
346.01083
343.09534
339.84802
336.24734
332.2805
327.94745
323.26404
318.2626
312.9897
307.50485
301.88083
296.19547
290.50867
284.85004
279.25632
273.83203
268.73
264.02957
259.6351
255.29778
250.7396
245.79024
240.4534
234.89505
229.39662
224.28458
219.81342
216.00049
212.52463
208.8972
204.84335
200.47925
196.14696
192.14308
188.55576
185.27429
182.09894
178.84753
175.44606
171.98347
168.65947
165.63614
162.90724
160.302
157.63777
154.87871
152.14667
149.59354
147.2638
145.06898
142.88873
140.67769
138.47726
136.35835
134.36313
132.47647
130.63768
128.79318
126.94849
125.15735
123.45916
121.84011
120.25634
118.68198
117.12721
115.619385
114.17558
112.789055
111.43561
110.098045
108.78426
107.514465
106.29399
105.108765
103.94461
102.79919
101.6791
100.5924
99.53904
98.50898
97.49414
96.49724
95.52422
94.57602
93.64901
92.73833
91.84169
90.9618
90.10111
89.2577
88.42777
87.608986
86.80087
86.00463
85.22022
84.44507
83.676674
82.91397
82.15659
81.40412
80.655014
79.90657
79.15671
78.4041
77.64752
76.88524
76.114655
75.3328
74.537254
73.72559
72.894905
72.04163
71.16169
70.251015
69.306046
68.32338
67.29961
66.23147
65.116264
63.95253
62.74016
61.480656
60.177364
58.83634
57.46656
56.0799
54.689533
53.308315
51.946785
50.611935
49.30582
48.02634
46.771843
45.54823
44.374527
43.280155
42.29486
41.434948
40.69207
40.033127
39.414375
38.80108
38.177902
37.538155
36.867325
36.146404
35.365356
34.53184
33.674236
32.829945
32.02616
31.275135
30.578062
29.926836
