3.9746916
3.7026033
3.4472337
3.2095323
2.9904191
2.7906604
2.6108994
2.451663
2.3133004
2.1959085
2.0993075
2.0229564
1.9658616
1.9264549
1.902526
1.8913066
1.8894547
1.893171
1.8988014
1.9033518
1.9045942
1.9009867
1.8915408
1.8758298
1.854178
1.8278141
1.7987801
1.769566
1.742579
1.719607
1.7014074
1.687523
1.676448
1.666159
1.6548002
1.6411818
1.624911
1.6062121
1.5855658
1.5632675
1.5390589
1.5120794
1.4813466
1.4465513
1.4085138
1.3686569
1.3273891
1.2827358
1.2321029
1.1758068
1.11671
1.0556759
0.98969996
0.9195712
0.8505242
0.7812519
0.7110325
0.650094
0.59830856
0.56177366
0.5401708
0.53352374
0.5290718
0.52410054
0.5085
0.48356828
0.45818195
0.435607
0.4244273
0.42270505
0.42984125
0.43845186
0.44451833
0.44329315
0.43585822
0.42321536
0.4100456
0.39844596
0.39103577
0.38639945
0.3833142
0.3785629
0.37147972
0.3616447
0.35094333
0.3405812
0.33208907
0.32549906
0.32053834
0.31628144
0.31183463
0.3067807
0.3008831
0.29444173
0.2878744
0.2815144
0.27564925
0.27019435
0.2648952
0.25946757
0.25362983
0.24739209
0.24095938
0.23460987
0.22858928
0.22290352
0.21739581
0.2118764
0.2062034
0.20042351
0.19476236
0.18944739
0.1845722
0.18003967
0.17565054
0.17130135
0.16705126
0.16305085
0.15941563
0.15610668
0.15297121
0.14989726
0.14690706
0.14411129
0.14157368
0.13923445
0.13697793
0.1347503
0.13260126
0.13060525
0.12875415
0.1269581
0.12514906
0.1233513
0.121628605
0.119984135
0.1183552
0.116705135
0.115070686
0.113490194
0.11192703
0.1103195
0.108676285
0.10704701
0.10542198
0.10375199
0.102043934
0.10032938
0.09857255
0.09672799
0.09481738
0.09284548
0.09076285
0.08855285
0.08620974
0.08367571
0.08089973
0.077848755
0.074467376
0.07069942
0.06651057
0.06188499
0.056821298
0.05138238
0.04573275
0.0400895
0.034684066
0.029708046
0.025274932
0.02144873
0.01821752
0.015475697
0.013107816
0.011029461
0.009220632
0.007718939
0.0065782405
0.0058355555
0.0054996056
0.0055204635
0.005797351
0.0061977534
0.0065895286
0.006859321
0.0069434196
0.0068274476
0.00654094
0.006147915
0.005718754
0.005314894
0.0049768705
0.004716154
0.0045228717
0.004374956
0.0042469366
0.0041215606
0.0039934153
0.00386747
0.0037562877
0.003673126
