689.50507
685.90106
682.95044
680.6835
679.1136
678.2227
677.94385
678.1391
678.5959
679.072
679.3838
679.45325
679.29425
678.973
678.5732
678.17114
677.8228
677.5586
677.38367
677.28284
677.2284
677.1877
677.1292
677.0275
676.86475
676.6309
676.3245
675.9501
675.51685
675.0359
674.5169
673.9639
673.3757
672.7461
672.06604
671.3226
670.50165
669.5884
668.56903
667.43134
666.16345
664.7534
663.18744
661.4486
659.51575
657.3636
654.9634
652.28357
649.29175
645.9561
642.2462
638.1353
633.6024
628.63354
623.2261
617.3923
611.1656
604.6081
597.8194
590.9444
584.17255
577.71204
571.7075
566.0846
560.4393
554.2691
547.4584
540.4686
534.0767
528.7801
524.1677
519.3487
514.074
508.78583
503.95294
499.57968
495.26212
490.85727
486.7264
482.7926
478.48883
474.07825
470.1287
466.51715
462.78604
458.85468
454.9626
451.308
447.84747
444.45172
441.08466
437.7224
434.3792
431.1753
428.1572
425.1924
422.1747
419.1798
416.3232
413.57355
410.8208
408.05777
405.3579
402.73276
400.1296
397.53198
394.97903
392.49054
390.03683
387.59692
385.19662
382.86404
380.58893
378.3497
376.15128
374.01395
371.94104
369.92078
367.94574
366.01233
364.10858
362.21796
360.3322
358.4446
356.54242
354.615
352.66367
350.6942
348.70615
346.69724
344.66898
342.62012
340.5428
338.42892
336.27142
334.0591
331.77744
329.41473
326.96234
324.41162
321.75537
318.98993
316.11154
313.1162
310.00162
306.76657
303.40952
299.92822
296.32205
292.59174
288.7395
284.7699
280.69022
276.5102
272.24213
267.9003
263.5021
259.06747
254.61833
250.17738
245.76752
241.41037
237.12604
232.93208
228.8433
224.87166
221.02583
217.3117
213.73189
210.28596
206.9703
203.77766
200.69724
197.71562
194.81772
191.9891
189.21788
186.49574
183.81757
181.18074
178.58423
176.02771
173.51135
171.03546
168.59988
166.20325
163.84344
161.51776
159.22345
156.95833
154.72113
152.51138
150.32912
148.17476
146.04875
143.95131
141.8828
139.84332
137.83275
135.85075
