9.0001135
9.01111
9.001249
9.003109
9.004625
9.000405
8.99733
8.999011
8.99823
8.994143
8.994116
8.992767
8.990868
8.987022
8.98128
8.974383
8.963819
8.942081
8.936223
8.921306
8.896041
8.857773
8.829257
8.796875
8.744294
8.689597
8.633048
8.5608635
8.47252
8.36912
8.247876
8.104965
7.9368243
7.740462
7.514073
7.25816
6.977005
6.680148
6.3832064
6.107364
5.876609
5.7114735
5.6181636
5.5788836
5.5603414
5.5393343
5.509119
5.459876
5.3751264
5.255592
5.1216846
4.996747
4.895919
4.823913
4.7771792
4.747915
4.727356
4.707928
4.6843395
4.6537905
4.6157765
4.5714555
4.5231357
4.4735985
4.425621
4.3816576
4.343419
4.3118668
4.2868586
4.2669973
4.249704
4.231985
4.211529
4.187624
4.1613016
4.134305
4.108479
4.0850677
4.064414
4.046274
4.03001
4.0147986
3.9999337
3.9847376
3.9689496
3.9526038
3.935965
3.9194064
3.9033284
3.888001
3.8735266
3.859871
3.8469415
3.8344872
3.8223426
3.8102825
3.7981708
3.7860184
3.7739167
3.7619977
3.7503862
3.739162
3.728364
3.7179675
3.7078528
3.6979353
3.6881905
3.6785686
3.66902
3.6595597
3.6502872
3.6410992
3.6321979
3.6234107
3.6149247
3.6065342
3.5983999
3.5903168
3.5824914
3.5747013
3.5671244
3.5596128
3.5522528
3.5450268
3.5378742
3.5309567
3.5241003
3.5174272
3.5108504
3.5044022
3.4980383
3.4918237
3.485626
3.4796352
3.4736884
3.4677954
3.4621103
3.4564776
3.4508946
3.4454713
3.440144
3.4348547
3.4296389
3.4245942
3.4195833
3.4145975
3.409759
3.4050012
3.4002664
3.3955882
3.3910794
3.3866017
3.3821588
3.3777454
3.373479
3.3692737
3.3651032
3.360968
3.3568678
3.3528516
3.3489404
3.345064
3.3412304
3.337443
3.3336978
3.3299894
3.3263092
3.3226624
3.3191435
3.3156536
3.3121982
3.3087819
3.3054032
3.3020623
3.298759
3.295491
3.2922578
3.289057
3.2858891
3.2827501
3.2796397
3.2765517
3.2734847
3.2704296
3.2674375
3.2645135
3.2615924
3.2586832
3.255788
3.252912
3.2500522
3.247209
3.2444277
3.241653
3.2389026
3.2361593
3.2334366
3.2307265
3.228033
3.22535
