3.9746587
3.6968503
3.425136
3.1599362
2.901719
2.6509275
2.4079967
2.1733675
1.9475026
1.7309016
1.5241148
1.3277571
1.142513
0.9691277
0.80838865
0.6610899
0.52798384
0.40972665
0.30681577
0.21953002
0.14787126
0.091516785
0.049786676
0.021629814
0.00563349
6.0881845e-05
0.0029162008
0.012039006
0.025223771
0.040355485
0.05554287
0.06923111
0.0802702
0.08793967
0.09192765
0.09227828
0.0893192
0.083579324
0.07570926
0.06640731
0.056359127
0.046189908
0.03643183
0.027503826
0.019704174
0.0132130515
0.008101445
0.0043476624
0.0018543748
0.00046919077
3.82332e-06
0.00025222346
0.0010063881
0.0020692884
0.0032648835
0.004444865
0.0054926854
0.006324983
0.006890515
0.007167849
0.007161008
0.0068951068
0.0064105205
0.005757945
0.004992953
0.0041714185
0.0033455195
0.002560703
0.0018533891
0.001249696
0.000765228
0.00040530972
0.00016623469
3.6764202e-05
6.5896906e-08
3.5797744e-05
0.00012210755
0.00023750328
0.00036237147
0.0004802028
0.0005782878
0.00064815127
0.00068540644
0.00068944466
0.00066282524
0.0006105223
0.00053902745
0.00045556415
0.00036732623
0.00028084547
0.00020155804
0.00013348403
7.911968e-05
3.948272e-05
1.42498e-05
2.0077362e-06
5.61593e-07
7.242354e-06
1.9216744e-05
3.375781e-05
4.845708e-05
6.137656e-05
7.11354e-05
7.695041e-05
7.8552344e-05
7.616604e-05
7.037532e-05
6.201326e-05
5.20291e-05
4.1392883e-05
3.0987063e-05
2.1540569e-05
1.35880555e-05
7.4426157e-06
3.210306e-06
8.0754234e-07
4.629579e-09
4.7023414e-07
1.8191438e-06
3.6580757e-06
5.625439e-06
7.4211657e-06
8.81801e-06
9.683604e-06
9.964574e-06
9.6821195e-06
8.9174055e-06
7.794661e-06
6.449802e-06
5.025948e-06
3.65078e-06
2.4291105e-06
1.4325332e-06
7.0037254e-07
2.380087e-07
2.5268404e-08
2.0518424e-08
1.693953e-07
4.1260293e-07
6.9300756e-07
9.614266e-07
1.1794417e-06
1.3223063e-06
1.3791051e-06
1.3504175e-06
1.2471884e-06
1.0885677e-06
8.950525e-07
6.8943723e-07
4.918843e-07
3.1812326e-07
1.7873948e-07
7.987127e-08
2.175995e-08
4.9004567e-10
8.829024e-09
3.7991732e-08
7.826164e-08
1.2121632e-07
1.5933959e-07
1.8730341e-07
2.0245443e-07
2.0395865e-07
1.9249671e-07
1.7115886e-07
1.4267043e-07
1.1130085e-07
8.013721e-08
5.221518e-08
2.9677645e-08
1.3416817e-08
3.7708596e-09
1.3626617e-10
1.4107298e-09
6.141631e-09
1.26815625e-08
1.9630813e-08
2.5599203e-08
2.992218e-08
3.2060694e-08
3.1975198e-08
2.9756869e-08
2.594222e-08
2.122884e-08
1.6100318e-08
1.1122319e-08
6.866802e-09
3.5661842e-09
1.3463033e-09
2.359358e-10
7.961483e-11
6.323736e-10
1.64511e-09
2.8420197e-09
3.912567e-09
4.787744e-09
5.2586513e-09
5.397139e-09
5.1213527e-09
4.527698e-09
