88336.945
88297.695
88264.47
88237.63
88217.34
88203.69
88196.39
88194.77
88197.5
88202.6
88207.875
88211.695
88213.27
88212.62
88210.266
88206.92
88203.305
88199.97
88197.35
88195.6
88194.75
88194.7
88195.22
88196.02
88196.92
88197.695
88198.22
88198.42
88198.3
88197.914
88197.31
88196.63
88195.96
88195.36
88194.92
88194.695
88194.62
88194.7
88194.88
88195.09
88195.29
88195.43
88195.44
88195.37
88195.23
88195.06
88194.87
88194.7
88194.59
88194.516
88194.484
88194.5
88194.55
88194.58
88194.62
88194.59
88194.58
88194.52
88194.43
88194.36
88194.25
88194.18
88194.086
88194.02
88193.96
88193.88
88193.81
88193.72
88193.586
88193.47
88193.305
88193.125
88192.91
88192.66
88192.41
88192.125
88191.81
88191.43
88191.02
88190.555
88190.01
88189.375
88188.664
88187.84
88186.89
88185.8
88184.52
88183.04
88181.28
88179.234
88176.79
88173.875
88170.42
88166.266
88161.28
88155.24
88147.945
88139.15
88128.59
88115.98
88101.1
88083.82
88064.18
88042.65
88020.195
87998.48
87979.58
87964.81
87952.266
87938.01
87922.02
87906.73
87893.67
87882.3
87870.336
87855.71
87837.85
87817.83
87797.89
87779.875
87763.66
87747.49
87730.03
87712.086
87695.77
87681.57
87667.25
87651.23
87634.7
87619.21
87603.63
87586.336
87568.28
87550.87
87532.766
87512.734
87491.99
87470.78
87447.85
87423.234
87397.086
87368.7
87337.03
87301.69
87263.09
87219.95
87173.26
87124.43
87073.23
87022.12
86975.375
86934.96
86896.62
86855.46
86807.586
86751.21
86695.66
86652.63
86622.586
86600.695
86578.19
86547.91
86512.234
86480.25
86455.61
86430.55
86398.414
86361.95
86323.89
86284.86
86252.02
86224.695
86195.82
86164.64
86133.984
86104.51
86076.94
86048.91
86017.83
85985.85
85952.945
85918.58
85884.664
85852.625
85822.875
85791.81
85755.555
85714.81
85681.75
85655.46
85622.695
85577.086
85535.3
85505.29
85469.11
85419.74
85375.48
85337.766
85293.33
85245.67
