1233698800000.0
924520.6
275398.84
168440.72
88745.36
109896.71
98400.91
90870.6
85570.06
81638.2
78603.18
76186.62
74214.484
72572.84
71184.25
69994.23
68963.39
68062.55
67269.65
66567.586
65942.88
65384.79
64884.51
64434.87
64029.79
63664.184
63333.715
63034.594
62763.6
62517.875
62294.88
62092.43
61908.55
61741.465
61589.64
61451.605
61326.1
61212.01
61108.234
61013.89
60928.15
60850.16
60779.21
60714.7
60656.094
60602.81
60554.33
60510.3
60470.26
60433.91
60400.83
60370.805
60343.535
60318.766
60296.26
60275.83
60257.27
60240.406
60225.09
60211.23
60198.59
60187.125
60176.75
60167.31
60158.73
60150.96
60143.945
60137.54
60131.75
60126.5
60121.734
60117.39
60113.47
60109.89
60106.69
60103.72
60101.09
60098.68
60096.51
60094.52
60092.75
60091.137
60089.66
60088.285
60087.074
60085.98
60084.977
60084.035
60083.15
60082.387
60081.69
60081.055
60080.49
60079.95
60079.496
60079.04
60078.61
60078.23
60077.89
60077.57
60077.26
60076.984
60076.76
60076.55
60076.363
60076.17
60075.99
60075.84
60075.7
60075.55
60075.4
60075.29
60075.18
60075.04
60074.95
60074.82
60074.74
60074.69
60074.58
60074.51
60074.47
60074.38
60074.33
60074.27
60074.2
60074.17
60074.08
60073.996
60073.95
60073.9
60073.86
60073.8
60073.734
60073.68
60073.67
60073.64
60073.55
60073.47
60073.41
60073.34
60073.266
60073.19
60073.12
60073.03
60072.95
60072.91
60072.88
60072.86
60072.82
60072.78
60072.73
60072.69
60072.645
60072.6
60072.56
60072.52
60072.477
60072.43
60072.39
60072.34
60072.3
60072.26
60072.215
60072.17
60072.13
60072.086
60072.04
60072.0
60071.96
60071.91
60071.87
60071.83
60071.79
60071.746
60071.7
60071.66
60071.613
60071.57
60071.52
60071.48
60071.43
60071.387
60071.34
60071.297
60071.25
60071.2
60071.156
60071.1
60071.05
60071.0
60070.953
60070.906
60070.86
60070.805
60070.76
60070.7
60070.65
60070.61
60070.55
60070.504
60070.45
60070.4
60070.35
60070.3
60070.25
60070.2
60070.14
60070.09
60070.04
60069.98
60069.93
60069.88
60069.82
60069.77
60069.71
60069.66
60069.6
60069.54
60069.496
60069.44
60069.38
60069.324
60069.27
60069.21
60069.16
60069.1
60069.05
60068.99
60068.93
60068.875
60068.82
60068.766
60068.71
60068.65
60068.59
60068.54
60068.48
60068.42
60068.37
60068.31
60068.25
60068.19
60068.14
60068.08
60068.02
60067.96
60067.9
60067.85
60067.79
60067.73
60067.676
60067.62
60067.56
60067.5
60067.44
60067.38
60067.33
60067.266
60067.203
60067.145
60067.09
60067.03
60066.97
60066.91
60066.855
60066.79
60066.73
60066.66
60066.605
60066.54
60066.477
60066.42
60066.355
60066.297
60066.23
60066.17
60066.1
60066.047
60065.98
60065.92
60065.86
60065.79
60065.73
60065.664
60065.6
60065.54
60065.48
60065.42
60065.35
60065.29
60065.23
60065.17
60065.1
60065.035
60064.977
60064.91
60064.844
60064.78
60064.72
60064.65
60064.59
60064.53
60064.46
60064.4
60064.336
60064.27
60064.2
60064.14
60064.07
60064.01
60063.95
60063.88
60063.816
60063.75
60063.684
60063.613
60063.55
60063.484
60063.42
60063.35
60063.29
60063.22
60063.16
60063.09
60063.02
60062.953
60062.89
60062.824
60062.754
60062.695
60062.63
60062.56
60062.496
60062.43
60062.363
60062.3
60062.23
60062.16
60062.09
60062.023
60061.96
60061.89
60061.82
60061.754
60061.69
60061.613
60061.55
60061.48
60061.41
60061.35
60061.28
60061.215
60061.14
60061.07
60061.01
60060.94
60060.87
60060.8
60060.73
60060.66
60060.594
60060.53
60060.45
60060.387
60060.32
60060.246
60060.176
60060.11
60060.04
60059.97
60059.9
60059.83
60059.76
60059.69
60059.62
60059.55
60059.48
60059.41
60059.34
60059.27
60059.2
60059.13
60059.055
60058.984
60058.91
60058.84
60058.77
60058.7
60058.625
60058.56
60058.484
60058.42
60058.344
60058.27
60058.2
60058.13
60058.05
60057.98
60057.91
60057.84
60057.766
60057.69
60057.62
60057.555
60057.477
60057.4
60057.33
60057.26
60057.19
60057.113
60057.047
60056.97
60056.89
60056.82
60056.75
60056.67
60056.6
60056.52
60056.45
60056.38
60056.3
60056.227
60056.15
60056.074
60056.0
60055.926
60055.85
60055.78
60055.703
60055.63
60055.55
60055.477
60055.4
60055.324
60055.246
60055.17
60055.09
60055.02
60054.94
60054.863
60054.79
60054.72
60054.64
60054.56
60054.484
60054.41
60054.33
60054.25
60054.176
60054.1
60054.023
60053.95
60053.87
60053.79
60053.71
60053.63
60053.55
60053.477
60053.395
60053.316
60053.24
60053.16
60053.08
60053.0
60052.92
60052.836
60052.75
60052.67
60052.59
60052.51
60052.426
60052.344
60052.26
60052.18
60052.1
60052.01
60051.93
60051.85
60051.76
60051.68
60051.6
60051.51
60051.43
60051.344
60051.26
60051.18
60051.09
60051.01
60050.93
60050.844
60050.77
60050.68
60050.594
60050.51
60050.426
60050.344
60050.254
60050.176
60050.09
60050.004
60049.92
60049.84
60049.75
60049.664
60049.59
60049.496
60049.414
60049.33
60049.246
60049.156
60049.07
60048.99
60048.906
60048.82
60048.73
60048.645
60048.56
60048.477
60048.387
60048.3
60048.21
60048.13
60048.035
60047.953
60047.87
60047.785
60047.695
60047.61
60047.523
60047.434
60047.35
60047.26
60047.176
60047.086
60047.0
60046.91
60046.824
60046.74
60046.656
60046.566
60046.47
60046.39
60046.3
60046.215
60046.13
60046.04
60045.95
60045.863
60045.78
60045.69
60045.605
60045.51
60045.426
60045.336
60045.246
60045.156
60045.06
60044.98
60044.887
60044.805
60044.71
60044.613
60044.523
60044.44
60044.35
60044.266
60044.17
60044.074
60043.996
60043.906
60043.81
60043.72
60043.625
60043.535
60043.44
60043.35
60043.266
60043.164
60043.08
60042.99
60042.895
60042.805
60042.715
60042.63
60042.535
60042.44
60042.35
60042.254
60042.164
60042.07
60041.98
60041.89
60041.8
60041.7
60041.61
60041.52
60041.426
60041.33
60041.24
60041.15
60041.06
60040.96
60040.863
60040.773
60040.684
60040.59
60040.49
60040.4
60040.3
60040.21
60040.12
60040.03
60039.93
60039.84
60039.734
60039.645
60039.56
60039.46
60039.363
60039.27
60039.18
60039.086
60038.984
60038.89
60038.797
60038.703
60038.61
60038.516
60038.42
60038.32
60038.23
60038.137
60038.03
60037.94
60037.85
60037.75
60037.66
60037.56
60037.465
60037.37
60037.27
60037.176
60037.074
60036.984
60036.887
60036.79
60036.69
60036.594
60036.5
60036.406
60036.31
60036.21
60036.11
60036.02
60035.92
60035.824
60035.727
60035.63
60035.53
60035.44
60035.34
60035.24
60035.145
60035.047
60034.95
60034.844
60034.76
60034.656
60034.56
60034.46
60034.363
60034.266
60034.17
60034.07
60033.98
60033.87
60033.773
60033.676
60033.574
60033.48
60033.38
60033.28
60033.18
60033.08
60032.977
60032.87
60032.77
60032.676
60032.574
60032.47
60032.37
60032.27
60032.164
60032.07
60031.96
60031.855
60031.76
60031.656
60031.555
60031.45
60031.35
60031.25
60031.145
60031.04
60030.94
60030.836
60030.73
60030.63
60030.53
60030.43
60030.324
60030.22
60030.12
60030.01
60029.91
60029.805
60029.703
60029.6
60029.496
60029.39
60029.29
60029.19
60029.08
60028.984
60028.87
60028.766
60028.664
60028.56
60028.45
60028.35
60028.24
60028.13
60028.023
60027.92
60027.82
60027.71
60027.605
60027.5
60027.4
60027.285
60027.18
60027.07
60026.97
60026.86
60026.754
60026.656
60026.547
60026.44
60026.336
60026.227
60026.12
60026.01
60025.906
60025.797
60025.69
60025.58
60025.477
60025.37
60025.26
60025.15
60025.05
60024.94
60024.83
60024.73
60024.62
60024.51
60024.4
60024.297
60024.19
60024.08
60023.97
60023.87
60023.754
60023.645
60023.54
60023.43
60023.32
60023.21
60023.105
60022.996
60022.89
60022.78
60022.67
60022.56
60022.45
60022.34
60022.23
60022.12
60022.01
60021.9
60021.79
60021.68
60021.57
60021.46
60021.35
60021.24
60021.13
60021.02
60020.91
60020.8
60020.69
60020.58
60020.465
60020.36
60020.24
60020.137
60020.02
60019.91
60019.8
60019.69
60019.58
60019.46
60019.355
60019.24
60019.13
60019.016
60018.9
60018.79
60018.68
60018.56
60018.45
60018.34
60018.23
60018.12
60018.004
60017.89
60017.773
60017.66
60017.55
60017.434
60017.32
60017.21
60017.094
60016.98
60016.87
60016.754
60016.64
60016.523
60016.414
60016.3
60016.18
60016.07
60015.96
60015.84
60015.73
60015.61
60015.5
60015.387
60015.27
60015.156
60015.04
60014.92
60014.81
60014.695
60014.58
60014.465
60014.35
60014.23
60014.12
60014.0
60013.887
60013.77
60013.65
60013.535
60013.414
60013.3
60013.184
60013.07
60012.95
60012.83
60012.715
60012.6
60012.48
60012.36
60012.25
60012.13
60012.01
60011.895
60011.773
60011.65
60011.54
60011.414
60011.3
60011.176
60011.066
60010.94
60010.824
60010.7
60010.586
60010.47
60010.35
60010.23
60010.11
60009.984
60009.87
60009.75
60009.637
60009.51
60009.39
60009.27
60009.15
60009.03
60008.906
60008.78
60008.66
60008.535
60008.41
60008.29
60008.17
60008.04
60007.92
60007.797
60007.67
60007.54
60007.42
60007.297
60007.17
60007.05
60006.93
60006.8
60006.676
60006.55
60006.43
60006.3
60006.18
60006.05
60005.93
60005.8
60005.68
60005.55
60005.43
60005.3
60005.18
60005.05
60004.93
60004.805
60004.68
60004.55
60004.43
60004.31
60004.18
60004.05
60003.926
60003.8
60003.68
60003.55
60003.42
60003.297
60003.16
60003.04
60002.91
60002.785
60002.66
60002.53
60002.4
60002.273
60002.15
60002.023
60001.9
60001.77
60001.64
60001.52
60001.387
60001.25
60001.13
60001.0
60000.87
60000.746
60000.62
60000.49
60000.36
60000.23
60000.11
59999.977
59999.85
59999.72
59999.59
59999.46
59999.33
59999.2
59999.08
59998.95
59998.82
59998.684
59998.55
59998.43
59998.3
59998.17
59998.035
59997.91
59997.773
59997.645
59997.51
59997.38
59997.24
59997.1
59996.97
59996.83
59996.7
59996.56
59996.43
59996.29
59996.15
59996.016
59995.875
59995.74
59995.6
59995.46
59995.32
59995.18
59995.04
59994.9
59994.766
59994.62
59994.48
59994.34
59994.2
59994.055
59993.91
59993.773
59993.63
59993.49
59993.35
59993.21
59993.066
59992.92
59992.79
59992.64
59992.5
59992.36
59992.215
59992.07
59991.93
59991.785
59991.65
59991.5
59991.355
59991.22
59991.07
59990.93
59990.785
59990.645
59990.5
59990.355
59990.22
59990.07
59989.93
59989.79
59989.64
59989.5
59989.355
59989.203
59989.06
59988.92
59988.78
59988.637
59988.49
59988.35
59988.203
59988.05
59987.91
59987.77
59987.62
59987.48
59987.34
59987.195
59987.047
59986.9
59986.754
59986.605
59986.46
59986.316
59986.17
59986.03
59985.887
59985.74
59985.59
59985.45
59985.3
59985.156
59985.01
59984.86
59984.715
59984.57
59984.42
59984.273
59984.13
59983.98
59983.83
59983.69
59983.54
59983.39
59983.246
59983.094
59982.95
59982.8
59982.656
59982.51
59982.36
59982.21
59982.06
59981.914
59981.766
59981.613
59981.465
59981.32
59981.17
59981.02
59980.87
59980.727
59980.574
59980.43
59980.27
59980.12
59979.97
59979.82
59979.67
59979.51
59979.36
59979.21
59979.06
59978.9
59978.746
59978.594
59978.44
59978.29
59978.13
59977.984
59977.82
59977.676
59977.52
59977.363
59977.21
59977.05
59976.89
59976.74
59976.58
59976.43
59976.27
59976.11
59975.96
59975.8
59975.64
59975.484
59975.33
59975.176
59975.016
59974.86
59974.7
59974.54
59974.387
59974.22
59974.07
59973.91
59973.75
59973.59
59973.434
59973.27
59973.12
59972.953
59972.8
59972.645
59972.48
59972.32
59972.164
59972.01
59971.844
59971.684
59971.523
59971.37
59971.21
59971.047
59970.887
59970.73
59970.57
59970.406
59970.25
59970.09
59969.93
59969.77
59969.613
59969.445
59969.29
59969.13
59968.97
59968.81
59968.645
59968.484
59968.324
59968.164
59968.004
59967.84
59967.68
59967.52
59967.36
59967.2
59967.04
59966.875
59966.715
59966.555
59966.39
59966.23
59966.07
59965.91
59965.74
59965.58
59965.42
59965.254
59965.09
59964.934
59964.766
59964.605
59964.445
59964.28
59964.113
59963.95
59963.79
59963.63
59963.465
59963.3
59963.137
59962.977
59962.81
59962.64
59962.48
59962.316
59962.15
59961.984
59961.82
59961.66
59961.49
59961.324
59961.164
59961.0
59960.83
59960.664
59960.504
59960.34
59960.17
59960.01
59959.83
59959.676
59959.51
59959.34
59959.176
59959.004
59958.84
59958.676
59958.51
59958.34
59958.176
59958.01
59957.84
59957.67
59957.5
59957.34
59957.176
59957.004
59956.836
59956.67
59956.504
59956.34
59956.164
59956.0
59955.83
59955.67
59955.5
59955.33
59955.16
59954.99
59954.824
59954.656
59954.484
59954.316
59954.156
59953.984
59953.82
59953.645
59953.48
59953.31
59953.14
59952.977
59952.8
59952.63
59952.465
59952.29
59952.12
59951.95
59951.785
59951.613
59951.44
59951.273
59951.105
59950.934
59950.76
59950.594
59950.426
59950.254
59950.086
59949.914
59949.74
59949.57
59949.4
59949.23
59949.06
59948.887
59948.72
59948.55
59948.375
59948.2
59948.03
59947.86
59947.695
59947.516
59947.34
59947.176
59947.0
59946.824
59946.65
59946.47
59946.3
59946.12
59945.95
59945.773
59945.6
59945.42
59945.246
59945.07
59944.9
59944.73
59944.55
59944.375
59944.2
59944.02
59943.85
59943.67
59943.5
59943.32
59943.14
59942.965
59942.797
59942.613
59942.44
59942.266
59942.086
59941.91
59941.74
59941.56
59941.38
59941.203
59941.03
59940.85
59940.67
59940.496
59940.32
59940.14
59939.96
59939.78
59939.61
59939.43
59939.25
59939.07
59938.89
59938.71
59938.53
59938.35
59938.176
59938.0
59937.816
59937.64
59937.46
59937.28
59937.1
59936.92
59936.74
59936.56
59936.38
59936.2
59936.016
59935.84
59935.65
59935.47
59935.28
59935.1
59934.926
59934.74
59934.555
59934.38
59934.195
59934.01
59933.83
59933.65
59933.47
59933.29
59933.1
59932.92
59932.74
59932.55
59932.37
59932.18
59932.0
59931.82
59931.63
59931.45
59931.266
59931.08
59930.9
59930.71
59930.535
59930.35
59930.16
59929.98
59929.797
59929.61
59929.42
59929.24
59929.06
59928.87
59928.684
59928.5
59928.32
59928.13
59927.95
59927.76
59927.58
59927.4
59927.21
59927.02
59926.84
59926.65
59926.47
59926.28
59926.1
59925.91
59925.72
59925.53
59925.35
59925.17
59924.98
59924.797
59924.6
59924.42
59924.23
59924.04
59923.86
59923.67
59923.49
59923.3
59923.11
59922.92
59922.74
59922.55
59922.37
59922.176
59921.99
59921.8
59921.61
59921.426
59921.24
59921.05
59920.86
59920.67
59920.48
59920.297
59920.11
59919.92
59919.73
59919.54
59919.35
59919.17
59918.98
59918.79
59918.6
59918.41
59918.22
59918.03
59917.84
59917.65
59917.46
59917.27
59917.08
59916.89
59916.7
59916.51
59916.32
59916.137
59915.945
59915.75
59915.56
59915.37
59915.18
59914.984
59914.8
59914.605
59914.41
59914.227
59914.03
59913.84
59913.65
59913.453
59913.27
59913.074
59912.88
59912.69
59912.496
59912.3
59912.105
59911.91
59911.72
59911.52
59911.33
59911.13
59910.94
59910.74
59910.547
59910.35
59910.16
59909.96
59909.77
59909.57
59909.37
59909.176
59908.98
59908.79
59908.59
59908.39
59908.2
59908.0
59907.805
59907.61
59907.41
59907.22
59907.02
59906.83
59906.63
59906.43
59906.234
59906.04
59905.84
59905.65
59905.44
59905.25
59905.05
59904.86
59904.66
59904.46
59904.266
59904.066
59903.863
59903.67
59903.47
59903.27
59903.07
59902.875
59902.67
59902.47
59902.27
59902.07
59901.88
59901.67
59901.47
59901.27
59901.07
59900.87
59900.67
59900.465
59900.266
59900.07
59899.863
59899.67
59899.46
59899.266
59899.06
59898.86
59898.656
59898.453
59898.25
59898.05
59897.844
59897.64
59897.434
59897.234
59897.02
59896.81
59896.605
59896.4
59896.184
59895.977
59895.77
59895.555
59895.35
59895.14
59894.93
59894.72
59894.51
59894.3
59894.09
59893.88
59893.664
59893.46
59893.246
59893.03
59892.82
59892.61
59892.4
59892.184
59891.977
59891.766
59891.55
59891.344
59891.13
59890.914
59890.7
59890.49
59890.28
59890.07
59889.86
59889.64
59889.43
59889.215
59889.0
59888.785
59888.574
59888.36
59888.145
59887.93
59887.72
59887.5
59887.29
59887.08
59886.86
59886.645
59886.434
59886.215
59886.0
59885.79
59885.57
59885.35
59885.14
59884.92
59884.71
59884.49
59884.27
59884.055
59883.84
59883.625
59883.41
59883.2
59882.98
59882.76
59882.547
59882.33
59882.113
59881.89
59881.67
59881.453
59881.24
59881.02
59880.8
59880.58
59880.363
59880.145
59879.926
59879.7
59879.49
59879.27
59879.05
59878.83
59878.61
59878.39
59878.17
59877.95
59877.74
59877.51
59877.297
59877.074
59876.855
59876.63
59876.414
59876.19
59875.97
59875.75
59875.523
59875.305
59875.08
59874.86
59874.637
59874.414
59874.195
59873.97
59873.74
59873.52
59873.297
59873.07
59872.844
59872.62
59872.395
59872.17
59871.94
59871.72
59871.5
59871.27
59871.05
59870.824
59870.6
59870.375
59870.14
59869.926
59869.695
59869.465
59869.246
59869.02
59868.79
59868.566
59868.34
59868.113
59867.89
59867.66
59867.434
59867.21
59866.98
59866.76
59866.523
59866.3
59866.07
59865.844
59865.62
59865.387
59865.16
59864.93
59864.71
59864.48
59864.246
59864.02
59863.79
59863.56
59863.34
59863.11
59862.88
59862.65
59862.41
59862.19
59861.97
59861.734
59861.504
59861.28
59861.05
59860.81
59860.58
59860.35
59860.11
59859.87
59859.64
59859.4
59859.17
59858.93
59858.69
59858.46
59858.22
59857.98
59857.75
59857.51
59857.27
59857.03
59856.8
59856.56
59856.32
59856.08
59855.84
59855.605
59855.363
59855.13
59854.89
59854.65
59854.41
59854.17
59853.93
59853.69
59853.45
59853.21
59852.97
59852.727
59852.484
59852.246
59852.01
59851.76
59851.52
59851.28
59851.04
59850.8
59850.56
59850.31
59850.07
59849.83
59849.59
59849.344
59849.1
59848.86
59848.62
59848.375
59848.13
59847.89
59847.645
59847.4
59847.16
59846.914
59846.64
59846.37
59846.1
59845.82
59845.55
59845.27
59845.0
59844.72
59844.46
59844.18
59843.91
59843.63
59843.35
59843.074
59842.8
59842.53
59842.254
59841.98
59841.7
59841.42
59841.15
59840.87
59840.59
59840.31
59840.03
59839.75
59839.47
59839.19
59838.91
59838.625
59838.35
59838.07
59837.79
59837.504
59837.22
59836.94
59836.66
59836.387
59836.1
59835.82
59835.54
59835.254
59834.97
59834.69
59834.406
59834.125
59833.84
59833.56
59833.27
59832.99
59832.7
59832.414
59832.13
59831.844
59831.56
59831.27
59830.99
59830.7
59830.42
59830.137
59829.844
59829.56
59829.273
59828.99
59828.703
59828.42
59828.125
59827.84
59827.555
59827.27
59826.98
59826.695
59826.41
59826.12
59825.84
59825.55
59825.254
59824.97
59824.68
59824.39
59824.11
59823.816
59823.523
59823.24
59822.95
59822.664
59822.37
59822.08
59821.797
59821.5
59821.21
59820.92
59820.637
59820.34
59820.055
59819.76
59819.477
59819.184
59818.895
59818.61
59818.316
59818.02
59817.734
59817.44
59817.156
59816.863
59816.566
59816.28
59815.984
59815.7
59815.406
59815.105
59814.816
59814.52
59814.227
59813.934
59813.64
59813.344
59813.055
59812.76
59812.465
59812.17
59811.87
59811.58
59811.28
59810.984
59810.69
59810.4
59810.1
59809.8
59809.504
59809.21
59808.91
59808.61
59808.32
59808.02
59807.727
59807.43
59807.13
59806.836
59806.54
59806.234
59805.94
59805.64
59805.34
59805.047
59804.75
59804.45
59804.15
59803.85
59803.56
59803.26
59802.953
59802.66
59802.36
59802.06
59801.766
59801.47
59801.164
59800.86
59800.56
59800.27
59799.965
59799.664
59799.363
59799.07
59798.77
59798.46
59798.17
59797.86
59797.566
59797.26
59796.96
59796.66
59796.36
59796.06
59795.76
59795.453
59795.16
59794.85
59794.55
59794.25
59793.945
59793.64
59793.34
59793.03
59792.73
59792.42
59792.12
59791.82
59791.52
59791.21
59790.91
59790.61
59790.3
59790.0
59789.7
59789.39
59789.09
59788.78
59788.477
59788.17
59787.863
59787.56
59787.25
59786.94
59786.63
59786.33
59786.02
59785.7
59785.395
59785.09
59784.78
59784.47
59784.16
59783.86
59783.55
59783.23
59782.926
59782.613
59782.3
59781.99
59781.69
59781.38
59781.07
59780.754
59780.45
59780.13
59779.83
59779.52
59779.2
59778.89
59778.58
59778.27
59777.96
59777.65
59777.34
59777.03
59776.72
59776.41
59776.094
59775.78
59775.47
59775.156
59774.84
59774.53
59774.22
59773.9
59773.59
59773.28
59772.965
59772.645
59772.336
59772.02
59771.7
59771.39
59771.08
59770.76
59770.45
59770.137
59769.816
59769.5
59769.19
59768.87
59768.555
59768.24
59767.93
59767.61
59767.29
59766.98
59766.66
59766.34
59766.03
59765.715
59765.39
59765.08
59764.76
59764.445
59764.13
59763.81
59763.49
59763.17
59762.85
59762.53
59762.215
59761.9
59761.58
59761.254
59760.94
59760.62
59760.297
59759.98
59759.656
59759.336
59759.01
59758.695
59758.37
59758.05
59757.734
59757.406
59757.09
59756.76
59756.44
59756.12
59755.8
59755.48
59755.15
59754.83
59754.51
59754.184
59753.86
59753.54
59753.215
59752.895
59752.57
59752.254
59751.926
59751.6
59751.28
59750.96
59750.637
59750.31
59749.99
59749.66
59749.344
59749.016
59748.695
59748.37
59748.047
59747.72
59747.4
59747.07
59746.746
59746.42
59746.094
59745.773
59745.445
59745.113
59744.79
59744.465
59744.137
59743.81
59743.484
59743.16
59742.836
59742.504
59742.18
59741.85
59741.52
59741.19
59740.86
59740.53
59740.203
59739.875
59739.54
59739.215
59738.88
59738.55
59738.22
59737.887
59737.56
59737.23
59736.9
59736.57
59736.24
59735.91
59735.58
59735.24
59734.91
59734.58
59734.25
59733.92
59733.59
59733.254
59732.92
59732.59
59732.26
59731.92
59731.594
59731.26
59730.93
59730.6
59730.26
59729.93
59729.6
59729.26
59728.93
59728.6
59728.26
59727.926
59727.59
59727.26
59726.926
59726.59
59726.26
59725.93
59725.59
59725.254
59724.92
59724.586
59724.25
59723.92
59723.58
59723.246
59722.91
59722.58
59722.24
59721.906
59721.566
59721.227
59720.9
59720.56
59720.22
59719.89
59719.55
59719.21
59718.87
59718.535
59718.2
59717.86
59717.53
59717.19
59716.85
59716.51
59716.18
59715.84
59715.5
59715.16
59714.824
59714.49
59714.15
59713.81
59713.477
59713.13
59712.79
59712.45
59712.12
59711.78
59711.44
59711.1
59710.76
59710.42
59710.08
59709.74
59709.4
59709.06
59708.72
59708.38
59708.04
59707.7
59707.36
59707.02
59706.676
59706.34
59705.996
59705.66
59705.32
59704.97
59704.637
59704.29
59703.95
59703.605
59703.27
59702.926
59702.586
59702.246
59701.895
59701.55
59701.21
59700.87
59700.52
59700.18
59699.83
59699.49
59699.15
59698.805
59698.46
59698.113
59697.77
59697.43
59697.08
59696.74
59696.39
59696.047
59695.7
59695.36
59695.01
59694.656
59694.31
59693.96
59693.613
59693.27
59692.92
59692.57
59692.22
59691.87
59691.52
59691.176
59690.83
59690.48
59690.125
59689.78
59689.426
59689.08
59688.73
59688.38
59688.023
59687.68
59687.324
59686.977
59686.63
59686.273
59685.92
59685.574
59685.227
59684.875
59684.52
59684.17
59683.816
59683.47
59683.113
59682.76
59682.41
59682.06
59681.71
59681.35
59681.0
59680.65
59680.297
59679.94
59679.59
59679.23
59678.88
59678.52
59678.16
59677.8
59677.44
59677.08
59676.727
59676.363
59676.004
59675.65
59675.28
59674.93
59674.566
59674.21
59673.85
59673.484
59673.13
59672.766
59672.406
59672.05
59671.69
59671.324
59670.953
59670.59
59670.22
59669.85
59669.49
59669.12
59668.754
59668.387
59668.023
59667.656
59667.285
59666.92
59666.55
59666.19
59665.81
59665.45
59665.08
59664.71
59664.344
59663.977
59663.6
59663.234
59662.86
59662.49
59662.125
59661.76
59661.387
59661.016
59660.65
59660.28
59659.91
59659.53
59659.164
59658.79
59658.42
59658.05
59657.68
59657.31
59656.934
59656.57
59656.2
59655.82
59655.45
59655.08
59654.7
59654.33
59653.953
59653.586
59653.21
59652.84
59652.47
59652.09
59651.715
59651.35
59650.97
59650.59
59650.22
59649.844
59649.47
59649.09
59648.72
59648.35
59647.97
59647.59
59647.21
59646.84
59646.46
59646.08
59645.7
59645.32
59644.94
59644.566
59644.184
59643.81
59643.43
59643.04
59642.67
59642.29
59641.906
59641.52
59641.14
59640.76
59640.38
59639.99
59639.61
59639.23
59638.85
59638.46
59638.08
59637.7
59637.31
59636.93
59636.547
59636.16
59635.773
59635.39
59635.01
59634.62
59634.24
59633.85
59633.47
59633.08
59632.695
59632.31
59631.92
59631.54
59631.156
59630.77
59630.387
59629.996
59629.61
59629.22
59628.84
59628.45
59628.06
59627.67
59627.285
59626.9
59626.51
59626.113
59625.73
59625.34
59624.95
59624.566
59624.176
59623.785
59623.39
59623.0
59622.613
59622.23
59621.83
59621.445
59621.05
59620.66
59620.266
59619.875
59619.49
59619.09
59618.703
59618.31
59617.92
59617.53
59617.14
59616.75
59616.355
59615.953
59615.57
59615.17
59614.78
59614.39
59613.996
59613.6
59613.203
59612.81
59612.42
59612.02
59611.625
59611.23
59610.83
59610.434
59610.04
59609.64
59609.25
59608.855
59608.45
59608.066
59607.66
59607.266
59606.87
59606.47
59606.07
59605.68
59605.28
59604.88
59604.484
59604.08
59603.68
59603.28
59602.88
59602.48
59602.074
59601.68
59601.28
59600.88
59600.47
59600.074
59599.68
59599.27
59598.87
59598.46
59598.06
59597.656
59597.254
59596.85
59596.45
59596.04
59595.63
59595.23
59594.824
59594.42
59594.02
59593.61
59593.203
59592.8
59592.395
59591.99
59591.58
59591.18
59590.77
59590.36
59589.96
59589.55
59589.15
59588.74
59588.33
59587.93
59587.52
59587.11
59586.7
59586.29
59585.89
59585.48
59585.07
59584.66
59584.25
59583.844
59583.44
59583.03
59582.61
59582.203
59581.8
59581.387
59580.98
59580.574
59580.16
59579.746
59579.336
59578.93
59578.52
59578.105
59577.7
59577.285
59576.87
59576.46
59576.05
59575.63
59575.23
59574.81
59574.395
59573.984
59573.57
59573.16
59572.75
59572.34
59571.92
59571.5
59571.1
59570.68
59570.266
59569.85
59569.44
59569.023
59568.61
59568.2
59567.785
59567.37
59566.95
59566.54
59566.12
59565.703
59565.29
59564.88
59564.453
59564.047
59563.62
59563.21
59562.79
59562.38
59561.96
59561.54
59561.12
59560.703
59560.29
59559.863
59559.45
59559.04
59558.613
59558.2
59557.78
59557.363
59556.94
59556.523
59556.105
59555.69
59555.266
59554.844
59554.43
59554.004
59553.586
59553.17
59552.75
59552.33
59551.906
59551.484
59551.066
59550.64
59550.22
59549.79
59549.37
59548.94
59548.52
59548.094
59547.67
59547.25
59546.82
59546.395
59545.977
59545.55
59545.125
59544.695
59544.273
59543.844
59543.414
59542.996
59542.566
59542.14
59541.715
59541.29
59540.86
59540.434
59540.004
59539.58
59539.15
59538.73
59538.3
59537.87
59537.44
59537.02
59536.59
59536.16
59535.73
59535.31
59534.88
59534.45
59534.02
59533.59
59533.14
59532.656
59532.18
59531.69
59531.21
59530.734
59530.254
59529.773
59529.3
59528.82
59528.336
59527.85
59527.37
59526.887
59526.4
59525.926
59525.44
59524.96
59524.484
59524.0
59523.51
59523.03
59522.547
59522.06
59521.58
59521.09
59520.61
59520.12
59519.64
59519.15
59518.664
59518.18
59517.69
59517.21
59516.72
59516.23
59515.75
59515.25
59514.77
59514.285
59513.8
59513.31
59512.816
59512.324
59511.84
59511.35
59510.86
59510.37
59509.88
59509.39
59508.9
59508.41
59507.926
59507.43
59506.94
59506.45
59505.96
59505.46
59504.977
59504.47
59503.97
59503.48
59502.97
59502.477
59501.98
59501.48
59500.98
59500.48
59499.977
59499.48
59498.98
59498.48
59497.97
59497.477
59496.97
59496.465
59495.965
59495.46
59494.953
59494.45
59493.945
59493.44
59492.94
59492.434
59491.93
59491.43
59490.92
59490.414
59489.91
59489.41
59488.9
59488.395
59487.89
59487.387
59486.88
59486.37
59485.863
59485.36
59484.85
59484.35
59483.84
59483.33
59482.816
59482.3
59481.79
59481.27
59480.76
59480.234
59479.72
59479.2
59478.684
59478.17
59477.645
59477.125
59476.61
59476.09
59475.574
59475.05
59474.54
59474.016
59473.496
59472.977
59472.46
59471.94
59471.42
59470.9
59470.37
59469.85
59469.324
59468.81
59468.28
59467.76
59467.24
59466.715
59466.19
59465.67
59465.145
59464.63
59464.1
59463.58
59463.05
59462.535
59462.004
59461.48
59460.953
59460.43
59459.9
59459.38
59458.85
59458.33
59457.8
59457.28
59456.75
59456.22
59455.695
59455.17
59454.64
59454.11
59453.59
59453.06
59452.54
59452.01
59451.48
59450.953
59450.426
59449.9
59449.363
59448.836
59448.31
59447.78
59447.26
59446.727
59446.19
59445.67
59445.14
59444.61
59444.08
59443.55
59443.016
59442.477
59441.945
59441.41
59440.88
59440.35
59439.816
59439.28
59438.75
59438.21
59437.676
59437.15
59436.61
59436.07
59435.54
59435.004
59434.47
59433.94
59433.4
59432.86
59432.32
59431.79
59431.25
59430.715
59430.18
59429.64
59429.105
59428.566
59428.03
59427.49
59426.953
59426.41
59425.875
59425.34
59424.8
59424.26
59423.727
59423.184
59422.645
59422.1
59421.566
59421.023
59420.49
59419.95
59419.406
59418.87
59418.324
59417.785
59417.246
59416.7
59416.164
59415.62
59415.08
59414.54
59413.996
59413.453
59412.91
59412.37
59411.83
59411.29
59410.746
59410.2
59409.66
59409.12
59408.574
59408.04
59407.496
59406.95
59406.4
59405.86
59405.31
59404.773
59404.227
59403.684
59403.137
59402.594
59402.05
59401.504
59400.953
59400.41
59399.863
59399.32
59398.77
59398.227
59397.676
59397.13
59396.58
59396.04
59395.49
59394.945
59394.395
59393.84
59393.3
59392.75
59392.2
59391.65
59391.1
59390.555
59390.004
59389.46
59388.91
59388.35
59387.8
59387.25
59386.695
59386.14
59385.59
59385.03
59384.484
59383.93
59383.38
59382.82
59382.266
59381.7
59381.156
59380.6
59380.04
59379.484
59378.93
59378.37
59377.82
59377.26
59376.7
59376.145
59375.59
59375.03
59374.48
59373.91
59373.36
59372.8
59372.246
59371.684
59371.12
59370.56
59370.0
59369.44
59368.875
59368.32
59367.76
59367.2
59366.637
59366.07
59365.51
59364.95
59364.39
59363.824
59363.266
59362.7
59362.14
59361.574
59361.01
59360.45
59359.88
59359.32
59358.76
59358.19
59357.637
59357.07
59356.504
59355.94
59355.375
59354.805
59354.246
59353.68
59353.113
59352.55
59351.984
59351.414
59350.85
59350.28
59349.71
59349.145
59348.58
59348.01
59347.44
59346.87
59346.305
59345.74
59345.17
59344.6
59344.03
59343.46
59342.89
59342.32
59341.754
59341.184
59340.613
59340.04
59339.47
59338.906
59338.336
59337.76
59337.19
59336.62
59336.04
59335.47
59334.9
59334.33
59333.754
59333.18
59332.6
59332.035
59331.46
59330.887
59330.305
59329.73
59329.156
59328.58
59328.004
59327.43
59326.85
59326.273
59325.7
59325.11
59324.54
59323.97
59323.39
59322.805
59322.23
59321.65
59321.08
59320.49
59319.914
59319.34
59318.75
59318.17
59317.59
59317.01
59316.43
59315.85
59315.26
59314.68
59314.09
59313.52
59312.93
59312.35
59311.76
59311.18
59310.59
59310.01
59309.43
59308.84
59308.25
59307.67
59307.08
59306.49
59305.906
59305.316
59304.73
59304.14
59303.55
59302.96
59302.37
59301.78
59301.195
59300.6
59300.016
59299.426
59298.84
59298.25
59297.656
59297.06
59296.47
59295.88
59295.285
59294.695
59294.1
59293.516
59292.92
59292.33
59291.734
59291.15
59290.55
59289.965
59289.363
59288.77
59288.18
59287.586
59286.99
59286.395
59285.805
59285.21
59284.62
59284.016
59283.426
59282.83
59282.24
59281.637
59281.047
59280.445
59279.85
59279.25
59278.66
59278.055
59277.46
59276.86
59276.26
59275.66
59275.06
59274.46
59273.863
59273.26
59272.67
59272.06
59271.46
59270.86
59270.26
59269.66
59269.06
59268.46
59267.855
59267.26
59266.65
59266.05
59265.44
59264.83
59264.23
59263.62
59263.01
59262.406
59261.8
59261.184
59260.58
59259.97
59259.36
59258.75
59258.14
59257.53
59256.92
59256.31
59255.7
59255.09
59254.477
59253.87
59253.26
59252.65
59252.03
59251.42
59250.81
59250.19
59249.58
59248.96
59248.35
59247.73
59247.12
59246.5
59245.89
59245.27
59244.66
59244.047
59243.43
59242.81
59242.195
59241.58
59240.96
59240.34
59239.727
59239.11
59238.49
59237.87
59237.254
59236.63
59236.01
59235.4
59234.77
59234.156
59233.535
59232.91
59232.3
59231.67
59231.05
59230.43
59229.81
59229.184
59228.57
59227.945
59227.32
59226.695
59226.074
59225.453
59224.83
59224.21
59223.586
59222.96
59222.336
59221.703
59221.086
59220.453
59219.83
59219.2
59218.58
59217.95
59217.324
59216.695
59216.066
59215.434
59214.81
59214.184
59213.555
59212.93
59212.3
59211.664
59211.035
59210.41
59209.78
59209.15
59208.52
59207.89
59207.26
59206.63
59205.996
59205.37
59204.74
59204.1
59203.47
59202.84
59202.21
59201.57
59200.94
59200.31
59199.676
59199.04
59198.406
59197.77
59197.13
59196.5
59195.86
59195.23
59194.594
59193.96
59193.32
59192.69
59192.05
59191.41
59190.78
59190.14
59189.5
59188.855
59188.22
59187.58
59186.94
59186.297
59185.66
59185.02
59184.38
59183.74
59183.09
59182.45
59181.81
59181.17
59180.52
59179.88
59179.234
59178.594
59177.95
59177.31
59176.656
59176.01
59175.36
59174.72
59174.07
59173.42
59172.77
59172.12
59171.477
59170.83
59170.18
59169.53
59168.87
59168.22
59167.574
59166.92
59166.266
59165.613
59164.96
59164.305
59163.65
59162.996
59162.344
59161.69
59161.035
59160.38
59159.73
59159.074
59158.42
59157.76
59157.11
59156.453
59155.8
59155.14
59154.48
59153.83
59153.176
59152.516
59151.86
59151.2
59150.54
59149.887
59149.227
59148.57
59147.91
59147.254
59146.594
59145.94
59145.28
59144.62
59143.96
59143.3
59142.64
59141.984
59141.32
59140.66
59140.0
59139.34
59138.68
59138.02
59137.355
59136.69
59136.03
59135.37
59134.71
59134.047
59133.38
59132.72
59132.05
59131.38
59130.72
59130.05
59129.39
59128.71
59128.05
59127.38
59126.715
59126.05
59125.38
59124.71
59124.047
59123.375
59122.7
59122.035
59121.37
59120.7
59120.03
59119.355
59118.69
59118.02
59117.35
59116.68
59116.01
59115.34
59114.664
59114.0
59113.32
59112.64
59111.97
59111.3
59110.625
59109.95
59109.273
59108.605
59107.92
59107.25
59106.57
59105.9
59105.23
59104.55
59103.87
59103.195
59102.52
59101.836
59101.16
59100.49
59099.81
59099.13
59098.46
59097.773
59097.1
59096.414
59095.74
59095.06
59094.38
59093.7
59093.02
59092.34
59091.656
59090.98
59090.3
59089.61
59088.93
59088.25
59087.57
59086.89
59086.203
59085.523
59084.84
59084.156
59083.477
59082.79
59082.105
59081.42
59080.74
59080.05
59079.363
59078.69
59078.004
59077.32
59076.63
59075.95
59075.26
59074.57
59073.89
59073.2
59072.51
59071.824
59071.137
59070.45
59069.76
59069.074
59068.38
59067.695
59067.0
59066.32
59065.62
59064.93
59064.24
59063.55
59062.86
59062.164
59061.48
59060.78
59060.08
59059.39
59058.695
59058.0
59057.31
59056.61
59055.92
59055.23
59054.523
59053.83
59053.137
59052.434
59051.74
59051.047
59050.34
59049.637
59048.934
59048.234
59047.535
59046.83
59046.13
59045.42
59044.72
59044.02
59043.316
59042.61
59041.9
59041.2
59040.49
59039.79
59039.086
59038.38
59037.676
59036.965
59036.266
59035.56
59034.85
59034.15
59033.434
59032.73
59032.023
59031.316
59030.605
59029.895
59029.184
59028.48
59027.77
59027.06
59026.344
59025.637
59024.926
59024.215
59023.5
59022.79
59022.086
59021.37
59020.66
59019.945
59019.23
59018.52
59017.805
59017.09
59016.38
59015.664
59014.945
59014.227
59013.51
59012.79
59012.074
59011.355
59010.637
59009.914
59009.2
59008.477
59007.76
59007.03
59006.31
59005.59
59004.87
59004.145
59003.42
59002.7
59001.98
59001.25
59000.53
58999.8
58999.08
58998.355
58997.63
58996.906
58996.18
58995.453
58994.727
58993.99
58993.27
58992.53
58991.8
58991.07
58990.336
58989.61
58988.87
58988.14
58987.406
58986.67
58985.94
58985.2
58984.47
58983.734
58983.0
58982.266
58981.53
58980.79
58980.06
58979.33
58978.59
58977.855
58977.12
58976.38
58975.64
58974.906
58974.16
58973.43
58972.69
58971.95
58971.21
58970.47
58969.734
58968.99
58968.25
58967.51
58966.77
58966.03
58965.285
58964.547
58963.8
58963.055
58962.31
58961.566
58960.82
58960.074
58959.324
58958.586
58957.84
58957.09
58956.35
58955.594
58954.85
58954.1
58953.355
58952.61
58951.86
58951.105
58950.355
58949.6
58948.85
58948.094
58947.34
58946.59
58945.836
58945.08
58944.33
58943.57
58942.81
58942.06
58941.3
58940.547
58939.79
58939.035
58938.273
58937.52
58936.76
58936.004
58935.24
58934.484
58933.73
58932.97
58932.21
58931.45
58930.69
58929.93
58929.17
58928.406
58927.64
58926.87
58926.11
58925.35
58924.59
58923.83
58923.06
58922.297
58921.53
58920.77
58920.01
58919.24
58918.47
58917.715
58916.94
58916.176
58915.414
58914.65
58913.887
58913.11
58912.34
58911.574
58910.81
58910.04
58909.27
58908.5
58907.74
58906.97
58906.2
58905.426
58904.66
58903.89
58903.113
58902.344
58901.574
58900.8
58900.03
58899.266
58898.49
58897.72
58896.94
58896.164
58895.39
58894.613
58893.84
58893.066
58892.29
58891.51
58890.74
58889.953
58889.176
58888.4
58887.62
58886.83
58886.06
58885.28
58884.49
58883.71
58882.93
58882.16
58881.37
58880.59
58879.81
58879.03
58878.24
58877.465
58876.68
58875.9
58875.113
58874.33
58873.547
58872.77
58871.984
58871.2
58870.42
58869.63
58868.84
58868.06
58867.273
58866.49
58865.71
58864.92
58864.13
58863.34
58862.555
58861.77
58860.98
58860.2
58859.406
58858.62
58857.84
58857.04
58856.25
58855.46
58854.676
58853.88
58853.1
58852.3
58851.516
58850.71
58849.92
58849.13
58848.34
58847.547
58846.746
58845.95
58845.156
58844.36
58843.56
58842.766
58841.96
58841.164
58840.36
58839.566
58838.76
58837.96
58837.16
58836.36
58835.55
58834.74
58833.934
58833.13
58832.32
58831.51
58830.703
58829.895
58829.08
58828.273
58827.465
58826.65
58825.84
58825.03
58824.22
58823.406
58822.6
58821.79
58820.977
58820.16
58819.34
58818.53
58817.715
58816.9
58816.09
58815.273
58814.46
58813.64
58812.824
58812.01
58811.19
58810.38
58809.56
58808.746
58807.92
58807.11
58806.28
58805.47
58804.645
58803.83
58803.01
58802.184
58801.363
58800.54
58799.72
58798.9
58798.08
58797.254
58796.44
58795.61
58794.79
58793.96
58793.14
58792.32
58791.49
58790.67
58789.85
58789.02
58788.2
58787.37
58786.54
58785.715
58784.855
58784.0
58783.14
58782.28
58781.426
58780.57
58779.71
58778.844
58777.99
58777.13
58776.27
58775.41
58774.55
58773.695
58772.836
58771.97
58771.11
58770.25
58769.38
58768.52
58767.656
58766.79
58765.934
58765.07
58764.2
58763.344
58762.48
58761.613
58760.75
58759.88
58759.02
58758.15
58757.27
58756.39
58755.504
58754.62
58753.74
58752.85
58751.965
58751.08
58750.2
58749.31
58748.426
58747.54
58746.65
58745.77
58744.88
58744.0
58743.11
58742.23
58741.34
58740.45
58739.56
58738.68
58737.79
58736.9
58736.004
58735.12
58734.23
58733.33
58732.45
58731.555
58730.66
58729.77
58728.875
58727.98
58727.086
58726.19
58725.3
58724.4
58723.5
58722.61
58721.71
58720.82
58719.92
58719.023
58718.13
58717.23
58716.33
58715.43
58714.535
58713.637
58712.74
58711.84
58710.95
58710.047
58709.14
58708.246
58707.344
58706.434
58705.535
58704.63
58703.73
58702.83
58701.93
58701.03
58700.125
58699.22
58698.316
58697.41
58696.504
58695.6
58694.7
58693.79
58692.89
58691.984
58691.074
58690.17
58689.26
58688.36
58687.445
58686.54
58685.63
58684.727
58683.81
58682.91
58681.996
58681.09
58680.18
58679.266
58678.35
58677.45
58676.54
58675.63
58674.71
58673.8
58672.88
58671.97
58671.06
58670.14
58669.22
58668.31
58667.39
58666.477
58665.56
58664.64
58663.727
58662.8
58661.89
58660.97
58660.047
58659.12
58658.21
58657.285
58656.37
58655.45
58654.53
58653.61
58652.69
58651.77
58650.84
58649.92
58649.0
58648.074
58647.15
58646.234
58645.3
58644.38
58643.45
58642.523
58641.605
58640.676
58639.75
58638.82
58637.895
58636.97
58636.047
58635.113
58634.184
58633.26
58632.33
58631.4
58630.477
58629.55
58628.62
58627.69
58626.76
58625.824
58624.89
58623.97
58623.04
58622.1
58621.176
58620.24
58619.305
58618.37
58617.44
58616.5
58615.566
58614.63
58613.695
58612.754
58611.81
58610.87
58609.93
58608.977
58608.04
58607.09
58606.15
58605.2
58604.26
58603.31
58602.36
58601.42
58600.47
58599.53
58598.58
58597.63
58596.69
58595.74
58594.79
58593.84
58592.895
58591.945
58590.996
58590.047
58589.1
58588.15
58587.2
58586.24
58585.297
58584.34
58583.39
58582.44
58581.484
58580.523
58579.57
58578.62
58577.66
58576.7
58575.746
58574.79
58573.83
58572.87
58571.92
58570.953
58569.996
58569.035
58568.08
58567.113
58566.16
58565.2
58564.24
58563.28
58562.32
58561.36
58560.4
58559.43
58558.47
58557.5
58556.535
58555.57
58554.61
58553.64
58552.67
58551.71
58550.74
58549.773
58548.8
58547.84
58546.88
58545.906
58544.934
58543.97
58543.0
58542.035
58541.06
58540.09
58539.12
58538.15
58537.18
58536.215
58535.234
58534.27
58533.3
58532.33
58531.35
58530.37
58529.4
58528.43
58527.46
58526.484
58525.51
58524.54
58523.566
58522.59
58521.613
58520.64
58519.664
58518.69
58517.715
58516.73
58515.76
58514.78
58513.8
58512.824
58511.84
58510.86
58509.88
58508.906
58507.926
58506.94
58505.96
58504.977
58503.996
58503.01
58502.023
58501.04
58500.05
58499.06
58498.074
58497.086
58496.1
58495.11
58494.113
58493.13
58492.14
58491.15
58490.16
58489.17
58488.18
58487.184
58486.2
58485.21
58484.22
58483.23
58482.234
58481.24
58480.25
58479.26
58478.266
58477.27
58476.28
58475.28
58474.29
58473.29
58472.3
58471.3
58470.305
58469.31
58468.31
58467.32
58466.33
58465.33
58464.324
58463.324
58462.33
58461.33
58460.336
58459.336
58458.33
58457.33
58456.33
58455.33
58454.324
58453.32
58452.324
58451.316
58450.316
58449.31
58448.305
58447.305
58446.297
58445.285
58444.285
58443.27
58442.27
58441.26
58440.246
58439.246
58438.23
58437.227
58436.21
58435.2
58434.19
58433.18
58432.164
58431.16
58430.15
58429.14
58428.125
58427.113
58426.105
58425.09
58424.08
58423.06
58422.05
58421.035
58420.02
58419.0
58417.984
58416.97
58415.95
58414.93
58413.91
58412.89
58411.88
58410.86
58409.84
58408.83
58407.805
58406.785
58405.77
58404.746
58403.727
58402.703
58401.68
58400.66
58399.64
58398.62
58397.6
58396.574
58395.55
58394.52
58393.5
58392.477
58391.453
58390.426
58389.4
58388.363
58387.34
58386.305
58385.27
58384.234
58383.2
58382.17
58381.13
58380.094
58379.06
58378.023
58376.984
58375.95
58374.91
58373.87
58372.83
58371.8
58370.76
58369.72
58368.68
58367.645
58366.6
58365.57
58364.516
58363.48
58362.44
58361.4
58360.35
58359.3
58358.26
58357.21
58356.164
58355.12
58354.074
58353.02
58351.98
58350.93
58349.88
58348.83
58347.785
58346.734
58345.69
58344.64
58343.586
58342.54
58341.49
58340.434
58339.387
58338.336
58337.28
58336.23
58335.18
58334.12
58333.06
58332.0
58330.945
58329.89
58328.83
58327.773
58326.71
58325.656
58324.594
58323.53
58322.477
58321.414
58320.355
58319.29
58318.23
58317.17
58316.11
58315.047
58313.984
58312.92
58311.86
58310.79
58309.727
58308.664
58307.594
58306.535
58305.465
58304.4
58303.34
58302.27
58301.2
58300.13
58299.07
58297.996
58296.93
58295.86
58294.797
58293.72
58292.65
58291.58
58290.516
58289.445
58288.37
58287.3
58286.23
58285.16
58284.09
58283.016
58281.94
58280.87
58279.8
58278.72
58277.645
58276.57
58275.49
58274.42
58273.34
58272.26
58271.184
58270.105
58269.03
58267.953
58266.87
58265.79
58264.71
58263.64
58262.555
58261.477
58260.395
58259.316
58258.234
58257.156
58256.07
58254.99
58253.91
58252.82
58251.74
58250.66
58249.57
58248.49
58247.4
58246.33
58245.24
58244.15
58243.06
58241.977
58240.89
58239.81
58238.72
58237.63
58236.54
58235.46
58234.36
58233.28
58232.19
58231.1
58230.01
58228.91
58227.82
58226.73
58225.63
58224.547
58223.45
58222.36
58221.27
58220.17
58219.07
58217.98
58216.88
58215.78
58214.684
58213.59
58212.49
58211.39
58210.285
58209.184
58208.08
58206.984
58205.88
58204.78
58203.676
58202.574
58201.47
58200.363
58199.27
58198.16
58197.055
58195.953
58194.844
58193.746
58192.637
58191.53
58190.426
58189.31
58188.2
58187.09
58185.984
58184.87
58183.766
58182.65
58181.54
58180.434
58179.32
58178.21
58177.1
58175.984
58174.875
58173.76
58172.645
58171.53
58170.41
58169.3
58168.19
58167.07
58165.96
58164.83
58163.71
58162.58
58161.45
58160.324
58159.19
58158.06
58156.94
58155.81
58154.68
58153.55
58152.42
58151.29
58150.16
58149.023
58147.9
58146.754
58145.63
58144.49
58143.35
58142.22
58141.09
58139.95
58138.82
58137.68
58136.547
58135.4
58134.266
58133.13
58131.99
58130.844
58129.71
58128.57
58127.426
58126.29
58125.15
58124.0
58122.86
58121.715
58120.574
58119.43
58118.29
58117.14
58116.0
58114.85
58113.71
58112.56
58111.42
58110.27
58109.12
58107.97
58106.824
58105.676
58104.53
58103.375
58102.22
58101.07
58099.92
58098.77
58097.613
58096.465
58095.31
58094.15
58093.0
58091.85
58090.695
58089.54
58088.387
58087.23
58086.07
58084.914
58083.76
58082.6
58081.45
58080.29
58079.13
58077.965
58076.81
58075.65
58074.49
58073.33
58072.17
58071.004
58069.844
58068.68
58067.52
58066.36
58065.2
58064.03
58062.87
58061.71
58060.54
58059.375
58058.21
58057.05
58055.875
58054.71
58053.54
58052.38
58051.2
58050.03
58048.855
58047.68
58046.504
58045.33
58044.15
58042.98
58041.805
58040.625
58039.45
58038.27
58037.09
58035.91
58034.734
58033.55
58032.375
58031.2
58030.02
58028.83
58027.656
58026.465
58025.28
58024.1
58022.92
58021.73
58020.55
58019.363
58018.18
58017.0
58015.81
58014.62
58013.434
58012.246
58011.066
58009.87
58008.69
58007.5
58006.316
58005.12
58003.93
58002.73
58001.53
58000.336
57999.14
57997.94
57996.74
57995.54
57994.336
57993.137
57991.934
57990.73
57989.52
57988.324
57987.113
57985.91
57984.703
57983.5
57982.297
57981.09
57979.89
57978.68
57977.465
57976.26
57975.055
57973.844
57972.64
57971.43
57970.22
57969.01
57967.8
57966.59
57965.37
57964.16
57962.94
57961.73
57960.51
57959.3
57958.08
57956.86
57955.65
57954.42
57953.21
57951.99
57950.77
57949.55
57948.33
57947.113
57945.895
57944.67
57943.45
57942.22
57940.996
57939.77
57938.54
57937.31
57936.08
57934.85
57933.613
57932.387
57931.156
57929.92
57928.68
57927.45
57926.215
57924.98
57923.74
57922.504
57921.27
57920.04
57918.8
57917.56
57916.324
57915.086
57913.844
57912.6
57911.363
57910.125
57908.89
57907.645
57906.4
57905.16
57903.92
57902.67
57901.43
57900.18
57898.93
57897.69
57896.45
57895.2
57893.95
57892.7
57891.46
57890.2
57888.96
57887.71
57886.46
57885.21
57883.96
57882.703
57881.45
57880.195
57878.945
57877.69
57876.434
57875.18
57873.926
57872.664
57871.406
57870.15
57868.895
57867.637
57866.38
57865.113
57863.86
57862.594
57861.34
57860.08
57858.82
57857.555
57856.29
57855.03
57853.77
57852.51
57851.246
57849.98
57848.72
57847.453
57846.19
57844.92
57843.656
57842.39
57841.12
57839.855
57838.59
57837.32
57836.047
57834.78
57833.51
57832.23
57830.96
57829.69
57828.42
57827.14
57825.86
57824.59
57823.31
57822.04
57820.766
57819.48
57818.21
57816.93
57815.65
57814.37
57813.09
57811.81
57810.53
57809.25
57807.97
57806.684
57805.406
57804.12
57802.84
57801.555
57800.27
57798.99
57797.703
57796.42
57795.14
57793.855
57792.566
57791.28
57789.996
57788.703
57787.42
57786.13
57784.844
57783.555
57782.266
57780.977
57779.68
57778.395
57777.105
57775.8
57774.504
57773.21
57771.91
57770.605
57769.3
57768.0
57766.7
57765.395
57764.086
57762.78
57761.48
57760.176
57758.87
57757.56
57756.25
57754.95
57753.64
57752.33
57751.02
57749.72
57748.41
57747.105
57745.79
57744.48
57743.17
57741.863
57740.55
57739.23
57737.926
57736.61
57735.297
57733.98
57732.67
57731.36
57730.04
57728.73
57727.4
57726.094
57724.773
57723.46
57722.145
57720.82
57719.5
57718.176
57716.85
57715.52
57714.195
57712.86
57711.53
57710.203
57708.875
57707.547
57706.22
57704.887
57703.55
57702.22
57700.89
57699.56
57698.227
57696.89
57695.56
57694.23
57692.895
57691.56
57690.23
57688.89
57687.55
57686.21
57684.87
57683.53
57682.184
57680.85
57679.51
57678.17
57676.773
57675.38
57673.99
57672.6
57671.203
57669.816
57668.42
57667.03
57665.637
57664.24
57662.84
57661.45
57660.035
57658.64
57657.24
57655.84
57654.44
57653.035
57651.605
57650.17
57648.734
57647.31
57645.87
57644.44
57643.004
57641.566
57640.13
57638.695
57637.254
57635.82
57634.38
57632.94
57631.49
57630.05
57628.613
57627.17
57625.73
57624.29
57622.85
57621.4
57619.96
57618.516
57617.08
57615.63
57614.19
57612.74
57611.3
57609.85
57608.41
57606.965
57605.52
57604.07
57602.61
57601.17
57599.72
57598.266
57596.81
57595.36
57593.906
57592.445
57590.99
57589.53
57588.08
57586.62
57585.16
57583.7
57582.24
57580.78
57579.33
57577.863
57576.41
57574.94
57573.477
57572.01
57570.547
57569.08
57567.62
57566.15
57564.69
57563.22
57561.75
57560.28
57558.805
57557.33
57555.86
57554.387
57552.91
57551.43
57549.95
57548.47
57546.99
57545.5
57544.02
57542.547
57541.06
57539.566
57538.086
57536.605
57535.12
57533.625
57532.14
57530.65
57529.17
57527.68
57526.19
57524.7
57523.215
57521.727
57520.24
57518.75
57517.254
57515.76
57514.27
57512.78
57511.285
57509.79
57508.3
57506.81
57505.31
57503.82
57502.32
57500.83
57499.34
57497.84
57496.34
57494.85
57493.35
57491.85
57490.34
57488.84
57487.33
57485.81
57484.31
57482.8
57481.29
57479.773
57478.266
57476.75
57475.23
57473.72
57472.21
57470.69
57469.176
57467.66
57466.15
57464.62
57463.11
57461.594
57460.07
57458.55
57457.023
57455.5
57453.984
57452.46
57450.934
57449.41
57447.887
57446.355
57444.83
57443.305
57441.78
57440.25
57438.727
57437.2
57435.67
57434.14
57432.61
57431.08
57429.55
57428.016
57426.48
57424.95
57423.42
57421.88
57420.344
57418.81
57417.273
57415.73
57414.19
57412.66
57411.12
57409.58
57408.04
57406.504
57404.97
57403.426
57401.89
57400.34
57398.8
57397.26
57395.71
57394.164
57392.613
57391.07
57389.523
57387.98
57386.434
57384.887
57383.336
57381.785
57380.234
57378.684
57377.13
57375.59
57374.03
57372.48
57370.93
57369.37
57367.82
57366.266
57364.71
57363.15
57361.6
57360.03
57358.48
57356.92
57355.363
57353.8
57352.24
57350.67
57349.12
57347.56
57345.996
57344.43
57342.87
57341.305
57339.74
57338.18
57336.613
57335.03
57333.47
57331.906
57330.336
57328.76
57327.195
57325.63
57324.055
57322.48
57320.91
57319.34
57317.77
57316.195
57314.62
57313.047
57311.47
57309.895
57308.32
57306.74
57305.17
57303.58
57302.004
57300.42
57298.84
57297.26
57295.67
57294.1
57292.51
57290.93
57289.35
57287.766
57286.18
57284.59
57283.004
57281.426
57279.84
57278.25
57276.66
57275.074
57273.49
57271.895
57270.31
57268.715
57267.125
57265.535
57263.945
57262.355
57260.76
57259.17
57257.574
57255.977
57254.375
57252.78
57251.176
57249.574
57247.977
57246.375
57244.77
57243.16
57241.555
57239.945
57238.34
57236.73
57235.12
57233.516
57231.91
57230.29
57228.68
57227.07
57225.46
57223.85
57222.24
57220.62
57219.01
57217.395
57215.78
57214.164
57212.547
57210.93
57209.31
57207.684
57206.07
57204.445
57202.82
57201.203
57199.58
57197.96
57196.33
57194.71
57193.08
57191.46
57189.836
57188.21
57186.58
57184.95
57183.324
57181.69
57180.06
57178.43
57176.79
57175.16
57173.53
57171.89
57170.26
57168.63
57166.99
57165.35
57163.715
57162.08
57160.44
57158.8
57157.16
57155.52
57153.88
57152.24
57150.594
57148.95
57147.31
57145.67
57144.02
57142.375
57140.727
57139.074
57137.43
57135.785
57134.137
57132.48
57130.83
57129.18
57127.523
57125.87
57124.22
57122.555
57120.9
57119.25
57117.59
57115.93
57114.27
57112.61
57110.95
57109.29
57107.63
57105.97
57104.3
57102.64
57100.98
57099.32
57097.65
57095.984
57094.32
57092.66
57090.996
57089.324
57087.66
57085.996
57084.32
57082.66
57080.99
57079.31
57077.65
57075.98
57074.305
57072.637
57070.96
57069.297
57067.613
57065.94
57064.266
57062.59
57060.914
57059.234
57057.56
57055.88
57054.2
57052.52
57050.84
57049.16
57047.477
57045.785
57044.1
57042.42
57040.73
57039.05
57037.36
57035.68
57033.99
57032.305
57030.61
57028.926
57027.24
57025.55
57023.86
57022.164
57020.477
57018.773
57017.08
57015.38
57013.68
57011.977
57010.28
57008.58
57006.87
57005.17
57003.465
57001.76
57000.05
56998.35
56996.64
56994.93
56993.227
56991.52
56989.81
56988.11
56986.395
56984.684
56982.965
56981.246
56979.52
56977.8
56976.08
56974.36
56972.64
56970.92
56969.195
56967.47
56965.74
56964.02
56962.29
56960.57
56958.84
56957.12
56955.39
56953.66
56951.926
56950.2
56948.465
56946.73
56944.99
56943.254
56941.52
56939.773
56938.035
56936.297
56934.555
56932.81
56931.07
56929.324
56927.59
56925.84
56924.1
56922.35
56920.605
56918.86
56917.113
56915.37
56913.62
56911.87
56910.12
56908.36
56906.61
56904.85
56903.11
56901.35
56899.594
56897.84
56896.08
56894.324
56892.57
56890.816
56889.055
56887.29
56885.53
56883.76
56882.0
56880.23
56878.465
56876.7
56874.93
56873.16
56871.387
56869.62
56867.84
56866.07
56864.297
56862.52
56860.75
56858.97
56857.195
56855.414
56853.64
56851.87
56850.09
56848.31
56846.53
56844.75
56842.97
56841.184
56839.41
56837.625
56835.84
56834.06
56832.273
56830.49
56828.7
56826.91
56825.13
56823.34
56821.55
56819.76
56817.97
56816.18
56814.39
56812.6
56810.8
56809.01
56807.215
56805.41
56803.62
56801.82
56800.02
56798.227
56796.43
56794.63
56792.824
56791.03
56789.234
56787.426
56785.613
56783.81
56782.0
56780.195
56778.39
56776.574
56774.766
56772.96
56771.15
56769.32
56767.51
56765.695
56763.88
56762.06
56760.246
56758.43
56756.61
56754.8
56752.977
56751.15
56749.33
56747.516
56745.695
56743.875
56742.05
56740.227
56738.4
56736.58
56734.74
56732.914
56731.08
56729.25
56727.42
56725.586
56723.754
56721.92
56720.09
56718.25
56716.426
56714.586
56712.75
56710.914
56709.07
56707.234
56705.395
56703.55
56701.71
56699.875
56698.02
56696.18
56694.34
56692.496
56690.64
56688.8
56686.96
56685.105
56683.254
56681.41
56679.56
56677.72
56675.863
56674.016
56672.164
56670.31
56668.453
56666.6
56664.75
56662.89
56661.03
56659.176
56657.316
56655.46
56653.6
56651.734
56649.87
56648.0
56646.14
56644.273
56642.41
56640.54
56638.67
56636.805
56634.93
56633.07
56631.19
56629.324
56627.453
56625.58
56623.703
56621.836
56619.95
56618.08
56616.195
56614.33
56612.44
56610.56
56608.676
56606.797
56604.906
56603.02
56601.137
56599.25
56597.36
56595.47
56593.58
56591.684
56589.79
56587.895
56586.0
56584.11
56582.203
56580.31
56578.41
56576.52
56574.613
56572.72
56570.82
56568.92
56567.02
56565.11
56563.21
56561.305
56559.4
56557.5
56555.59
56553.68
56551.77
56549.86
56547.94
56546.03
56544.113
56542.19
56540.28
56538.363
56536.44
56534.523
56532.61
56530.69
56528.76
56526.836
56524.91
56522.99
56521.06
56519.137
56517.203
56515.285
56513.35
56511.414
56509.49
56507.56
56505.63
56503.69
56501.76
56499.83
56497.9
56495.96
56494.02
56492.08
56490.15
56488.21
56486.27
56484.336
56482.395
56480.45
56478.51
56476.57
56474.62
56472.65
56470.67
56468.695
56466.72
56464.746
56462.77
56460.79
56458.816
56456.84
56454.86
56452.88
56450.9
56448.91
56446.93
56444.945
56442.965
56440.98
56438.99
56437.004
56435.016
56433.023
56431.04
56429.05
56427.055
56425.066
56423.074
56421.08
56419.09
56417.094
56415.1
56413.105
56411.105
56409.1
56407.105
56405.1
56403.1
56401.094
56399.09
56397.086
56395.074
56393.066
56391.06
56389.05
56387.04
56385.023
56383.016
56381.0
56378.99
56376.977
56374.95
56372.94
56370.92
56368.906
56366.88
56364.86
56362.84
56360.82
56358.8
56356.78
56354.75
56352.72
56350.7
56348.676
56346.64
56344.61
56342.58
56340.55
56338.52
56336.48
56334.45
56332.42
56330.387
56328.35
56326.31
56324.273
56322.23
56320.195
56318.16
56316.11
56314.066
56312.016
56309.97
56307.92
56305.87
56303.824
56301.77
56299.72
56297.66
56295.61
56293.55
56291.5
56289.44
56287.38
56285.32
56283.26
56281.2
56279.14
56277.08
56275.01
56272.95
56270.88
56268.81
56266.74
56264.68
56262.61
56260.53
56258.46
56256.39
56254.316
56252.24
56250.16
56248.086
56246.01
56243.934
56241.85
56239.773
56237.69
56235.61
56233.52
56231.44
56229.355
56227.26
56225.176
56223.08
56220.996
56218.9
56216.81
56214.72
56212.625
56210.53
56208.44
56206.344
56204.246
56202.15
56200.05
56197.953
56195.86
56193.766
56191.656
56189.55
56187.45
56185.35
56183.246
56181.14
56179.04
56176.93
56174.83
56172.72
56170.613
56168.504
56166.39
56164.28
56162.17
56160.05
56157.94
56155.824
56153.71
56151.586
56149.465
56147.35
56145.23
56143.105
56140.99
56138.863
56136.74
56134.62
56132.49
56130.37
56128.25
56126.113
56123.99
56121.86
56119.734
56117.605
56115.477
56113.344
56111.21
56109.074
56106.94
56104.8
56102.664
56100.53
56098.387
56096.24
56094.1
56091.96
56089.816
56087.67
56085.53
56083.38
56081.23
56079.08
56076.934
56074.785
56072.637
56070.48
56068.32
56066.16
56063.99
56061.83
56059.67
56057.51
56055.344
56053.18
56051.01
56048.85
56046.68
56044.51
56042.34
56040.17
56037.996
56035.824
56033.656
56031.48
56029.3
56027.125
56024.95
56022.77
56020.59
56018.41
56016.23
56014.05
56011.87
56009.684
56007.5
56005.316
56003.13
56000.94
55998.754
55996.57
55994.38
55992.19
55990.0
55987.81
55985.62
55983.42
55981.22
55979.023
55976.83
55974.63
55972.43
55970.234
55968.035
55965.824
55963.625
55961.426
55959.23
55957.02
55954.816
55952.61
55950.406
55948.2
55945.99
55943.78
55941.57
55939.36
55937.137
55934.91
55932.7
55930.48
55928.26
55926.04
55923.82
55921.59
55919.36
55917.137
55914.91
55912.676
55910.45
55908.22
55905.984
55903.75
55901.516
55899.28
55897.04
55894.81
55892.555
55890.32
55888.08
55885.836
55883.59
55881.35
55879.11
55876.86
55874.61
55872.36
55870.113
55867.86
55865.605
55863.355
55861.1
55858.85
55856.59
55854.33
55852.07
55849.8
55847.54
55845.28
55843.02
55840.746
55838.48
55836.22
55833.945
55831.676
55829.41
55827.13
55824.86
55822.58
55820.305
55818.02
55815.74
55813.465
55811.176
55808.895
55806.61
55804.31
55802.03
55799.74
55797.45
55795.15
55792.86
55790.57
55788.28
55785.98
55783.684
55781.39
55779.08
55776.78
55774.48
55772.176
55769.88
55767.57
55765.26
55762.95
55760.64
55758.32
55756.01
55753.695
55751.38
55749.07
55746.75
55744.434
55742.113
55739.79
55737.47
55735.15
55732.82
55730.5
55728.176
55725.84
55723.52
55721.19
55718.86
55716.53
55714.19
55711.86
55709.52
55707.184
55704.83
55702.445
55700.06
55697.676
55695.29
55692.9
55690.516
55688.125
55685.73
55683.34
55680.95
55678.566
55676.17
55673.773
55671.375
55668.98
55666.57
55664.176
55661.77
55659.36
55656.96
55654.566
55652.16
55649.754
55647.35
55644.94
55642.535
55640.13
55637.715
55635.305
55632.9
55630.48
55628.07
55625.65
55623.234
55620.82
55618.39
55615.98
55613.55
55611.125
55608.703
55606.28
55603.85
55601.43
55599.0
55596.57
55594.14
55591.71
55589.28
55586.85
55584.41
55581.97
55579.54
55577.1
55574.66
55572.21
55569.76
55567.316
55564.87
55562.42
55559.97
55557.52
55555.07
55552.613
55550.16
55547.703
55545.246
55542.785
55540.324
55537.863
55535.406
55532.94
55530.48
55528.02
55525.55
55523.07
55520.6
55518.13
55515.66
55513.19
55510.72
55508.246
55505.77
55503.297
55500.82
55498.34
55495.863
55493.38
55490.9
55488.42
55485.934
55483.46
55480.97
55478.484
55476.0
55473.5
55471.016
55468.52
55466.023
55463.535
55461.04
55458.54
55456.04
55453.54
55451.04
55448.54
55446.023
55443.51
55441.0
55438.49
55435.977
55433.46
55430.945
55428.434
55425.91
55423.387
55420.87
55418.34
55415.82
55413.29
55410.76
55408.24
55405.71
55403.18
55400.65
55398.12
55395.586
55393.05
55390.516
55387.98
55385.45
55382.91
55380.37
55377.83
55375.29
55372.74
55370.19
55367.65
55365.1
55362.555
55360.01
55357.46
55354.91
55352.36
55349.81
55347.254
55344.695
55342.14
55339.59
55337.03
55334.47
55331.91
55329.35
55326.79
55324.21
55321.645
55319.07
55316.496
55313.926
55311.344
55308.77
55306.195
55303.62
55301.03
55298.453
55295.875
55293.28
55290.7
55288.113
55285.53
55282.934
55280.35
55277.76
55275.17
55272.57
55269.977
55267.37
55264.78
55262.184
55259.58
55256.99
55254.39
55251.76
55249.13
55246.5
55243.86
55241.23
55238.6
55235.95
55233.31
55230.676
55228.03
55225.39
55222.75
55220.1
55217.45
55214.8
55212.14
55209.49
55206.85
55204.19
55201.535
55198.887
55196.227
55193.566
55190.906
55188.246
55185.586
55182.92
55180.26
55177.59
55174.92
55172.266
55169.58
55166.92
55164.246
55161.57
55158.9
55156.21
55153.53
55150.84
55148.15
55145.45
55142.76
55140.074
55137.37
55134.676
55131.984
55129.285
55126.586
55123.88
55121.184
55118.48
55115.77
55113.06
55110.355
55107.64
55104.93
55102.22
55099.51
55096.797
55094.08
55091.36
55088.65
55085.93
55083.21
55080.484
55077.766
55075.04
55072.32
55069.594
55066.87
55064.14
55061.4
55058.67
55055.934
55053.195
55050.46
55047.72
55044.98
55042.24
55039.5
55036.76
55034.01
55031.27
55028.523
55025.78
55023.03
55020.28
55017.52
55014.77
55012.01
55009.254
55006.49
55003.73
55000.97
54998.2
54995.43
54992.67
54989.9
54987.13
54984.363
54981.594
54978.82
54976.04
54973.27
54970.49
54967.71
54964.93
54962.15
54959.363
54956.58
54953.785
54950.996
54948.21
54945.41
54942.62
54939.82
54937.03
54934.23
54931.43
54928.64
54925.83
54923.023
54920.227
54917.42
54914.61
54911.8
54908.996
54906.19
54903.375
54900.566
54897.746
54894.93
54892.12
54889.3
54886.48
54883.66
54880.84
54878.016
54875.195
54872.36
54869.54
54866.71
54863.875
54861.047
54858.21
54855.38
54852.547
54849.71
54846.875
54844.03
54841.19
54838.35
54835.504
54832.664
54829.82
54826.977
54824.125
54821.27
54818.414
54815.56
54812.7
54809.84
54806.97
54804.11
54801.246
54798.38
54795.504
54792.64
54789.76
54786.887
54784.0
54781.12
54778.246
54775.363
54772.484
54769.605
54766.715
54763.83
54760.95
54758.06
54755.17
54752.28
54749.39
54746.5
54743.6
54740.7
54737.805
54734.91
54732.01
54729.1
54726.2
54723.3
54720.387
54717.477
54714.56
54711.656
54708.74
54705.83
54702.914
54700.0
54697.08
54694.164
54691.24
54688.316
54685.395
54682.47
54679.54
54676.613
54673.684
54670.75
54667.82
54664.887
54661.95
54659.016
54656.08
54653.14
54650.2
54647.26
54644.32
54641.38
54638.434
54635.484
54632.54
54629.586
54626.63
54623.68
54620.73
54617.773
54614.81
54611.85
54608.887
54605.92
54602.953
54599.99
54597.03
54594.06
54591.09
54588.12
54585.156
54582.184
54579.203
54576.23
54573.25
54570.273
54567.297
54564.31
54561.33
54558.344
54555.355
54552.37
54549.38
54546.38
54543.395
54540.4
54537.406
54534.41
54531.41
54528.406
54525.4
54522.4
54519.38
54516.38
54513.363
54510.35
54507.34
54504.32
54501.316
54498.297
54495.27
54492.25
54489.22
54486.203
54483.18
54480.15
54477.125
54474.1
54471.07
54468.035
54465.004
54461.97
54458.94
54455.895
54452.86
54449.824
54446.79
54443.74
54440.7
54437.65
54434.6
54431.55
54428.5
54425.44
54422.39
54419.33
54416.27
54413.21
54410.145
54407.08
54404.01
54400.945
54397.87
54394.805
54391.73
54388.66
54385.59
54382.516
54379.44
54376.355
54373.273
54370.195
54367.113
54364.03
54360.95
54357.86
54354.78
54351.69
54348.6
54345.51
54342.41
54339.31
54336.215
54333.12
54330.016
54326.91
54323.81
54320.7
54317.594
54314.477
54311.37
54308.26
54305.145
54302.03
54298.914
54295.8
54292.68
54289.56
54286.44
54283.316
54280.195
54277.07
54273.94
54270.81
54267.676
54264.547
54261.41
54258.27
54255.13
54251.98
54248.84
54245.695
54242.54
54239.39
54236.24
54233.09
54229.93
54226.78
54223.62
54220.46
54217.3
54214.13
54210.97
54207.81
54204.64
54201.47
54198.31
54195.13
54191.96
54188.785
54185.61
54182.43
54179.25
54176.074
54172.89
54169.703
54166.523
54163.336
54160.156
54156.965
54153.77
54150.58
54147.39
54144.2
54141.0
54137.8
54134.605
54131.41
54128.195
54124.99
54121.78
54118.574
54115.37
54112.16
54108.94
54105.727
54102.51
54099.29
54096.074
54092.85
54089.63
54086.406
54083.184
54079.96
54076.73
54073.5
54070.27
54067.04
54063.805
54060.57
54057.33
54054.09
54050.85
54047.61
54044.36
54041.113
54037.87
54034.62
54031.37
54028.12
54024.86
54021.605
54018.35
54015.09
54011.83
54008.57
54005.31
54002.04
53998.773
53995.51
53992.23
53988.965
53985.69
53982.42
53979.137
53975.86
53972.58
53969.297
53966.004
53962.72
53959.43
53956.14
53952.844
53949.55
53946.254
53942.953
53939.66
53936.336
53932.996
53929.664
53926.33
53923.004
53919.664
53916.32
53912.97
53909.64
53906.297
53902.95
53899.6
53896.25
53892.895
53889.547
53886.19
53882.836
53879.484
53876.125
53872.766
53869.4
53866.04
53862.67
53859.305
53855.934
53852.57
53849.2
53845.82
53842.45
53839.07
53835.69
53832.31
53828.93
53825.55
53822.17
53818.78
53815.4
53812.01
53808.62
53805.227
53801.83
53798.43
53795.035
53791.63
53788.24
53784.83
53781.434
53778.03
53774.62
53771.215
53767.8
53764.395
53760.98
53757.56
53754.15
53750.73
53747.31
53743.89
53740.465
53737.04
53733.605
53730.18
53726.74
53723.316
53719.88
53716.445
53713.016
53709.574
53706.137
53702.69
53699.25
53695.797
53692.35
53688.9
53685.45
53681.996
53678.54
53675.08
53671.625
53668.16
53664.69
53661.22
53657.76
53654.29
53650.824
53647.35
53643.88
53640.406
53636.93
53633.445
53629.96
53626.477
53622.984
53619.496
53616.004
53612.516
53609.02
53605.52
53602.03
53598.523
53595.023
53591.52
53588.02
53584.52
53581.016
53577.51
53574.0
53570.49
53566.98
53563.47
53559.95
53556.426
53552.91
53549.39
53545.87
53542.34
53538.82
53535.29
53531.76
53528.227
53524.69
53521.13
53517.55
53513.97
53510.39
53506.8
53503.22
53499.625
53496.04
53492.445
53488.855
53485.254
53481.656
53478.06
53474.453
53470.855
53467.246
53463.645
53460.04
53456.42
53452.805
53449.19
53445.57
53441.96
53438.336
53434.71
53431.09
53427.47
53423.84
53420.215
53416.586
53412.953
53409.316
53405.676
53402.03
53398.387
53394.74
53391.09
53387.445
53383.8
53380.14
53376.49
53372.83
53369.17
53365.51
53361.85
53358.19
53354.53
53350.87
53347.2
53343.53
53339.863
53336.19
53332.516
53328.84
53325.16
53321.484
53317.8
53314.113
53310.43
53306.74
53303.05
53299.36
53295.67
53291.98
53288.29
53284.59
53280.89
53277.2
53273.49
53269.79
53266.09
53262.38
53258.67
53254.96
53251.25
53247.535
53243.82
53240.1
53236.38
53232.66
53228.94
53225.21
53221.49
53217.76
53214.035
53210.31
53206.58
53202.84
53199.11
53195.37
53191.637
53187.89
53184.145
53180.4
53176.656
53172.906
53169.156
53165.4
53161.645
53157.89
53154.13
53150.38
53146.62
53142.86
53139.094
53135.33
53131.57
53127.8
53124.03
53120.26
53116.49
53112.715
53108.94
53105.16
53101.38
53097.594
53093.8
53090.02
53086.23
53082.44
53078.65
53074.85
53071.06
53067.266
53063.47
53059.664
53055.87
53052.06
53048.25
53044.45
53040.64
53036.83
53033.02
53029.203
53025.39
53021.574
53017.75
53013.93
53010.1
53006.27
53002.45
52998.61
52994.78
52990.94
52987.1
52983.26
52979.42
52975.57
52971.73
52967.88
52964.035
52960.18
52956.33
52952.477
52948.613
52944.76
52940.895
52937.035
52933.17
52929.31
52925.445
52921.57
52917.703
52913.83
52909.96
52906.1
52902.22
52898.35
52894.47
52890.594
52886.715
52882.83
52878.95
52875.066
52871.18
52867.28
52863.395
52859.5
52855.6
52851.71
52847.82
52843.92
52840.02
52836.12
52832.22
52828.32
52824.41
52820.5
52816.6
52812.69
52808.78
52804.863
52800.945
52797.023
52793.1
52789.17
52785.246
52781.31
52777.38
52773.45
52769.51
52765.58
52761.645
52757.7
52753.76
52749.824
52745.88
52741.93
52737.98
52734.04
52730.08
52726.13
52722.18
52718.22
52714.254
52710.297
52706.33
52702.36
52698.4
52694.434
52690.465
52686.49
52682.52
52678.55
52674.58
52670.6
52666.62
52662.64
52658.66
52654.68
52650.7
52646.71
52642.72
52638.73
52634.74
52630.734
52626.74
52622.74
52618.75
52614.746
52610.746
52606.746
52602.74
52598.73
52594.72
52590.72
52586.7
52582.684
52578.676
52574.66
52570.64
52566.62
52562.6
52558.58
52554.55
52550.52
52546.49
52542.46
52538.434
52534.4
52530.363
52526.33
52522.27
52518.2
52514.14
52510.07
52506.004
52501.94
52497.86
52493.79
52489.71
52485.63
52481.55
52477.465
52473.38
52469.297
52465.203
52461.12
52457.023
52452.93
52448.836
52444.74
52440.64
52436.535
52432.44
52428.33
52424.227
52420.12
52416.01
52411.89
52407.78
52403.66
52399.55
52395.43
52391.305
52387.184
52383.055
52378.934
52374.81
52370.68
52366.55
52362.42
52358.28
52354.14
52350.0
52345.863
52341.72
52337.574
52333.43
52329.28
52325.14
52320.984
52316.83
52312.676
52308.516
52304.35
52300.195
52296.03
52291.863
52287.71
52283.54
52279.375
52275.21
52271.035
52266.87
52262.695
52258.52
52254.344
52250.164
52245.98
52241.8
52237.62
52233.43
52229.24
52225.05
52220.86
52216.676
52212.48
52208.28
52204.09
52199.89
52195.69
52191.49
52187.29
52183.08
52178.87
52174.66
52170.445
52166.23
52162.01
52157.797
52153.58
52149.36
52145.13
52140.91
52136.68
52132.453
52128.23
52124.0
52119.77
52115.54
52111.31
52107.07
52102.844
52098.61
52094.36
52090.12
52085.88
52081.64
52077.395
52073.156
52068.91
52064.66
52060.406
52056.156
52051.9
52047.656
52043.395
52039.14
52034.88
52030.62
52026.35
52022.1
52017.836
52013.566
52009.3
52005.03
52000.754
51996.48
51992.21
51987.94
51983.664
51979.37
51975.09
51970.816
51966.53
51962.24
51957.953
51953.67
51949.38
51945.09
51940.81
51936.516
51932.22
51927.926
51923.63
51919.33
51915.03
51910.727
51906.426
51902.13
51897.82
51893.51
51889.2
51884.89
51880.59
51876.27
51871.95
51867.64
51863.324
51859.004
51854.69
51850.36
51846.03
51841.7
51837.363
51833.04
51828.703
51824.375
51820.04
51815.71
51811.375
51807.03
51802.684
51798.344
51794.004
51789.66
51785.31
51780.965
51776.61
51772.27
51767.92
51763.57
51759.21
51754.85
51750.5
51746.145
51741.785
51737.43
51733.066
51728.703
51724.34
51719.98
51715.61
51711.25
51706.887
51702.51
51698.15
51693.78
51689.41
51685.03
51680.66
51676.28
51671.906
51667.535
51663.15
51658.76
51654.387
51650.0
51645.61
51641.23
51636.83
51632.45
51628.055
51623.67
51619.273
51614.88
51610.484
51606.09
51601.695
51597.297
51592.895
51588.496
51584.094
51579.69
51575.29
51570.88
51566.48
51562.07
51557.664
51553.25
51548.84
51544.42
51540.01
51535.59
51531.18
51526.75
51522.336
51517.91
51513.49
51509.07
51504.65
51500.22
51495.79
51491.37
51486.94
51482.51
51478.08
51473.65
51469.22
51464.785
51460.35
51455.92
51451.48
51447.047
51442.6
51438.16
51433.72
51429.27
51424.83
51420.39
51415.94
51411.5
51407.05
51402.6
51398.15
51393.69
51389.24
51384.78
51380.324
51375.87
51371.41
51366.95
51362.49
51358.03
51353.566
51349.1
51344.637
51340.17
51335.7
51331.23
51326.754
51322.28
51317.805
51313.33
51308.844
51304.37
51299.89
51295.41
51290.926
51286.44
51281.95
51277.47
51272.98
51268.49
51264.0
51259.51
51255.02
51250.53
51246.035
51241.54
51237.04
51232.54
51228.05
51223.54
51219.04
51214.53
51210.035
51205.523
51201.02
51196.5
51192.0
51187.49
51182.984
51178.47
51173.953
51169.45
51164.934
51160.42
51155.91
51151.39
51146.875
51142.35
51137.84
51133.32
51128.8
51124.273
51119.75
51115.23
51110.71
51106.176
51101.65
51097.13
51092.594
51088.07
51083.54
51079.01
51074.44
51069.86
51065.29
51060.72
51056.14
51051.56
51046.95
51042.34
51037.727
51033.113
51028.5
51023.89
51019.266
51014.64
51010.016
51005.395
51000.77
50996.14
50991.516
50986.89
50982.26
50977.63
50972.99
50968.36
50963.727
50959.09
50954.46
50949.82
50945.184
50940.55
50935.91
50931.27
50926.63
50921.99
50917.35
50912.71
50908.06
50903.42
50898.773
50894.13
50889.484
50884.84
50880.19
50875.535
50870.89
50866.24
50861.59
50856.934
50852.28
50847.64
50842.98
50838.32
50833.66
50829.0
50824.33
50819.67
50815.0
50810.33
50805.66
50800.99
50796.32
50791.645
50786.97
50782.3
50777.64
50772.96
50768.29
50763.62
50758.94
50754.26
50749.59
50744.906
50740.23
50735.55
50730.875
50726.19
50721.51
50716.824
50712.145
50707.46
50702.78
50698.09
50693.4
50688.71
50684.03
50679.34
50674.65
50669.965
50665.273
50660.58
50655.895
50651.2
50646.51
50641.824
50637.13
50632.434
50627.74
50623.047
50618.355
50613.66
50608.96
50604.26
50599.566
50594.87
50590.17
50585.47
50580.77
50576.07
50571.37
50566.66
50561.96
50557.25
50552.547
50547.84
50543.137
50538.43
50533.72
50529.02
50524.31
50519.605
50514.89
50510.18
50505.465
50500.76
50496.05
50491.34
50486.63
50481.914
50477.195
50472.484
50467.76
50463.047
50458.32
50453.605
50448.89
50444.17
50439.45
50434.73
50430.01
50425.297
50420.57
50415.855
50411.13
50406.414
50401.695
50396.97
50392.25
50387.523
50382.8
50378.08
50373.36
50368.637
50363.91
50359.19
50354.46
50349.74
50345.01
50340.29
50335.566
50330.844
50326.113
50321.39
50316.66
50311.934
50307.21
50302.48
50297.754
50293.03
50288.3
50283.57
50278.84
50274.12
50269.38
50264.65
50259.92
50255.19
50250.46
50245.73
50240.996
50236.254
50231.51
50226.77
50222.03
50217.29
50212.56
50207.816
50203.08
50198.34
50193.605
50188.86
50184.113
50179.38
50174.64
50169.906
50165.164
50160.414
50155.68
50150.934
50146.184
50141.44
50136.7
50131.96
50127.215
50122.477
50117.73
50112.99
50108.25
50103.504
50098.76
50094.016
50089.27
50084.53
50079.79
50075.05
50070.3
50065.56
50060.82
50056.074
50051.336
50046.59
50041.844
50037.1
50032.36
50027.62
50022.88
50018.14
50013.39
50008.65
50003.91
49999.164
49994.414
49989.676
49984.926
49980.18
49975.44
49970.69
49965.95
49961.2
49956.46
49951.71
49946.965
49942.227
49937.477
49932.734
49927.99
49923.24
49918.496
49913.75
49909.0
49904.25
49899.504
49894.754
49890.01
49885.26
49880.52
49875.77
49871.023
49866.273
49861.523
49856.78
49852.035
49847.29
49842.54
49837.797
49833.05
49828.3
49823.55
49818.8
49814.05
49809.3
49804.55
49799.805
49795.06
49790.31
49785.56
49780.82
49776.074
49771.33
49766.586
49761.83
49757.08
49752.33
49747.59
49742.84
49738.1
49733.35
49728.605
49723.86
49719.105
49714.36
49709.613
49704.87
49700.125
49695.38
49690.64
49685.895
49681.15
49676.4
49671.66
49666.91
49662.164
49657.42
49652.68
49647.93
49643.19
49638.44
49633.695
49628.95
49624.2
49619.46
49614.715
49609.94
49605.18
49600.4
49595.64
49590.87
49586.1
49581.34
49576.566
49571.797
49567.03
49562.266
49557.5
49552.734
49547.977
49543.21
49538.445
49533.68
49528.91
49524.14
49519.37
49514.6
49509.84
49505.07
49500.31
49495.55
49490.785
49486.02
49481.25
49476.49
49471.73
49466.965
49462.21
49457.45
49452.69
49447.926
49443.17
49438.4
49433.65
49428.89
49424.13
49419.38
49414.625
49409.87
49405.113
49400.363
49395.613
49390.855
49386.11
49381.35
49376.605
49371.85
49367.1
49362.355
49357.6
49352.85
49348.1
49343.344
49338.586
49333.836
49329.09
49324.34
49319.59
49314.84
49310.094
49305.34
49300.6
49295.84
49291.094
49286.35
49281.61
49276.86
49272.12
49267.375
49262.63
49257.89
49253.15
49248.406
49243.66
49238.92
49234.176
49229.43
49224.69
49219.945
49215.21
49210.47
49205.73
49200.99
49196.246
49191.516
49186.773
49182.04
49177.316
49172.58
49167.844
49163.11
49158.37
49153.63
49148.9
49144.17
49139.434
49134.7
49129.97
49125.24
49120.504
49115.78
49111.05
49106.316
49101.59
49096.863
49092.14
49087.406
49082.684
49077.96
49073.24
49068.51
49063.785
49059.06
49054.33
49049.613
49044.89
49040.164
49035.445
49030.727
49026.004
49021.29
49016.56
49011.84
49007.13
49002.41
48997.69
48992.977
48988.26
48983.547
48978.84
48974.12
48969.4
48964.69
48959.977
48955.27
48950.56
48945.844
48941.14
48936.434
48931.727
48927.02
48922.3
48917.594
48912.89
48908.184
48903.484
48898.78
48894.08
48889.387
48884.68
48879.984
48875.28
48870.58
48865.88
48861.19
48856.49
48851.8
48847.11
48842.414
48837.73
48833.035
48828.34
48823.65
48818.965
48814.28
48809.594
48804.91
48800.227
48795.54
48790.86
48786.164
48781.49
48776.805
48772.125
48767.44
48762.76
48758.086
48753.4
48748.72
48744.05
48739.344
48734.63
48729.91
48725.19
48720.48
48715.77
48711.06
48706.34
48701.63
48696.92
48692.21
48687.5
48682.79
48678.09
48673.38
48668.67
48663.97
48659.27
48654.57
48649.863
48645.16
48640.45
48635.75
48631.06
48626.35
48621.656
48616.953
48612.26
48607.56
48602.87
48598.17
48593.477
48588.79
48584.09
48579.39
48574.7
48570.004
48565.32
48560.625
48555.94
48551.246
48546.55
48541.86
48537.176
48532.484
48527.805
48523.11
48518.43
48513.74
48509.05
48504.37
48499.69
48495.0
48490.32
48485.64
48480.96
48476.285
48471.605
48466.93
48462.25
48457.574
48452.895
48448.22
48443.54
48438.87
48434.2
48429.53
48424.855
48420.19
48415.52
48410.85
48406.19
48401.52
48396.86
48392.19
48387.53
48382.87
48378.203
48373.547
48368.88
48364.22
48359.56
48354.906
48350.25
48345.594
48340.94
48336.297
48331.64
48326.97
48322.285
48317.613
48312.94
48308.27
48303.6
48298.93
48294.26
48289.59
48284.92
48280.254
48275.59
48270.92
48266.26
48261.59
48256.934
48252.28
48247.62
48242.965
48238.305
48233.645
48228.99
48224.34
48219.684
48215.03
48210.38
48205.73
48201.08
48196.434
48191.79
48187.14
48182.49
48177.844
48173.2
48168.56
48163.914
48159.28
48154.64
48150.0
48145.36
48140.72
48136.086
48131.45
48126.82
48122.184
48117.55
48112.92
48108.297
48103.67
48099.04
48094.41
48089.78
48085.16
48080.53
48075.91
48071.29
48066.676
48062.055
48057.43
48052.816
48048.19
48043.58
48038.97
48034.355
48029.75
48025.14
48020.523
48015.92
48011.31
48006.71
48002.1
47997.496
47992.9
47988.297
47983.7
47979.105
47974.5
47969.9
47965.3
47960.7
47956.1
47951.51
47946.91
47942.32
47937.727
47933.13
47928.54
47923.945
47919.355
47914.766
47910.17
47905.58
47900.99
47896.41
47891.82
47887.25
47882.67
47878.08
47873.504
47868.934
47864.35
47859.77
47855.2
47850.63
47846.047
47841.48
47836.906
47832.34
47827.773
47823.203
47818.64
47814.074
47809.51
47804.95
47800.38
47795.824
47791.26
47786.7
47782.15
47777.59
47773.03
47768.48
47763.93
47759.38
47754.83
47750.27
47745.72
47741.17
47736.62
47732.06
47727.516
47722.96
47718.41
47713.863
47709.32
47704.773
47700.23
47695.69
47691.15
47686.61
47682.06
47677.53
47672.99
47668.45
47663.92
47659.387
47654.855
47650.324
47645.797
47641.26
47636.73
47632.21
47627.69
47623.17
47618.65
47614.13
47609.61
47605.094
47600.58
47596.06
47591.547
47587.03
47582.52
47578.01
47573.504
47568.996
47564.484
47559.99
47555.48
47550.97
47546.47
47541.96
47537.46
47532.965
47528.465
47523.965
47519.47
47514.97
47510.47
47505.977
47501.48
47496.99
47492.5
47488.01
47483.516
47479.02
47474.535
47470.05
47465.555
47461.07
47456.586
47452.1
47447.63
47443.15
47438.67
47434.19
47429.71
47425.234
47420.754
47416.28
47411.805
47407.34
47402.87
47398.395
47393.93
47389.46
47385.0
47380.53
47376.066
47371.594
47367.137
47362.68
47358.22
47353.76
47349.305
47344.844
47340.395
47335.94
47331.484
47327.035
47322.586
47318.137
47313.69
47309.25
47304.8
47300.36
47295.926
47291.48
47287.04
47282.6
47278.17
47273.73
47269.3
47264.87
47260.434
47256.004
47251.574
47247.14
47242.71
47238.285
47233.86
47229.43
47225.004
47220.56
47216.11
47211.67
47207.227
47202.78
47198.33
47193.89
47189.453
47185.02
47180.58
47176.14
47171.71
47167.28
47162.855
47158.42
47153.99
47149.56
47145.137
47140.715
47136.28
47131.87
47127.445
47123.02
47118.61
47114.18
47109.77
47105.36
47100.95
47096.535
47092.12
47087.715
47083.305
47078.895
47074.496
47070.086
47065.68
47061.28
47056.88
47052.48
47048.09
47043.69
47039.3
47034.9
47030.504
47026.105
47021.715
47017.32
47012.93
47008.547
47004.156
46999.77
46995.387
46991.01
46986.613
46982.22
46977.83
46973.434
46969.05
46964.66
46960.273
46955.887
46951.5
46947.12
46942.734
46938.35
46933.965
46929.59
46925.21
46920.83
46916.46
46912.08
46907.7
46903.324
46898.953
46894.58
46890.21
46885.84
46881.477
46877.105
46872.74
46868.33
46863.93
46859.53
46855.125
46850.73
46846.324
46841.926
46837.535
46833.14
46828.746
46824.35
46819.96
46815.57
46811.164
46806.78
46802.39
46798.0
46793.61
46789.23
46784.844
46780.46
46776.08
46771.7
46767.32
46762.94
46758.56
46754.18
46749.81
46745.43
46741.06
46736.684
46732.31
46727.945
46723.574
46719.203
46714.84
46710.48
46706.113
46701.75
46697.387
46693.03
46688.67
46684.31
46679.95
46675.59
46671.24
46666.89
46662.54
46658.19
46653.83
46649.49
46645.14
46640.797
46636.44
46632.09
46627.746
46623.4
46619.05
46614.71
46610.363
46606.03
46601.684
46597.34
46592.99
46588.656
46584.316
46579.98
46575.645
46571.31
46566.977
46562.65
46558.32
46553.984
46549.656
46545.324
46541.004
46536.68
46532.36
46528.04
46523.71
46519.4
46515.08
46510.76
46506.44
46502.13
46497.816
46493.5
46489.19
46484.87
46480.566
46476.254
46471.95
46467.637
46463.33
46459.02
46454.72
46450.41
46446.11
46441.81
46437.51
46433.21
46428.91
46424.61
46420.31
46416.02
46411.73
46407.44
46403.15
46398.855
46394.56
46390.27
46385.984
46381.69
46377.4
46373.11
46368.824
46364.54
46360.26
46355.98
46351.695
46347.414
46343.137
46338.85
46334.57
46330.297
46326.023
46321.75
46317.48
46313.203
46308.93
46304.66
46300.4
46296.13
46291.86
46287.594
46283.32
46279.06
46274.8
46270.516
46266.23
46261.95
46257.67
46253.39
46249.105
46244.83
46240.55
46236.28
46232.01
46227.73
46223.46
46219.18
46214.91
46210.64
46206.37
46202.1
46197.83
46193.566
46189.3
46185.035
46180.77
46176.51
46172.25
46167.99
46163.73
46159.47
46155.22
46150.96
46146.703
46142.45
46138.2
46133.945
46129.695
46125.44
46121.195
46116.95
46112.7
46108.45
46104.21
46099.97
46095.73
46091.48
46087.23
46082.99
46078.75
46074.51
46070.266
46066.03
46061.797
46057.55
46053.32
46049.09
46044.85
46040.61
46036.38
46032.156
46027.914
46023.695
46019.46
46015.234
46011.01
46006.785
46002.555
45998.32
45994.1
45989.88
45985.66
45981.44
45977.22
45973.0
45968.785
45964.566
45960.355
45956.137
45951.92
45947.71
45943.496
45939.29
45935.07
45930.863
45926.66
45922.45
45918.246
45914.04
45909.83
45905.63
45901.43
45897.227
45893.023
45888.83
45884.625
45880.42
45876.215
45872.016
45867.82
45863.62
45859.42
45855.227
45851.02
45846.83
45842.63
45838.426
45834.23
45830.03
45825.844
45821.64
45817.45
45813.26
45809.06
45804.88
45800.684
45796.49
45792.3
45788.113
45783.93
45779.74
45775.56
45771.375
45767.19
45763.01
45758.83
45754.645
45750.46
45746.285
45742.11
45737.934
45733.76
45729.59
45725.414
45721.24
45717.07
45712.9
45708.73
45704.56
45700.395
45696.23
45692.066
45687.9
45683.746
45679.58
45675.426
45671.254
45667.1
45662.94
45658.785
45654.62
45650.47
45646.31
45642.156
45638.0
45633.84
45629.69
45625.53
45621.387
45617.23
45613.08
45608.93
45604.79
45600.64
45596.496
45592.35
45588.2
45584.055
45579.914
45575.773
45571.63
45567.49
45563.35
45559.21
45555.07
45550.93
45546.78
45542.65
45538.51
45534.37
45530.234
45526.105
45521.97
45517.84
45513.71
45509.58
45505.453
45501.33
45497.2
45493.074
45488.953
45484.83
45480.71
45476.586
45472.465
45468.34
45464.215
45460.094
45455.977
45451.855
45447.74
45443.62
45439.48
45435.34
45431.2
45427.06
45422.926
45418.797
45414.664
45410.516
45406.36
45402.19
45398.03
45393.86
45389.69
45385.52
45381.36
45377.195
45373.04
45368.87
45364.703
45360.54
45356.38
45352.22
45348.055
45343.9
45339.74
45335.59
45331.43
45327.28
45323.12
45318.965
45314.82
45310.664
45306.51
45302.355
45298.21
45294.06
45289.91
45285.76
45281.62
45277.47
45273.32
45269.18
45265.023
45260.887
45256.74
45252.6
45248.453
45244.32
45240.176
45236.04
45231.9
45227.76
45223.62
45219.477
45215.34
45211.203
45207.07
45202.94
45198.8
45194.67
45190.54
45186.406
45182.27
45178.14
45174.01
45169.88
45165.754
45161.63
45157.5
45153.38
45149.254
45145.13
45141.004
45136.88
45132.76
45128.64
45124.51
45120.39
45116.27
45112.15
45108.023
45103.9
45099.785
45095.67
45091.55
45087.44
45083.32
45079.203
45075.09
45070.98
45066.863
45062.74
45058.637
45054.523
45050.41
45046.305
45042.195
45038.094
45033.984
45029.875
45025.77
45021.66
45017.547
45013.44
45009.33
45005.23
45001.12
44997.02
44992.92
44988.82
44984.715
44980.61
44976.51
44972.41
44968.31
44964.2
44960.1
44956.0
44951.89
44947.785
44943.69
44939.58
44935.48
44931.387
44927.29
44923.18
44919.086
44914.99
44910.9
44906.8
44902.71
44898.613
44894.516
44890.43
44886.34
44882.246
44878.156
44874.07
44869.98
44865.89
44861.8
44857.71
44853.62
44849.547
44845.453
44841.36
44837.28
44833.2
44829.12
44825.04
44820.96
44816.875
44812.78
44808.7
44804.625
44800.547
44796.46
44792.38
44788.29
44784.21
44780.13
44776.047
44771.97
44767.89
44763.82
44759.734
44755.66
44751.59
44747.516
44743.434
44739.36
44735.29
44731.215
44727.15
44723.074
44719.01
44714.94
44710.863
44706.79
44702.73
44698.66
44694.57
44690.484
44686.395
44682.316
44678.227
44674.14
44670.055
44665.977
44661.89
44657.81
44653.72
44649.64
44645.555
44641.48
44637.4
44633.32
44629.24
44625.16
44621.08
44617.004
44612.93
44608.85
44604.78
44600.7
44596.62
44592.55
44588.48
44584.395
44580.32
44576.25
44572.176
44568.1
44564.023
44559.95
44555.88
44551.816
44547.73
44543.66
44539.59
44535.52
44531.45
44527.38
44523.316
44519.24
44515.176
44511.11
44507.04
44502.97
44498.9
44494.836
44490.75
44486.67
44482.6
44478.523
44474.45
44470.375
44466.29
44462.215
44458.14
44454.06
44449.99
44445.926
44441.844
44437.77
44433.695
44429.62
44425.555
44421.48
44417.41
44413.33
44409.26
44405.18
44401.105
44397.04
44392.965
44388.895
44384.82
44380.75
44376.69
44372.62
44368.55
44364.48
44360.41
44356.34
44352.273
44348.203
44344.14
44340.074
44336.01
44331.94
44327.87
44323.81
44319.75
44315.68
44311.62
44307.56
44303.5
44299.434
44295.375
44291.316
44287.26
44283.2
44279.137
44275.08
44271.02
44266.96
44262.9
44258.844
44254.79
44250.72
44246.67
44242.613
44238.555
44234.5
44230.45
44226.39
44222.33
44218.285
44214.23
44210.18
44206.113
44202.04
44197.953
44193.887
44189.82
44185.746
44181.65
44177.566
44173.48
44169.38
44165.29
44161.21
44157.12
44153.04
44148.953
44144.86
44140.78
44136.695
44132.61
44128.52
44124.44
44120.35
44116.26
44112.17
44108.09
44104.01
44099.926
44095.844
44091.754
44087.68
44083.594
44079.516
44075.44
44071.36
44067.273
44063.2
44059.11
44055.035
44050.95
44046.875
44042.8
44038.71
44034.63
44030.555
44026.48
44022.406
44018.33
44014.23
44010.13
44006.03
44001.934
43997.84
43993.75
43989.65
43985.555
43981.453
43977.36
43973.27
43969.176
43965.08
43960.99
43956.89
43952.8
43948.703
43944.61
43940.52
43936.43
43932.33
43928.234
43924.15
43920.06
43915.97
43911.88
43907.79
43903.695
43899.61
43895.52
43891.426
43887.34
43883.25
43879.17
43875.07
43870.98
43866.895
43862.81
43858.72
43854.637
43850.54
43846.453
43842.37
43838.28
43834.19
43830.1
43826.01
43821.914
43817.836
43813.75
43809.664
43805.574
43801.49
43797.406
43793.31
43789.23
43785.145
43781.06
43776.97
43772.89
43768.8
43764.72
43760.637
43756.55
43752.47
43748.387
43744.3
43740.22
43736.14
43732.06
43727.98
43723.89
43719.81
43715.72
43711.64
43707.56
43703.48
43699.395
43695.316
43691.23
43687.145
43683.06
43678.984
43674.906
43670.82
43666.746
43662.664
43658.586
43654.51
43650.43
43646.355
43642.27
43638.2
43634.11
43630.04
43625.96
43621.88
43617.8
43613.727
43609.65
43605.574
43601.496
43597.42
43593.35
43589.28
43585.2
43581.125
43577.055
43572.98
43568.906
43564.83
43560.76
43556.68
43552.594
43548.52
43544.44
43540.36
43536.285
43532.21
43528.125
43524.055
43519.98
43515.906
43511.83
43507.76
43503.69
43499.61
43495.535
43491.47
43487.39
43483.32
43479.24
43475.16
43471.09
43467.01
43462.94
43458.863
43454.79
43450.72
43446.64
43442.56
43438.49
43434.41
43430.34
43426.26
43422.19
43418.12
43414.04
43409.97
43405.9
43401.83
43397.75
43393.676
43389.605
43385.535
43381.465
43377.37
43373.28
43369.19
43365.09
43361.0
43356.91
43352.82
43348.72
43344.63
43340.53
43336.44
43332.344
43328.25
43324.16
43320.07
43315.977
43311.88
43307.78
43303.695
43299.6
43295.51
43291.42
43287.32
43283.23
43279.14
43275.05
43270.95
43266.86
43262.77
43258.67
43254.58
43250.484
43246.4
43242.305
43238.215
43234.12
43230.023
43225.94
43221.84
43217.76
43213.664
43209.57
43205.47
43201.38
43197.29
43193.2
43189.11
43185.02
43180.92
43176.83
43172.74
43168.64
43164.55
43160.453
43156.36
43152.254
43148.16
43144.05
43139.93
43135.82
43131.7
43127.59
43123.47
43119.36
43115.246
43111.137
43107.004
43102.87
43098.73
43094.6
43090.47
43086.34
43082.21
43078.074
43073.94
43069.805
43065.67
43061.54
43057.41
43053.28
43049.14
43045.01
43040.87
43036.734
43032.6
43028.47
43024.34
43020.2
43016.066
43011.93
43007.797
43003.664
42999.53
42995.4
42991.27
42987.137
42983.0
42978.875
42974.75
42970.62
42966.49
42962.355
42958.23
42954.1
42949.965
42945.84
42941.71
42937.58
42933.44
42929.31
42925.176
42921.047
42916.9
42912.77
42908.63
42904.5
42900.36
42896.227
42892.09
42887.95
42883.816
42879.67
42875.535
42871.4
42867.26
42863.13
42859.0
42854.86
42850.72
42846.58
42842.445
42838.31
42834.17
42830.035
42825.895
42821.754
42817.62
42813.48
42809.34
42805.2
42801.06
42796.914
42792.773
42788.637
42784.5
42780.36
42776.2
42772.03
42767.87
42763.71
42759.55
42755.387
42751.23
42747.074
42742.91
42738.746
42734.59
42730.426
42726.266
42722.1
42717.94
42713.77
42709.61
42705.44
42701.29
42697.125
42692.953
42688.79
42684.63
42680.47
42676.31
42672.15
42667.98
42663.82
42659.65
42655.484
42651.316
42647.145
42642.98
42638.816
42634.64
42630.48
42626.31
42622.14
42617.98
42613.82
42609.65
42605.477
42601.31
42597.14
42592.96
42588.79
42584.61
42580.43
42576.26
42572.086
42567.91
42563.74
42559.56
42555.387
42551.2
42547.03
42542.85
42538.68
42534.5
42530.32
42526.14
42521.96
42517.785
42513.605
42509.426
42505.25
42501.07
42496.89
42492.71
42488.535
42484.36
42480.18
42476.0
42471.824
42467.645
42463.47
42459.285
42455.11
42450.93
42446.76
42442.574
42438.39
42434.21
42430.03
42425.85
42421.676
42417.496
42413.31
42409.13
42404.95
42400.78
42396.6
42392.42
42388.23
42384.055
42379.875
42375.695
42371.52
42367.34
42363.16
42358.98
42354.8
42350.62
42346.44
42342.26
42338.08
42333.9
42329.71
42325.535
42321.355
42317.18
42313.0
42308.82
42304.63
42300.45
42296.27
42292.086
42287.906
42283.727
42279.535
42275.355
42271.17
42266.99
42262.81
42258.637
42254.45
42250.26
42246.074
42241.89
42237.703
42233.52
42229.33
42225.14
42220.95
42216.77
42212.574
42208.39
42204.2
42199.99
42195.773
42191.56
42187.35
42183.13
42178.92
42174.68
42170.45
42166.22
42161.99
42157.75
42153.516
42149.28
42145.047
42140.81
42136.57
42132.34
42128.1
42123.87
42119.64
42115.387
42111.13
42106.875
42102.625
42098.375
42094.12
42089.87
42085.613
42081.36
42077.105
42072.85
42068.6
42064.34
42060.08
42055.82
42051.566
42047.31
42043.05
42038.79
42034.535
42030.273
42026.016
42021.76
42017.504
42013.24
42008.98
42004.72
42000.45
41996.19
41991.93
41987.66
41983.406
41979.145
41974.88
41970.62
41966.36
41962.1
41957.83
41953.574
41949.31
41945.05
41940.785
41936.51
41932.246
41927.98
41923.715
41919.445
41915.17
41910.91
41906.64
41902.37
41898.105
41893.84
41889.57
41885.3
41881.035
41876.77
41872.504
41868.24
41863.97
41859.695
41855.426
41851.16
41846.895
41842.625
41838.355
41834.086
41829.81
41825.54
41821.273
41817.004
41812.727
41808.453
41804.176
41799.9
41795.625
41791.35
41787.074
41782.8
41778.523
41774.246
41769.97
41765.695
41761.42
41757.15
41752.87
41748.594
41744.316
41740.04
41735.766
41731.49
41727.215
41722.94
41718.66
41714.38
41710.105
41705.83
41701.555
41697.28
41693.0
41688.72
41684.44
41680.16
41675.875
41671.594
41667.316
41663.023
41658.734
41654.453
41650.164
41645.86
41641.547
41637.242
41632.93
41628.625
41624.316
41620.004
41615.7
41611.387
41607.08
41602.766
41598.453
41594.145
41589.836
41585.523
41581.215
41576.9
41572.586
41568.27
41563.96
41559.645
41555.332
41551.016
41546.7
41542.387
41538.07
41533.76
41529.445
41525.137
41520.81
41516.496
41512.184
41507.87
41503.56
41499.24
41494.926
41490.61
41486.293
41481.977
41477.66
41473.344
41469.03
41464.71
41460.395
41456.08
41451.76
41447.44
41443.125
41438.805
41434.48
41430.16
41425.84
41421.516
41417.195
41412.875
41408.54
41404.215
41399.89
41395.566
41391.24
41386.906
41382.574
41378.246
41373.914
41369.586
41365.25
41360.92
41356.594
41352.26
41347.934
41343.594
41339.26
41334.93
41330.598
41326.266
41321.92
41317.586
41313.254
41308.92
41304.586
41300.246
41295.91
41291.574
41287.24
41282.906
41278.56
41274.227
41269.87
41265.51
41261.156
41256.797
41252.44
41248.082
41243.727
41239.363
41235.01
41230.65
41226.29
41221.934
41217.574
41213.203
41208.84
41204.477
41200.117
41195.75
41191.387
41187.008
41182.625
41178.246
41173.86
41169.465
41165.08
41160.7
41156.312
41151.92
41147.535
41143.156
41138.76
41134.38
41129.99
41125.6
41121.215
41116.824
41112.41
41107.99
41103.574
41099.16
41094.746
41090.33
41085.906
41081.49
41077.066
41072.65
41068.23
41063.81
41059.39
41054.97
41050.54
41046.113
41041.684
41037.26
41032.836
41028.414
41023.99
41019.56
41015.137
41010.71
41006.285
41001.86
40997.426
40993.0
40988.574
40984.14
40979.71
40975.273
40970.844
40966.41
40961.984
40957.547
40953.1
40948.656
40944.22
40939.77
40935.33
40930.875
40926.43
40921.984
40917.54
40913.09
40908.64
40904.195
40899.746
40895.3
40890.848
40886.39
40881.94
40877.49
40873.04
40868.594
40864.137
40859.68
40855.23
40850.773
40846.316
40841.863
40837.406
40832.95
40828.496
40824.035
40819.574
40815.12
40810.66
40806.2
40801.73
40797.273
40792.816
40788.355
40783.89
40779.426
40774.965
40770.496
40766.04
40761.566
40757.1
40752.64
40748.17
40743.707
40739.242
40734.77
40730.3
40725.832
40721.36
40716.89
40712.414
40707.94
40703.47
40698.996
40694.516
40690.047
40685.566
40681.09
40676.61
40672.13
40667.645
40663.17
40658.69
40654.21
40649.727
40645.246
40640.766
40636.285
40631.805
40627.32
40622.83
40618.35
40613.863
40609.383
40604.9
40600.406
40595.926
40591.44
40586.94
40582.43
40577.92
40573.41
40568.906
40564.4
40559.887
40555.375
40550.87
40546.36
40541.844
40537.336
40532.824
40528.31
40523.8
40519.285
40514.766
40510.246
40505.73
40501.215
40496.7
40492.176
40487.664
40483.145
40478.63
40474.11
40469.586
40465.066
40460.547
40456.027
40451.504
40446.977
40442.46
40437.934
40433.414
40428.89
40424.36
40419.84
40415.316
40410.797
40406.27
40401.72
40397.176
40392.633
40388.09
40383.547
40379.0
40374.453
40369.914
40365.363
40360.824
40356.273
40351.73
40347.184
40342.637
40338.09
40333.54
40328.99
40324.445
40319.9
40315.348
40310.793
40306.24
40301.69
40297.145
40292.594
40288.02
40283.45
40278.88
40274.305
40269.74
40265.164
40260.586
40256.016
40251.44
40246.863
40242.285
40237.71
40233.137
40228.56
40223.984
40219.406
40214.824
40210.254
40205.676
40201.094
40196.51
40191.934
40187.344
40182.76
40178.17
40173.586
40168.996
40164.41
40159.82
40155.234
40150.645
40146.06
40141.47
40136.875
40132.285
40127.7
40123.11
40118.516
40113.926
40109.33
40104.74
40100.15
40095.555
40090.965
40086.37
40081.773
40077.184
40072.566
40067.95
40063.33
40058.71
40054.09
40049.47
40044.85
40040.227
40035.6
40030.977
40026.355
40021.727
40017.094
40012.465
40007.84
40003.22
39998.594
39993.953
39989.33
39984.7
39980.066
39975.434
39970.805
39966.17
39961.54
39956.9
39952.27
39947.63
39942.996
39938.36
39933.727
39929.086
39924.445
39919.81
39915.17
39910.53
39905.883
39901.24
39896.594
39891.945
39887.305
39882.652
39878.004
39873.36
39868.71
39864.06
39859.41
39854.766
39850.113
39845.465
39840.816
39836.156
39831.504
39826.844
39822.19
39817.54
39812.875
39808.215
39803.56
39798.9
39794.24
39789.58
39784.914
39780.254
39775.59
39770.93
39766.266
39761.6
39756.94
39752.273
39747.605
39742.94
39738.28
39733.613
39728.953
39724.29
39719.613
39714.95
39710.28
39705.61
39700.934
39696.254
39691.58
39686.906
39682.234
39677.56
39672.88
39668.2
39663.523
39658.844
39654.164
39649.48
39644.805
39640.117
39635.44
39630.76
39626.08
39621.4
39616.72
39612.035
39607.35
39602.66
39597.98
39593.29
39588.6
39583.914
39579.223
39574.535
39569.824
39565.1
39560.375
39555.64
39550.918
39546.19
39541.465
39536.734
39532.0
39527.273
39522.547
39517.816
39513.082
39508.355
39503.62
39498.89
39494.156
39489.42
39484.684
39479.95
39475.215
39470.477
39465.74
39461.0
39456.266
39451.53
39446.797
39442.05
39437.31
39432.562
39427.816
39423.05
39418.273
39413.504
39408.734
39403.97
39399.195
39394.42
39389.645
39384.87
39380.094
39375.316
39370.54
39365.76
39360.984
39356.207
39351.434
39346.65
39341.87
39337.094
39332.31
39327.523
