0.5019233
0.66414905
0.7937582
0.9049226
1.0038317
1.0938554
1.1770726
1.254876
1.3282545
1.3979417
1.4645016
1.5283806
1.5899394
1.6494757
1.7072395
1.7634438
1.8182713
1.8718811
1.9244124
1.9759879
2.0267162
2.0766935
2.1260061
2.1747303
2.2229345
2.2706792
2.3180187
2.365001
2.4116678
2.4580567
2.5041988
2.550121
2.5958464
2.6413922
2.6867714
2.7319925
2.7770598
2.821973
2.866727
2.911314
2.9557211
2.999934
3.043934
3.087702
3.1312165
3.1744552
3.2173953
3.2600143
3.3022895
3.3441994
3.3857226
3.4268398
3.467532
3.5077817
3.5475733
3.5868924
3.6257257
3.6640623
3.701892
3.7392063
3.775999
3.8122647
3.8479993
3.8832006
3.9178674
3.952
3.9855993
4.018668
4.051211
4.083231
4.114734
4.145727
4.176217
4.206211
4.2357183
4.2647476
4.2933073
4.3214087
4.3490605
4.376274
4.403059
4.429427
4.4553885
4.4809537
4.506134
4.53094
4.5553823
4.5794716
4.6032186
4.6266327
4.6497245
4.6725035
4.6949797
4.7171617
4.7390594
4.76068
4.782034
4.8031273
4.8239694
4.844567
4.864927
4.8850565
4.904962
4.9246497
4.9441257
4.9633956
4.982465
5.0013375
5.0200195
5.038515
5.056828
5.0749626
5.092923
5.110712
5.1283336
5.145791
5.163087
5.180224
5.1972055
5.214033
5.2307105
5.2472386
5.26362
5.2798567
5.295951
5.3119044
5.327719
5.3433967
5.358938
5.3743463
5.3896213
5.404766
5.4197807
5.434668
5.4494286
5.464064
5.478576
5.4929657
5.507234
5.5213833
5.535414
5.5493283
5.5631266
5.576811
5.5903826
5.6038423
5.617192
5.630433
5.643566
5.6565933
5.6695156
5.682334
5.6950502
5.7076654
5.720181
5.7325983
5.744918
5.757142
5.769271
5.7813063
5.793249
5.8051014
5.816863
5.828536
5.8401217
5.8516207
5.863034
5.8743625
5.8856077
5.8967705
5.9078526
5.918854
5.929776
5.9406195
5.9513855
5.962075
5.972689
5.9832287
5.9936934
6.004086
6.014406
6.024655
6.034833
6.044941
6.0549803
6.0649514
6.0748544
6.084691
6.0944614
6.104166
6.1138062
6.1233826
6.132895
6.1423454
6.151733
6.1610594
6.170325
6.17953
6.188676
6.1977625
