# columns = ['i', 'j', 'weight', 'delay']
0 0 -638.793457031250000000 1.000
0 1 -722.256713867187500000 1.000
0 3 -592.625244140625000000 1.000
0 4 -717.697082519531250000 1.000
0 5 -716.949523925781250000 1.000
0 6 -585.760925292968750000 1.000
0 7 -531.766479492187500000 1.000
0 9 -510.275115966796875000 1.000
1 2 -404.236358642578125000 1.000
1 8 -586.231445312500000000 1.000
2 2 -617.374633789062500000 1.000
2 8 -785.390625000000000000 1.000
3 0 -666.372985839843750000 1.000
3 1 -562.835083007812500000 1.000
3 3 -600.600830078125000000 1.000
3 4 -671.640686035156250000 1.000
3 5 -642.588562011718750000 1.000
3 6 -617.489929199218750000 1.000
3 7 -503.012176513671875000 1.000
3 9 -546.388000488281250000 1.000
4 2 -435.744049072265625000 1.000
4 8 -587.794067382812500000 1.000
5 2 -391.734588623046875000 1.000
5 8 -764.329162597656250000 1.000
6 0 -644.623657226562500000 1.000
6 1 -542.341979980468750000 1.000
6 3 -489.375030517578125000 1.000
6 4 -545.657714843750000000 1.000
6 5 -580.892456054687500000 1.000
6 6 -623.899353027343750000 1.000
6 7 -610.160217285156250000 1.000
6 9 -582.244201660156250000 1.000
7 0 -612.109436035156250000 1.000
7 1 -537.201660156250000000 1.000
7 3 -597.089782714843750000 1.000
7 4 -533.131958007812500000 1.000
7 5 -616.938781738281250000 1.000
7 6 -604.890075683593750000 1.000
7 7 -600.608581542968750000 1.000
7 9 -572.508544921875000000 1.000
8 0 -459.089691162109375000 1.000
8 1 -534.479003906250000000 1.000
8 3 -538.812011718750000000 1.000
8 4 -494.711578369140625000 1.000
8 5 -577.800842285156250000 1.000
8 6 -656.452453613281250000 1.000
8 7 -619.739624023437500000 1.000
8 9 -614.625976562500000000 1.000
9 0 -577.510070800781250000 1.000
9 1 -552.410644531250000000 1.000
9 3 -646.875366210937500000 1.000
9 4 -582.370544433593750000 1.000
9 5 -621.369018554687500000 1.000
9 6 -665.017333984375000000 1.000
9 7 -511.472808837890625000 1.000
9 9 -563.959472656250000000 1.000
