# columns = ['i', 'j', 'weight', 'delay']
0 1 -501.068603515625000000 1.000
0 4 -512.688720703125000000 1.000
0 5 -506.244354248046875000 1.000
1 1 -397.661132812500000000 1.000
1 4 -450.986114501953125000 1.000
1 5 -401.172912597656250000 1.000
2 0 -42.908638000488281250 1.000
2 2 -313.815612792968750000 1.000
2 3 -331.683135986328125000 1.000
2 6 -349.953918457031250000 1.000
2 7 -272.790283203125000000 1.000
2 8 -339.221130371093750000 1.000
2 9 -361.521392822265625000 1.000
3 1 -360.126617431640625000 1.000
3 4 -484.095458984375000000 1.000
3 5 -449.506195068359375000 1.000
4 1 -425.543548583984375000 1.000
4 4 -439.432128906250000000 1.000
4 5 -405.455841064453125000 1.000
5 1 -412.834655761718750000 1.000
5 4 -494.549407958984375000 1.000
5 5 -399.338378906250000000 1.000
6 1 -361.362548828125000000 1.000
6 4 -383.696716308593750000 1.000
6 5 -408.532165527343750000 1.000
7 1 -325.843444824218750000 1.000
7 4 -342.188140869140625000 1.000
7 5 -415.970520019531250000 1.000
8 0 -190.901855468750000000 1.000
8 2 -468.146911621093750000 1.000
8 3 -378.943725585937500000 1.000
8 6 -453.512115478515625000 1.000
8 7 -436.030029296875000000 1.000
8 8 -365.141235351562500000 1.000
8 9 -440.027618408203125000 1.000
9 1 -368.591705322265625000 1.000
9 4 -412.387603759765625000 1.000
9 5 -448.208679199218750000 1.000
