# columns = ['i', 'j', 'weight', 'delay']
0 0 161.808990478515625000 1.000
0 2 377.049255371093750000 1.000
0 3 448.023956298828125000 1.000
0 6 440.942504882812500000 1.000
0 7 409.590332031250000000 1.000
0 8 439.037994384765625000 1.000
0 9 505.346771240234375000 1.000
1 0 146.045593261718750000 1.000
1 2 407.382629394531250000 1.000
1 3 384.180908203125000000 1.000
1 6 431.953430175781250000 1.000
1 7 394.163970947265625000 1.000
1 8 437.303344726562500000 1.000
1 9 403.596832275390625000 1.000
2 1 148.198822021484375000 1.000
2 4 205.472213745117187500 1.000
2 5 186.678817749023437500 1.000
3 0 80.256820678710937500 1.000
3 2 339.565338134765625000 1.000
3 3 392.576354980468750000 1.000
3 6 389.262573242187500000 1.000
3 7 431.391113281250000000 1.000
3 8 395.139801025390625000 1.000
3 9 440.247314453125000000 1.000
4 0 91.738426208496093750 1.000
4 2 331.541381835937500000 1.000
4 3 405.324127197265625000 1.000
4 6 393.570190429687500000 1.000
4 7 398.532012939453125000 1.000
4 8 392.450317382812500000 1.000
4 9 430.933898925781250000 1.000
5 0 193.902679443359375000 1.000
5 2 489.172302246093750000 1.000
5 3 419.964294433593750000 1.000
5 6 460.484191894531250000 1.000
5 7 407.189941406250000000 1.000
5 8 325.641815185546875000 1.000
5 9 471.587585449218750000 1.000
6 0 113.419357299804687500 1.000
6 2 375.446258544921875000 1.000
6 3 510.701721191406250000 1.000
6 6 396.959442138671875000 1.000
6 7 345.168365478515625000 1.000
6 8 502.037048339843750000 1.000
6 9 413.689270019531250000 1.000
7 0 95.336997985839843750 1.000
7 2 385.841278076171875000 1.000
7 3 364.732391357421875000 1.000
7 6 377.317687988281250000 1.000
7 7 292.288574218750000000 1.000
7 8 390.074035644531250000 1.000
7 9 387.348968505859375000 1.000
8 1 298.264129638671875000 1.000
8 4 349.657470703125000000 1.000
8 5 261.481018066406250000 1.000
9 0 132.598693847656250000 1.000
9 2 308.881988525390625000 1.000
9 3 313.981719970703125000 1.000
9 6 313.741882324218750000 1.000
9 7 400.260833740234375000 1.000
9 8 433.005584716796875000 1.000
9 9 397.276336669921875000 1.000
