1233694200000.0
924520.6
275398.84
168440.72
88745.33
109896.68
98400.88
90870.57
85570.04
81638.17
78603.16
76186.6
74214.45
72572.8
71184.21
69994.18
68963.31
68062.47
67269.58
66567.48
65942.78
65384.684
64884.41
64434.77
64029.695
63664.09
63333.62
63034.5
62763.51
62517.78
62294.785
62092.336
61908.43
61741.35
61589.523
61451.49
61325.984
61211.89
61108.12
61013.78
60928.035
60850.05
60779.09
60714.586
60655.98
60602.695
60554.22
60510.19
60470.15
60433.797
60400.727
60370.69
60343.42
60318.65
60296.156
60275.72
60257.16
60240.297
60224.98
60211.113
60198.49
60187.016
60176.64
60167.195
60158.613
60150.855
60143.83
60137.43
60131.64
60126.387
60121.625
60117.28
60113.355
60109.78
60106.58
60103.61
60100.977
60098.56
60096.4
60094.41
60092.637
60091.023
60089.547
60088.176
60086.96
60085.87
60084.863
60083.92
60083.04
60082.27
60081.58
60080.945
60080.375
60079.844
60079.387
60078.92
60078.5
60078.12
60077.78
60077.46
60077.15
60076.87
60076.65
60076.44
60076.26
60076.06
60075.88
60075.734
60075.59
60075.44
60075.29
60075.17
60075.074
60074.926
60074.84
60074.71
60074.63
60074.574
60074.47
60074.4
60074.36
60074.273
60074.22
60074.16
60074.09
60074.05
60073.97
60073.88
60073.84
60073.79
60073.74
60073.684
60073.62
60073.57
60073.55
60073.53
60073.44
60073.36
60073.297
60073.23
60073.15
60073.08
60073.0
60072.92
60072.836
60072.8
60072.77
60072.734
60072.71
60072.67
60072.62
60072.58
60072.53
60072.49
60072.45
60072.41
60072.36
60072.32
60072.28
60072.23
60072.19
60072.14
60072.1
60072.055
60072.02
60071.97
60071.93
60071.89
60071.844
60071.8
60071.76
60071.72
60071.676
60071.63
60071.58
60071.54
60071.5
60071.46
60071.414
60071.37
60071.32
60071.273
60071.23
60071.184
60071.13
60071.09
60071.03
60070.99
60070.94
60070.895
60070.85
60070.79
60070.746
60070.695
60070.645
60070.59
60070.55
60070.49
60070.44
60070.395
