3.974699
3.7028227
3.4477384
3.210505
2.9921944
2.7938147
2.6163087
2.4605403
2.3272562
2.2170095
2.130044
2.066127
2.0243442
2.0028913
1.9989146
2.008495
2.0268943
2.0490794
2.070425
2.087335
2.097587
2.1003482
2.0959592
2.0855942
2.07092
2.0537906
2.0359843
2.0190125
2.0040007
1.99165
1.9822495
1.9757342
1.9717679
1.9698346
1.9693277
1.9696262
1.9701513
1.970407
1.9700032
1.9686618
1.9662137
1.9625864
1.9577838
1.9518671
1.9449272
1.9370664
1.9283762
1.9189198
1.9087207
1.897755
1.8859506
1.8731897
1.8593166
1.8441494
1.8274955
1.8091631
1.7889817
1.7668164
1.7425864
1.7162838
1.6879925
1.657908
1.626356
1.5938101
1.5608996
1.5284061
1.4972224
1.4682451
1.4421482
1.4190222
1.398012
1.3773714
1.355272
1.3310217
1.3058851
1.2825974
1.2620807
1.2395928
1.2102374
1.1740713
1.1337174
1.0914999
1.048469
1.0049559
0.9614037
0.91863024
0.87766236
0.83948755
0.80483764
0.77400386
0.74675906
0.72255135
0.701015
0.68242234
0.66749644
0.6565361
0.6486207
0.6418294
0.63440967
0.62568283
0.61581784
0.60510796
0.5938173
0.58248293
0.5718085
0.5621249
0.5531246
0.54421043
0.535062
0.52586997
0.51713127
0.509258
0.50232905
0.49614868
0.49048114
0.48514324
0.47993037
0.47466466
0.46937644
0.46429914
0.4595949
0.4551664
0.4507758
0.4462807
0.44170594
0.43714124
0.43265244
0.42829263
0.4241077
0.42008334
0.41613066
0.4121849
0.40828657
0.40452695
0.40094525
0.39751297
0.39418864
0.39094412
0.38775754
0.38461918
0.38154876
0.37857473
0.37569207
0.37286264
0.37005615
0.36727506
0.36453465
0.36184266
0.35920364
0.35661668
0.35407132
0.35155362
0.34906712
0.34662575
0.34423685
0.34189406
0.33958808
0.33731437
0.33507118
0.3328579
0.3306786
0.32853287
0.3264138
0.3243133
0.3222303
0.32016814
0.31812704
0.31610554
0.31410205
0.3121128
0.3101365
0.3081736
0.30622584
0.30429062
0.30236435
0.3004445
0.29852962
0.29661876
0.29471
0.29280064
0.2908879
0.28896788
0.28703937
0.2851
0.28314632
0.28117427
0.27917993
0.2771604
0.27511162
0.2730291
0.27090803
0.26874232
0.26652652
0.2642535
0.2619173
0.25950912
0.25702068
0.25444302
0.25176656
0.24898085
