3.9746587
3.6968505
3.4251509
3.1601
2.9026458
2.6545517
2.4191723
2.2025871
2.015052
1.8724813
1.7964606
1.8078518
1.903131
2.02307
2.088748
2.0743744
2.0057623
1.9219153
1.8515923
1.8076661
1.7904713
1.7935914
1.8086749
1.8282243
1.8466866
1.860549
1.868031
1.8686861
1.8630588
1.8524132
1.8385153
1.8234363
1.809334
1.7981837
1.7914469
1.7897317
1.7925454
1.7983015
1.8047019
1.8094524
1.8110342
1.8091624
1.8047167
1.7992325
1.7942528
1.7908417
1.7893885
1.7896785
1.7911108
1.7929523
1.7945423
1.7954249
1.7954006
1.7945206
1.7930292
1.7912805
1.7896445
1.788412
1.7877277
1.7875609
1.7877262
1.7879512
1.7879692
1.7876034
1.7868087
1.7856672
1.7843343
1.782972
1.7816913
1.7805214
1.7794142
1.7782677
1.7769619
1.7753931
1.7734921
1.7712309
1.7686169
1.7656751
1.7624295
1.7588859
1.7550231
1.7507935
1.7461288
1.7409533
1.7351958
1.7287967
1.7217076
1.7138883
1.7052997
1.695898
1.6856333
1.674454
1.6623105
1.6491688
1.6350142
1.6198583
1.6037437
1.586745
1.5689638
1.5505276
1.5315827
1.5122852
1.4927967
1.4732718
1.4538555
1.4346775
1.4158525
1.3974832
1.3796618
1.3624728
1.3459854
1.3302529
1.315307
1.3011593
1.287806
1.2752333
1.2634237
1.2523582
1.242018
1.232384
1.2234354
1.2151504
1.207505
1.200475
1.1940341
1.1881535
1.1828003
1.1779369
1.1735249
1.1695281
1.1659149
1.1626534
1.1597124
1.1570581
1.1546609
1.1524956
1.1505404
1.1487731
1.1471726
1.1457219
1.1444073
1.1432155
1.1421325
1.1411439
1.1402404
1.1394122
1.1386482
1.1379399
1.137281
1.1366665
1.1360898
1.1355467
1.1350334
1.134547
1.1340835
1.1336398
1.1332153
1.1328061
1.1324098
1.1320255
1.1316512
1.1312835
1.1309226
1.1305659
1.1302128
1.1298612
1.129511
1.1291602
1.128808
1.1284535
1.1280953
1.127732
1.1273627
1.1269861
1.1266004
1.1262045
1.1257961
1.1253743
1.124937
1.1244823
1.1240079
1.123512
1.122992
1.1224463
1.1218715
1.1212661
1.1206268
1.1199512
1.119238
1.1184841
1.1176898
1.1168536
1.1159768
1.115061
1.1141112
1.113133
1.1121359
1.1111323
1.1101369
1.1091671
