# columns = ['i', 'j', 'weight', 'delay']
0 2 535.867065429687500000 1.000
0 8 648.115112304687500000 1.000
1 0 680.969543457031250000 1.000
1 1 661.495422363281250000 1.000
1 3 656.781921386718750000 1.000
1 4 624.211914062500000000 1.000
1 5 683.521606445312500000 1.000
1 6 751.456115722656250000 1.000
1 7 661.681701660156250000 1.000
1 9 672.332092285156250000 1.000
2 0 873.598632812500000000 1.000
2 1 694.395385742187500000 1.000
2 3 682.239135742187500000 1.000
2 4 726.358764648437500000 1.000
2 5 724.736328125000000000 1.000
2 6 641.867065429687500000 1.000
2 7 628.690551757812500000 1.000
2 9 616.806640625000000000 1.000
3 2 468.943237304687500000 1.000
3 8 592.820556640625000000 1.000
4 0 579.593933105468750000 1.000
4 1 605.879089355468750000 1.000
4 3 631.770385742187500000 1.000
4 4 605.526489257812500000 1.000
4 5 649.428771972656250000 1.000
4 6 670.335571289062500000 1.000
4 7 635.732727050781250000 1.000
4 9 656.569702148437500000 1.000
5 0 715.031799316406250000 1.000
5 1 691.349548339843750000 1.000
5 3 685.624572753906250000 1.000
5 4 625.500610351562500000 1.000
5 5 727.488464355468750000 1.000
5 6 761.647338867187500000 1.000
5 7 649.571044921875000000 1.000
5 9 728.881408691406250000 1.000
6 2 470.955505371093750000 1.000
6 8 623.856750488281250000 1.000
7 2 566.305053710937500000 1.000
7 8 547.728149414062500000 1.000
8 2 317.713775634765625000 1.000
8 8 446.741210937500000000 1.000
9 2 426.268524169921875000 1.000
9 8 629.080322265625000000 1.000
