0.9879944
0.9469856
0.9760325
0.9586463
0.9415904
0.9472083
0.9575081
0.95489395
0.94521534
0.9406985
0.9445261
0.94933504
0.9483593
0.9433001
0.9399873
0.94108176
0.94386184
0.94426835
0.9416685
0.9387668
0.9380305
0.93905056
0.9394285
0.9378182
0.93525046
0.9335097
0.93296325
0.93232805
0.93035614
0.92720926
0.92398244
0.92124975
0.9184676
0.9148273
0.9103217
0.9056868
0.90146977
0.89750844
0.89344037
0.889502
0.88652706
0.8851326
0.88510394
0.8857203
0.88647217
0.88708806
0.8871665
0.8863057
0.88456404
0.882446
0.8803915
0.87849724
0.87676847
0.8753458
0.87434685
0.873656
0.87302995
0.87233937
0.87157214
0.8706585
0.86946386
0.8679419
0.8661571
0.8641416
0.8618489
0.8592706
0.8564807
0.8535291
0.8503873
0.8470208
0.84340745
0.8394684
0.83507913
0.8301736
0.8247634
0.81887037
0.8125257
0.8058052
0.7987712
0.7914094
0.783677
0.7755738
0.7671807
0.7587265
0.75046635
0.742285
0.7337463
0.72461367
0.71484125
0.7043689
0.6932003
0.6816733
0.67035645
0.65951556
0.6489961
0.63853556
0.62785995
0.61658835
0.60450935
0.59189546
0.5792832
0.5669774
0.5549098
0.542758
0.529939
0.51624584
0.50214094
0.48802286
0.47394347
0.45959353
0.44445068
0.42846948
0.41208428
0.39604774
0.38197148
0.36922836
0.34869245
0.33331782
0.32091212
0.30182514
0.28966147
0.27594352
0.25903377
0.24850312
0.23471013
0.22064269
0.2112886
0.19868167
0.18587276
0.17700988
0.16592665
0.15353228
0.14439556
0.13495632
0.12373865
0.11479362
0.1076711
0.09930843
0.091050684
0.084897526
0.07955338
0.073359326
0.06678452
0.06124181
0.056965597
0.053391464
0.05011767
0.04671907
0.04305792
0.039189972
0.035554364
0.032372676
0.029706392
0.027577367
0.0262122
0.02628949
0.028355196
0.0296201
0.023691729
0.015952222
0.017104942
0.020162968
0.015416523
0.010851348
0.013430411
0.014026139
0.009397187
0.0083986595
0.01071256
0.009002076
0.0060304846
0.007025786
0.007847681
0.005560882
0.004515678
0.005747498
0.0054097236
0.0036576034
0.0035700272
0.004378757
0.003760694
0.0026268517
0.002749585
0.0032860185
0.0028503905
0.002064082
0.0020597677
0.0024563896
0.002314575
0.001756303
0.0015500893
0.0017873464
0.0018958795
0.001617612
0.001304108
0.0012924379
0.0014522808
0.0014651503
0.0012694453
0.0010754587
