0.08169433
0.20008475
0.077830076
0.09705486
0.13369127
0.13921596
0.11769965
0.090582594
0.073443845
0.087040424
0.10787304
0.10117635
0.08053454
0.07308268
0.0811235
0.08867428
0.092167854
0.09004607
0.084020585
0.07742514
0.07260262
0.07883211
0.08486225
0.08225115
0.07502701
0.07220376
0.0759307
0.07861804
0.078956
0.0774184
0.072874956
0.07173472
0.074396126
0.07610916
0.07428695
0.07146733
0.07112942
0.072835445
0.07344365
0.07204302
0.07035564
0.07035054
0.07138209
0.07144418
0.07028386
0.06946814
0.069749154
0.0702278
0.0700562
0.06939076
0.06898923
0.06918064
0.06948035
0.06935036
0.06894493
0.06875847
0.06890363
0.06905992
0.068964705
0.06872292
0.06860851
0.06868644
0.068756886
0.068661824
0.0684916
0.06841952
0.06845501
0.068462744
0.068368696
0.06824819
0.06820137
0.068213366
0.06819287
0.06811319
0.06803983
0.06802169
0.06802431
0.06799347
0.067935266
0.0678968
0.067891166
0.06788272
0.06784735
0.0678061
0.06778535
0.06777593
0.06775294
0.06771569
0.06768428
0.067665555
0.06764477
0.06761211
0.067577094
0.067550376
0.067527376
0.067498155
0.067463875
0.06743315
0.06740724
0.067379534
0.06734732
0.067315355
0.067286976
0.06725904
0.067228094
0.06719567
0.06716508
0.06713568
0.06710469
0.06707196
0.06703974
0.06700868
0.066977076
0.066944025
0.06691081
0.06687841
0.06684598
0.06681264
0.06677887
0.066745505
0.06671228
0.06667849
0.06664414
0.0666099
0.06657579
0.06654126
0.06650623
0.06647109
0.06643594
0.06640058
0.066364825
0.06632891
0.066293016
0.06625701
0.06622063
0.06618425
0.06614788
0.066111416
0.06607488
0.066038296
0.066001795
0.06596533
0.06592885
0.06589237
0.06585607
0.0658198
0.065783635
0.065747604
0.06571164
0.0656759
0.06564027
0.06560486
0.06556956
0.0655345
0.06549965
0.065465
0.06543063
0.06539648
0.06536254
0.06532884
0.06529537
0.06526219
0.06522925
0.06519661
0.0651644
0.065132305
0.0651005
0.065068975
0.065037765
0.06500709
0.06497648
0.06494616
0.06491616
0.06488679
0.06485744
0.06482838
0.06479965
0.06477161
0.064743504
0.06471575
0.06468871
0.064661585
0.06463523
0.064608775
0.06458263
0.064557336
0.06453181
0.064507216
0.06448239
0.064458475
0.0644343
0.064411074
0.064387545
0.06436504
0.064342104
0.06432029
0.06429804
0.06427698
0.06425532
0.06423491
