25.09516
24.435349
23.956549
23.662483
23.543678
23.567005
23.668194
23.769533
23.819733
23.80813
23.750463
23.671349
23.593363
23.532019
23.494389
23.47985
23.48229
23.492819
23.50237
23.503645
23.492144
23.466396
23.427444
23.377954
23.321175
23.259987
23.196217
23.130245
23.061037
22.98648
22.90396
22.8109
22.705242
22.585518
22.450787
22.300293
22.133152
21.948175
21.743914
21.518988
21.272644
21.005434
20.719292
20.414982
20.09047
19.746185
19.387745
19.023678
18.662321
18.311037
17.976746
17.663662
17.367445
17.073154
16.764086
16.43279
16.081793
15.71645
15.340868
14.959195
14.576054
14.192597
13.802665
13.395283
12.962352
12.503823
12.026864
11.541672
11.0623045
10.59503
10.137464
9.697473
9.290802
8.926657
8.594604
8.2605095
7.93296
7.675247
7.586681
7.730938
8.078419
8.51203
8.893488
9.055124
8.974541
8.566144
7.8312044
6.8979692
5.917447
5.1169596
4.5880346
4.2943363
4.0647774
3.7953773
3.490779
3.2042024
2.9646983
2.7580836
2.552065
2.334868
2.126018
1.9502715
1.8279239
1.7608759
1.7242503
1.7029295
1.6688644
1.6042104
1.5055187
1.344601
1.1427538
0.9178984
0.7059276
0.5432083
0.43817037
0.37856922
0.33833537
0.3003701
0.26256722
0.22899854
0.20871049
0.19980662
0.19674665
0.19400208
0.18542865
0.17229025
0.1581587
0.1443928
0.13405284
0.12595716
0.11983239
0.112465836
0.10459572
0.09486477
0.08615534
0.078055926
0.07243418
0.06933003
0.06703394
0.06437251
0.061118085
0.05693669
0.052576564
0.049646582
0.047882307
0.04677767
0.04632428
0.04596246
0.045384403
0.04535396
0.045421716
0.04551332
0.04534371
0.044845145
0.043609843
0.042309053
0.04122983
0.04048448
0.039939348
0.039602377
0.0393148
0.039328612
0.039235286
0.03921792
0.039631285
0.039968
0.040138565
0.040249348
0.04002787
0.03950043
0.038954556
0.0382078
0.037499897
0.037062194
0.036632836
0.036450744
0.036022563
0.035852365
0.03592122
0.03574487
0.035559744
0.035372503
0.035197288
0.03482632
0.03468954
0.03433941
0.034194935
0.034036234
0.033650137
0.03348975
0.03334531
0.033214934
0.033088587
0.032956284
0.03281526
0.03267052
0.03252985
0.032397695
0.032273125
0.032151815
