0.9913746
1.4484062
1.0192902
1.1958498
1.162232
0.994197
1.0119145
1.0735149
1.1002448
1.0708942
1.0202613
0.991308
0.99944246
1.0542223
1.0450011
0.9976601
0.99031883
1.0011582
1.0167314
1.0224422
1.0143144
1.0000588
0.9908236
0.9919535
0.99981284
1.0110527
0.99968904
0.9925647
0.9900334
0.9928536
0.9973102
0.99896884
0.9965154
0.99236846
0.99001634
0.99086094
0.99333596
0.99473476
0.9937667
0.99147373
0.98993146
0.99021584
0.9915723
0.99238867
0.9918321
0.9905121
0.98967254
0.98990095
0.99066365
0.99100095
0.99053377
0.9897453
0.98936266
0.9895859
0.989968
0.98997515
0.98955435
0.9891118
0.9890122
0.9891973
0.98931515
0.98914486
0.9888156
0.98860866
0.98862404
0.98869896
0.98863417
0.98842514
0.98823637
0.98818415
0.9882097
0.9881758
0.9880401
0.98788905
0.9878139
0.9878007
0.9877646
0.9876634
0.9875414
0.9874599
0.98741865
0.98736596
0.98727137
0.9871596
0.9870699
0.98700356
0.9869289
0.9868264
0.98671216
0.9866101
0.9865201
0.98642224
0.9863058
0.9861827
0.9860672
0.9859564
0.9858369
0.9857042
0.9855668
0.98543787
0.9853132
0.9851745
0.985025
0.9848714
0.9847264
0.9845801
0.98443604
0.9843009
0.9841694
0.98403466
0.98388296
0.9837415
0.9836047
0.9834733
0.98334074
0.98321706
0.9830844
0.98293495
0.9827679
0.98259056
0.9824042
0.9821978
0.9819796
0.98173666
0.98146665
0.9811856
0.980904
0.9806259
0.9803509
0.98008454
0.9798245
0.9795703
0.9793164
0.9790619
0.9788052
0.97854453
0.97828126
0.978019
0.9777606
0.97750986
0.9772704
0.9770456
0.9768354
0.9766394
0.9764557
0.976282
0.9761147
0.9759512
0.97578984
0.9756302
0.9754728
0.97532034
0.97517484
0.9750377
0.9749098
0.9747905
0.9746776
0.97456867
0.974462
0.9743559
0.97425044
0.9741468
0.9740461
0.9739496
0.9738582
0.9737705
0.97368664
0.97360885
0.9735338
0.97346056
0.9733892
0.9733198
0.97325325
0.9731899
0.97313005
0.97307324
0.9730191
0.9729672
0.972917
0.9728688
0.97282314
0.97278
0.97273946
0.9727012
0.9726647
0.97262937
0.9725949
0.9725615
0.9725291
0.972498
0.9724681
0.9724392
0.97241163
0.972385
0.97235954
0.9723356
0.9723133
0.97229266
0.9722737
0.97225636
