6.497156
7.5189304
6.54988
6.8937087
6.827482
6.489814
6.538379
6.6833
6.7279043
6.640126
6.5239654
6.4811487
6.525309
6.6414547
6.571158
6.49021
6.486251
6.5286765
6.5673647
6.5651
6.527253
6.4885645
6.4783583
6.4969215
6.5200157
6.523813
6.5055275
6.4821386
6.472233
6.4792967
6.490781
6.491992
6.480033
6.4646025
6.456933
6.4588914
6.462342
6.4581523
6.4450655
6.4295645
6.4179106
6.409604
6.3989706
6.3820477
6.3607593
6.3400526
6.3215275
6.3010626
6.273754
6.240574
6.2077713
6.179673
6.154928
6.133178
6.1166587
6.100746
6.0779643
6.0506115
6.026651
6.009095
5.9941916
5.978836
5.962594
5.94245
5.9168863
5.889193
5.861053
5.832079
5.805077
5.7814755
5.758316
5.734398
5.708616
5.6804767
5.6534595
5.6275787
5.6024523
5.5765786
5.5487676
5.5190086
5.4885006
5.4574723
5.4271994
5.396049
5.363069
5.329423
5.296732
5.264353
5.2306194
5.195509
5.162791
5.158255
5.1766295
5.075228
5.0816627
5.0281334
4.996025
4.98443
4.923253
4.933943
4.8609633
4.8668046
4.8150935
4.787932
4.77441
4.7148867
4.7118526
4.673002
4.6276555
4.623607
4.5828805
4.537727
4.5302634
4.506342
4.455051
4.426742
4.418806
4.3948894
4.3509817
4.3103867
4.2888536
4.280299
4.273536
4.2574472
4.210549
4.1558337
4.1229444
4.115551
4.1216493
4.1188774
4.086164
4.018998
3.9736638
3.9701962
3.983557
3.9817576
3.9331918
3.870757
3.8406534
3.8465438
3.861005
3.8484128
3.8008902
3.7433193
3.7166336
3.7212636
3.734771
3.736053
3.7008605
3.6451383
3.6021495
3.5909624
3.6017234
3.6164393
3.6198378
3.587769
3.532246
3.4841967
3.4681993
3.4780312
3.4966848
3.5098479
3.4921727
3.443965
3.3865948
3.3560224
3.357458
3.3762681
3.3978453
3.399974
3.372253
3.3148658
3.2650092
3.245992
3.2549503
3.2777116
3.297534
3.301672
3.2691507
3.2139037
3.1637878
3.1440177
3.1523466
3.1745648
3.1990807
3.2070513
3.1887066
3.1371646
3.082305
3.0506444
3.0493042
3.0678601
3.0927062
3.1145737
3.1138847
3.0851507
3.029695
2.9792373
2.9550726
2.9587123
