6.436707
6.4389415
6.4411607
6.443365
6.445554
6.4477267
6.449884
6.452025
6.4541497
6.456258
6.4583488
6.4604225
6.462479
6.4645166
6.4665365
6.468537
6.470518
6.47248
6.474421
6.4763417
6.4782414
6.480119
6.481976
6.4838104
6.4856224
6.4874115
6.4891777
6.490921
6.492641
6.4943366
6.4960093
6.4976583
6.4992833
6.5008836
6.5024605
6.5040135
6.5055423
6.507048
6.50853
6.509989
6.5114245
6.512838
6.5142283
6.5155973
6.5169444
6.5182705
6.519576
6.520861
6.522126
6.5233717
6.524598
6.525806
6.5269957
6.5281672
6.529321
6.530458
6.531578
6.5326815
6.533769
6.5348406
6.5358963
6.5369368
6.5379624
6.538973
6.5399685
6.54095
6.5419164
6.5428686
6.543807
6.544731
6.545641
6.546537
6.5474186
6.5482864
6.5491405
6.549981
6.550808
6.5516205
6.552419
6.553205
6.553977
6.5547357
6.5554805
6.556213
6.556931
6.557636
6.5583277
6.5590067
6.559673
6.560326
6.5609665
6.5615945
6.56221
6.5628138
6.5634046
6.563984
6.564552
6.565108
6.565653
6.566187
6.56671
6.5672226
6.567724
6.5682163
6.568698
6.56917
6.5696325
6.570086
6.5705295
6.5709643
6.5713906
6.571808
6.5722165
6.5726166
6.573008
6.573392
6.5737677
6.5741353
6.5744953
6.574847
6.575192
6.5755286
6.5758576
6.5761795
6.576494
6.5768013
6.577101
6.577394
6.577679
6.577958
6.57823
6.578494
6.578752
6.5790033
6.5792475
6.5794854
6.579716
6.5799413
6.5801597
6.5803723
6.5805783
6.5807786
6.5809727
6.5811605
6.581343
6.5815196
6.5816913
6.5818567
6.5820165
6.5821714
6.5823207
6.582465
6.582604
6.582738
6.582867
6.582991
6.5831103
6.5832253
6.583335
6.58344
6.583541
6.583637
6.583729
6.583816
6.583899
6.5839777
6.584052
6.5841227
6.584189
6.5842514
6.5843096
6.584364
6.584415
6.5844617
6.5845046
6.584544
6.58458
6.584612
6.584641
6.584666
6.584688
6.584707
6.584722
6.584734
6.5847425
6.5847487
6.5847516
6.584751
6.584748
6.584741
6.5847325
6.5847206
6.584706
6.584688
6.584668
6.5846453
6.5846195
6.5845914
6.584561
6.584528
6.5844927
6.5844545
6.5844145
6.5843716
6.5843263
6.584279
6.58423
6.5841784
6.5841246
6.584069
6.5840106
6.583951
6.583889
6.583825
6.5837593
6.5836916
6.5836225
6.5835505
6.5834775
6.5834026
6.5833263
6.583248
6.5831676
6.583086
6.583003
6.5829177
6.5828314
6.5827436
6.5826545
6.5825634
6.582471
6.582377
6.582282
6.5821853
6.5820875
6.5819883
6.5818877
6.581786
6.581683
6.5815787
6.5814734
6.581367
6.5812597
6.5811505
6.581041
6.5809293
6.580817
6.5807037
6.5805902
6.580475
6.580358
6.580241
6.580123
6.580004
6.579884
6.579763
6.5796413
6.579519
6.5793953
6.5792713
6.579146
6.5790195
6.578893
6.578766
6.5786376
6.5785084
6.578379
6.5782485
6.5781174
6.577986
6.5778537
6.57772
6.5775867
6.577452
6.577317
6.577182
6.577046
6.576909
6.5767717
6.576634
6.5764956
6.576357
6.576217
6.5760775
6.5759373
6.5757966
6.5756555
6.5755134
6.5753713
6.5752287
6.5750856
6.574942
6.574798
6.574654
6.574509
6.574364
6.5742183
6.574073
6.5739264
6.5737796
6.573633
6.5734854
6.573338
6.5731907
6.573042
6.572893
6.5727444
6.572595
6.5724454
6.5722957
6.572146
6.5719953
6.5718446
6.571694
6.5715427
6.5713916
6.5712404
6.5710883
6.570936
6.570784
6.570632
6.570479
6.5703263
6.5701733
6.5700197
6.569866
6.569713
6.569559
6.569405
6.5692506
6.5690966
6.568942
6.568787
6.568632
6.568477
6.568322
6.5681667
6.5680113
6.5678563
6.5677004
6.5675445
6.5673885
6.567232
6.567076
6.56692
6.5667634
6.5666065
6.56645
6.5662932
6.5661364
6.5659795
6.5658226
6.5656652
6.565508
6.5653505
6.565193
6.5650353
6.564878
6.56472
6.5645623
6.5644045
6.5642467
6.5640883
6.5639305
6.563772
6.563614
6.563456
6.5632973
6.563139
6.5629807
6.5628223
6.5626636
6.562505
6.5623465
6.5621877
6.562029
6.56187
6.5617113
6.561552
6.5613933
6.5612345
6.561075
6.560916
6.560757
6.560598
6.5604386
6.56028
6.5601206
6.559961
6.5598016
6.559642
6.5594826
6.5593233
6.559164
6.559005
6.5588455
6.558686
6.558526
6.558367
6.558207
6.5580473
6.557888
6.5577283
6.557569
6.5574093
6.557249
6.5570893
6.5569296
6.55677
6.5566106
6.556451
6.556291
6.5561314
6.5559716
6.555812
6.555652
6.5554924
6.555332
6.5551724
6.5550127
6.5548525
6.5546927
6.5545325
6.554373
6.554213
6.5540533
6.5538936
6.5537333
6.5535736
6.553414
6.553254
6.5530944
6.5529346
6.552775
6.552615
6.5524554
6.552295
6.552135
6.5519753
6.551815
6.5516553
6.551495
6.5513353
6.5511756
6.5510154
6.5508556
6.5506954
6.5505357
6.550376
6.550216
6.550056
6.5498962
6.5497365
6.5495768
6.549417
6.5492573
6.549097
6.548938
6.5487776
6.5486183
6.548458
6.548299
6.548139
6.5479794
6.5478196
6.54766
6.5475
6.5473404
6.547181
6.5470214
6.5468616
6.5467024
6.5465426
6.546383
6.546223
6.5460634
6.5459037
6.545744
6.5455837
6.5454245
6.5452642
6.5451045
6.544945
6.544785
6.5446253
6.5444655
6.544306
6.544146
6.543987
6.543827
6.5436673
6.5435076
6.543348
6.543188
6.5430284
6.5428686
6.5427094
6.5425496
6.54239
6.5422306
6.5420713
6.541911
6.541752
6.5415926
6.541433
6.5412736
6.541114
6.5409546
6.540795
6.5406356
6.5404763
6.5403166
6.5401573
6.539998
6.5398383
6.539679
6.53952
6.5393605
6.539201
6.5390415
6.5388823
6.538723
6.5385637
6.5384045
6.538245
6.538086
6.5379267
6.5377674
6.537608
6.537449
6.5372896
6.5371304
6.536971
6.536812
6.5366526
6.536494
6.5363345
6.5361753
6.5360165
6.535857
6.5356984
6.535539
6.53538
6.5352206
6.535062
6.534903
6.534744
6.534585
6.5344257
6.534267
6.5341077
6.533949
6.53379
6.533631
6.533472
6.5333133
6.533154
6.532995
6.5328364
6.5326777
6.532519
6.53236
6.5322013
6.532042
6.5318832
6.5317245
6.5315657
6.531407
6.531248
6.5310893
6.530931
6.5307717
6.5306134
6.5304546
6.530296
6.530137
6.5299783
6.52982
6.529661
6.5295024
6.529344
6.5291853
6.5290265
6.528868
6.5287094
6.5285506
6.5283923
6.5282335
6.528075
6.527917
6.527758
6.5276
6.527441
6.5272827
6.5271244
6.5269656
6.5268073
6.526649
6.52649
6.526332
6.5261736
6.5260153
6.525857
6.525698
6.5255404
6.525382
6.5252233
6.5250654
6.5249066
6.5247483
6.5245905
6.524432
6.524274
6.5241156
6.5239573
6.523799
6.5236406
6.5234823
6.5233245
6.523166
6.523008
6.5228496
6.5226917
6.522534
6.5223756
6.5222173
6.5220594
6.521901
6.5217433
6.521585
6.521427
6.521269
6.521111
6.5209527
6.520795
6.5206366
6.5204787
6.520321
6.520163
6.5200047
6.519847
6.519689
6.5195312
6.5193734
6.519215
6.5190578
6.5188994
6.518742
6.518584
6.518426
6.518268
6.5181103
6.517953
6.517795
6.5176373
6.5174794
6.5173216
6.5171638
6.517006
6.5168486
6.5166907
6.516533
6.516375
6.516217
6.51606
6.515902
6.5157447
6.515587
6.5154295
6.5152717
6.5151143
6.5149565
6.514799
6.5146413
6.514484
6.514326
6.5141687
6.5140114
6.5138535
6.5136967
6.513539
6.5133815
6.5132236
6.513067
6.512909
6.5127516
6.512594
6.512437
6.5122795
6.512122
6.511965
6.5118074
6.51165
6.5114927
6.5113354
6.511178
6.5110207
6.5108633
6.510706
6.5105486
6.5103917
6.5102344
6.510077
6.50992
6.509763
6.5096054
6.5094485
6.509291
6.509134
6.508977
6.5088196
6.5086627
6.5085053
6.5083485
6.508191
6.508034
6.507877
6.50772
6.507563
6.5074058
6.507249
6.507092
6.506935
6.506778
6.506621
6.506464
6.506307
6.50615
6.505993
6.505836
6.505679
6.5055227
6.5053654
6.5052085
6.5050516
6.5048947
6.5047383
6.5045815
6.5044246
6.5042677
6.504111
6.503954
6.503797
6.5036407
6.503484
6.503327
6.50317
6.5030136
6.5028567
6.5027
6.5025434
6.5023866
6.50223
6.5020733
6.501917
6.50176
6.5016036
6.5014467
6.5012903
6.501134
6.500977
6.5008206
6.500664
6.500508
6.500351
6.5001945
6.5000377
6.4998813
6.499725
6.4995685
6.499412
6.4992557
6.4990993
6.498943
6.4987864
6.4986296
6.4984736
6.4983172
6.498161
6.4980044
6.497848
6.4976916
6.4975357
6.4973793
6.497223
6.4970665
6.49691
6.496754
6.496598
6.4964414
6.496285
6.496129
6.4959726
6.4958167
6.4956603
6.4955044
6.495348
6.495192
6.4950356
6.4948797
6.494724
6.4945674
6.4944115
6.494255
6.494099
6.4939427
6.493787
6.493631
6.493475
6.4933186
6.4931626
6.4930067
6.492851
6.492695
6.492539
6.492383
6.492227
6.492071
6.491915
6.4917593
6.4916034
6.491448
6.4912915
6.491136
6.4909797
6.490824
6.4906683
6.4905124
6.4903564
6.490201
6.490045
6.489889
6.4897337
6.489578
6.489422
6.4892664
6.489111
6.488955
6.488799
6.4886436
6.4884877
6.4883323
6.488177
6.488021
6.4878654
6.4877095
6.487554
6.4873986
6.4872427
6.4870872
6.486932
6.4867764
6.486621
6.486465
6.4863095
6.486154
6.4859986
6.485843
6.4856877
6.4855323
6.485377
6.4852214
6.485066
6.4849105
6.484755
6.4845996
6.4844446
6.484289
6.4841337
6.4839783
6.483823
6.4836674
6.4835124
6.483357
6.4832015
6.4830465
6.482891
6.4827356
6.4825807
6.482425
6.4822702
6.482115
6.48196
6.4818044
6.4816494
6.481494
6.481339
6.481184
6.481029
6.4808736
6.4807186
6.4805636
6.480408
6.480253
6.4800982
6.4799433
6.479788
6.4796333
6.479478
6.479323
6.479168
6.479013
6.478858
6.478703
6.478548
6.478393
6.478238
6.4780836
6.4779286
6.477773
6.4776187
6.4774637
6.4773088
6.4771543
6.4769993
6.4768443
6.4766893
6.476535
6.47638
6.476225
6.4760704
6.4759154
6.475761
6.475606
6.4754515
6.4752965
6.475142
6.474987
6.4748325
6.4746776
6.474523
6.4743686
6.4742136
6.474059
6.4739046
6.47375
6.473595
6.4734406
6.473286
6.4731317
6.472977
6.4728227
6.472668
6.472513
6.4723587
6.4722047
6.4720497
6.471895
6.4717407
6.4715867
6.471432
6.4712777
6.471123
6.4709687
6.470814
6.47066
6.4705057
6.470351
6.470197
6.4700427
6.469888
6.4697337
6.4695797
6.469425
6.469271
6.4691167
6.468962
6.468808
6.4686537
6.4684997
6.4683456
6.468191
6.468037
6.4678826
6.4677286
6.4675746
6.4674206
6.467266
6.467112
6.466958
6.4668036
6.4666495
6.4664955
6.4663415
6.4661875
6.466033
6.4658794
6.4657254
6.4655714
6.4654174
6.4652634
6.4651093
6.4649553
6.4648013
6.4646473
6.4644933
6.4643397
6.4641857
6.4640317
6.4638777
6.4637237
6.46357
6.463416
6.463262
6.4631085
6.4629545
6.4628005
6.462647
6.462493
6.4623394
6.4621854
6.462032
6.461878
6.4617243
6.4615703
6.4614167
6.4612627
6.461109
6.4609556
6.4608016
6.460648
6.4604945
6.460341
6.460187
6.4600334
6.45988
6.4597263
6.459573
6.4594193
6.4592657
6.459112
6.4589586
6.4588046
6.458651
6.4584975
6.4583445
6.458191
6.4580374
6.457884
6.4577303
6.4575768
6.4574237
6.45727
6.4571166
6.4569635
6.4568095
6.4566565
6.456503
6.45635
6.4561963
6.456043
6.455889
6.455736
6.455583
6.4554296
6.4552765
6.455123
6.45497
6.454817
6.4546633
6.45451
6.4543567
6.4542036
6.4540505
6.4538975
6.453744
6.453591
6.453438
6.4532847
6.4531317
6.4529786
6.452825
6.452672
6.452519
6.452366
6.452213
6.4520597
6.4519067
6.4517536
6.4516006
6.4514475
6.4512944
6.4511414
6.450989
6.4508357
6.4506826
6.4505296
6.450377
6.4502234
6.450071
6.449918
6.449765
6.449612
6.449459
6.4493065
6.4491534
6.449001
6.448848
6.448695
6.448542
6.4483895
6.4482365
6.448084
6.447931
6.447778
6.4476256
6.4474726
6.44732
6.4471674
6.447015
6.446862
6.4467096
6.4465566
6.446404
6.4462514
6.446099
6.445946
6.445793
6.4456406
6.4454885
6.4453354
6.4451833
6.4450307
6.444878
6.4447255
6.444573
6.4444203
6.4442677
6.444115
6.443963
6.4438105
6.443658
6.4435053
6.4433527
6.4432006
6.4430485
6.442896
6.4427433
6.4425907
6.4424386
6.442286
6.442134
6.441982
6.441829
6.441677
6.4415245
6.4413724
6.44122
6.4410677
6.440915
6.440763
6.440611
6.440459
6.440306
6.440154
6.440002
6.43985
6.4396973
6.439545
6.4393935
6.439241
6.439089
6.4389367
6.4387846
6.4386325
6.4384804
6.4383283
6.438176
6.438024
6.437872
6.4377203
6.437568
6.437416
6.437264
6.437112
6.43696
6.436808
6.436656
6.436504
6.4363523
6.4362
6.4360485
6.4358964
6.435745
6.4355927
6.4354405
6.435289
6.435137
6.434985
6.434833
6.4346814
6.43453
6.4343777
6.434226
6.4340744
6.4339223
6.4337707
6.433619
6.4334674
6.4333153
6.4331636
6.433012
6.4328604
6.4327083
6.432557
6.432405
6.4322534
6.432102
6.43195
6.4317985
6.4316473
6.431495
6.4313436
6.4311924
6.431041
6.430889
6.4307375
6.430586
6.430434
6.430283
6.4301314
6.42998
6.4298286
6.429677
6.4295254
6.4293737
6.4292226
6.4290714
6.42892
6.4287686
6.428617
6.4284654
6.428314
6.428163
6.4280114
6.4278603
6.4277086
6.4275575
6.4274063
6.4272547
6.4271035
6.4269524
6.426801
6.4266496
6.4264984
6.4263473
6.426196
6.426045
6.4258933
6.425742
6.4255915
6.42544
6.4252887
6.4251375
6.4249864
6.4248357
6.4246845
6.4245334
6.424382
6.424231
6.42408
6.4239287
6.4237776
6.423627
6.4234757
6.4233246
6.423174
6.4230227
6.4228716
6.4227204
6.4225698
6.4224186
6.4222674
6.4221168
6.421966
6.421815
6.421664
6.421513
6.4213624
6.4212112
6.4210606
6.42091
6.4207587
6.420608
6.4204574
6.420306
6.4201555
6.420005
6.4198537
6.419703
6.4195523
6.4194016
6.419251
6.4191003
6.4189496
6.418799
6.4186482
6.4184976
6.418347
6.418196
6.4180455
6.417895
6.417744
6.4175935
6.417443
6.417292
6.4171414
6.4169908
6.4168406
6.41669
6.416539
6.4163885
6.4162383
6.4160876
6.415937
6.4157867
6.415636
6.415486
6.415335
6.415185
6.4150343
6.414884
6.4147334
6.414583
6.4144325
6.4142823
6.414132
6.4139814
6.413831
6.413681
6.4135303
6.41338
6.41323
6.4130797
6.4129295
6.412779
6.4126287
6.4124784
6.4123282
6.412178
6.412028
6.4118776
6.4117274
6.411577
6.411427
6.411277
6.4111266
6.4109764
6.410826
6.410676
6.4105263
6.410376
6.410226
6.4100757
6.4099255
6.4097753
6.4096255
6.4094753
6.4093256
6.4091754
6.409025
6.408875
6.4087253
6.408575
6.4084253
6.4082756
6.4081254
6.407975
6.4078255
6.4076757
6.4075255
6.407376
6.407226
6.407076
6.406926
6.406776
6.406626
6.4064765
6.406327
6.4061766
6.406027
6.405877
6.4057274
6.4055777
6.405428
6.405278
6.4051285
6.4049788
6.404829
6.4046793
6.4045296
6.40438
6.40423
6.4040804
6.4039307
6.403781
6.4036317
6.403482
6.403332
6.4031825
6.4030333
6.4028835
6.402734
6.402584
6.402435
6.402285
6.4021354
6.401986
6.401837
6.401687
6.4015374
6.401388
6.401239
6.401089
6.40094
6.40079
6.400641
6.400491
6.400342
6.4001923
6.400043
6.3998938
6.3997445
6.3995953
6.3994455
6.3992963
6.399147
6.398998
6.3988485
6.3986993
6.39855
6.3984003
6.398251
6.3981023
6.3979526
6.3978033
6.3976545
6.397505
6.397356
6.397207
6.3970575
6.3969083
6.3967595
6.39661
6.396461
6.3963118
6.3961625
6.3960137
6.3958645
6.395715
6.395566
6.395417
6.3952684
6.395119
6.39497
6.394821
6.394672
6.3945227
6.394374
6.394225
6.394076
6.393927
6.393778
6.393629
6.3934803
6.3933315
6.3931823
6.3930335
6.3928847
6.3927355
6.3925867
6.392438
6.392289
6.3921404
6.3919916
6.3918424
6.391694
6.3915453
6.391396
6.3912477
6.3910985
6.39095
6.390801
6.3906527
6.390504
6.390355
6.3902063
6.3900576
6.389909
6.3897605
6.3896117
6.389463
6.389314
6.389166
6.389017
6.388869
6.38872
6.3885713
6.3884225
6.388274
6.3881254
6.387977
6.3878284
6.38768
6.3875313
6.387383
6.3872347
6.387086
6.386937
6.386789
6.3866405
6.3864923
6.3863435
6.386195
6.386047
6.385898
6.3857503
6.3856015
6.385453
6.385305
6.3851566
6.3850083
6.38486
6.3847117
6.3845634
6.3844147
6.384267
6.3841186
6.3839703
6.383822
6.3836737
6.3835254
6.383377
6.3832293
6.383081
6.3829327
6.3827844
6.382636
6.382488
6.38234
6.3821917
6.3820434
6.3818955
6.3817472
6.381599
6.381451
6.381303
6.381155
6.381007
6.380859
6.3807106
6.380563
6.380415
6.3802667
6.380119
6.3799706
6.3798227
6.3796744
6.379527
6.379379
6.379231
6.379083
6.378935
6.378787
6.378639
6.3784914
6.3783436
6.378196
6.378048
6.3779
6.377752
6.377604
6.3774567
6.377309
6.377161
6.3770127
6.3768654
6.3767176
6.3765697
6.376422
6.3762746
6.376127
6.375979
6.375831
6.375684
6.375536
6.375388
6.3752403
6.375093
6.374945
6.3747973
6.37465
6.3745027
6.374355
6.374207
6.3740597
6.373912
6.3737645
6.373617
6.3734694
6.373322
6.373174
6.373027
6.3728795
6.3727317
6.3725843
6.372437
6.372289
6.372142
6.3719945
6.371847
6.3717
6.3715525
6.3714046
6.3712573
6.3711104
6.3709626
6.3708153
6.370668
6.3705206
6.3703732
6.370226
6.3700786
6.3699317
6.3697844
6.369637
6.3694897
6.3693423
6.369195
6.3690476
6.368901
6.3687534
6.3686066
6.368459
6.368312
6.3681645
6.3680177
6.3678703
6.3677235
6.367576
6.367429
6.367282
6.3671346
6.3669877
6.366841
6.3666935
6.3665466
6.3664
6.3662524
6.3661056
6.365958
6.3658113
6.3656645
6.365517
6.3653703
6.3652234
6.3650765
6.3649297
6.3647823
6.3646355
6.3644886
6.3643417
6.364195
6.364048
6.363901
6.3637543
6.3636074
6.3634605
6.363314
6.363167
6.36302
6.362873
6.3627267
6.36258
6.362433
6.362286
6.362139
6.361993
6.361846
6.361699
6.3615527
6.361406
6.361259
6.3611126
6.3609657
6.3608193
6.3606725
6.3605256
6.360379
6.360233
6.360086
6.3599396
6.3597927
6.3596463
6.3595
6.359353
6.3592067
6.3590603
6.3589134
6.358767
6.35862
6.358474
6.3583274
6.358181
6.3580346
6.357888
6.357742
6.3575954
6.3574486
6.357302
6.357156
6.3570094
6.356863
6.3567166
6.3565702
6.356424
6.3562775
6.3561316
6.3559847
6.355839
6.3556924
6.355546
6.3553996
6.3552537
6.3551073
6.354961
6.354815
6.3546686
6.354522
6.354376
6.35423
6.3540835
6.3539376
6.353791
6.353645
6.353499
6.353353
6.3532066
6.3530607
6.3529143
6.3527684
6.352622
6.352476
6.35233
6.3521843
6.352038
6.351892
6.351746
6.3515997
6.351454
6.351308
6.351162
6.351016
6.35087
6.350724
6.350578
6.350432
6.350286
6.35014
6.349994
6.3498483
6.3497024
6.3495564
6.3494105
6.3492646
6.3491187
6.3489733
6.348827
6.3486814
6.3485355
6.3483896
6.348244
6.3480983
6.3479524
6.347807
6.347661
6.347515
6.3473697
6.3472238
6.3470783
6.3469324
6.3467865
6.346641
6.346495
6.3463497
6.346204
6.3460584
6.3459125
6.345767
6.3456216
6.3454757
6.34533
6.345185
6.345039
6.3448935
6.344748
6.344602
6.3444567
6.344311
6.344166
6.3440204
6.343875
6.343729
6.343584
6.3434386
6.343293
6.3431473
6.3430023
6.342857
6.3427114
6.342566
6.3424206
6.342275
6.3421297
6.3419843
6.341839
6.341694
6.3415484
6.341403
6.3412576
6.341112
6.340967
6.3408217
6.3406763
6.3405313
6.3403864
6.340241
6.3400955
6.33995
6.339805
6.3396597
6.3395147
6.33937
6.3392243
6.3390794
6.338934
6.338789
6.338644
6.3384986
6.3383536
6.338208
6.3380632
6.3379183
6.3377733
6.3376284
6.337483
6.337338
6.337193
6.337048
6.3369026
6.3367577
6.336613
6.3364677
6.3363233
6.336178
6.336033
6.335888
6.335743
6.335598
6.3354535
6.335308
6.3351636
6.3350186
6.3348737
6.334729
6.334584
6.3344393
6.3342943
6.33415
6.334005
6.33386
6.333715
6.3335705
6.3334255
6.333281
6.333136
6.332991
6.3328466
6.3327017
6.332557
6.3324122
6.3322678
6.3321233
6.3319783
6.331834
6.331689
6.3315444
6.3314
6.3312554
6.3311105
6.330966
6.3308215
6.330677
6.330532
6.3303876
6.330243
6.3300986
6.329954
6.329809
6.329665
6.32952
6.329376
6.3292313
6.3290873
6.3289423
6.328798
6.328654
6.328509
6.328365
6.3282204
6.328076
6.3279314
6.327787
6.327643
6.3274984
6.327354
6.3272095
6.327065
6.326921
6.3267765
6.326632
6.326488
6.3263435
6.3261995
6.326055
6.3259106
6.3257666
6.3256226
6.325478
6.325334
6.3251896
6.3250456
6.324901
6.324757
6.324613
6.3244686
6.3243246
6.3241806
6.324036
6.3238926
6.323748
6.323604
6.32346
6.323316
6.3231716
6.3230276
6.3228836
6.3227396
6.3225956
6.3224516
6.3223076
6.3221636
6.3220196
6.3218756
6.3217316
6.3215876
6.3214436
6.3213
6.321156
6.321012
6.320868
6.320724
6.32058
6.320436
6.3202925
6.3201485
6.3200045
6.319861
6.319717
6.319573
6.3194294
6.3192854
6.319142
6.318998
6.3188543
6.3187103
6.318567
6.318423
6.3182793
6.3181353
6.3179917
6.317848
6.317704
6.3175607
6.3174167
6.317273
6.3171296
6.316986
6.316842
6.3166986
6.316555
6.3164115
6.316268
6.3161244
6.315981
6.315837
6.3156934
6.3155503
6.3154063
6.315263
6.3151193
6.3149757
6.3148327
6.3146887
6.314545
6.3144016
6.314258
6.314115
6.3139715
6.313828
6.3136845
6.313541
6.313398
6.3132544
6.313111
6.312968
6.3128242
6.312681
6.3125377
6.312394
6.312251
6.3121076
6.311964
6.311821
6.311678
6.3115344
6.3113914
6.311248
6.311105
6.3109617
6.310818
6.310675
6.3105316
6.3103886
6.3102455
6.3101025
6.309959
6.309816
6.309673
6.3095293
6.3093863
6.3092437
6.3091
6.308957
6.308814
6.308671
6.308528
6.308385
6.308242
6.308099
6.3079557
6.3078127
6.3076696
6.3075266
6.3073835
6.3072405
6.3070974
6.3069544
6.306812
6.3066688
6.3065257
6.306383
6.30624
6.306097
6.305954
6.3058114
6.3056684
6.3055253
6.3053827
6.3052397
6.3050966
6.304954
6.304811
6.3046684
6.304526
6.304383
6.30424
6.304097
6.3039546
6.303812
6.303669
6.3035264
6.3033834
6.303241
6.303098
6.3029556
6.3028126
6.30267
6.3025274
6.302385
6.3022423
6.302099
6.3019567
6.3018146
6.301672
6.3015294
6.3013864
6.301244
6.301101
6.3009586
6.3008165
6.300674
6.3005314
6.300389
6.3002462
6.3001037
6.299961
6.2998185
6.2996764
6.299534
6.2993913
6.2992487
6.2991066
6.298964
6.2988214
6.2986794
6.298537
6.2983947
6.2982516
6.2981095
6.297967
6.297825
6.2976823
6.29754
6.2973976
6.2972555
6.2971134
6.296971
6.2968287
6.2966866
6.296544
6.296402
6.29626
6.2961173
6.295975
6.295833
6.295691
6.295549
6.2954063
6.2952642
6.295122
6.29498
6.294838
6.2946954
6.2945533
6.294411
6.294269
6.2941275
6.2939854
6.2938433
6.293701
6.293559
6.293417
6.293275
6.293133
6.2929907
6.2928486
6.292707
6.292565
6.292423
6.2922807
6.292139
6.291997
6.291855
6.2917128
6.291571
6.291429
6.2912874
6.2911453
6.2910037
6.2908616
6.2907195
6.290578
6.2904363
6.290294
6.2901525
6.2900105
6.289869
6.2897267
6.289585
6.2894435
6.289302
6.28916
6.289018
6.288876
6.2887344
6.288593
6.288451
6.2883096
6.288168
6.2880263
6.287884
6.2877426
6.287601
6.2874594
6.2873178
6.287176
6.2870345
6.286893
6.2867513
6.2866096
6.2864685
6.2863264
6.2861853
6.2860436
6.285902
6.2857604
6.2856193
6.285477
6.285336
6.2851944
6.2850533
6.2849116
6.28477
6.2846284
6.2844872
6.2843456
6.284204
6.284063
6.2839212
6.28378
6.283639
6.2834973
6.2833557
6.2832146
6.2830734
6.282932
6.2827907
6.282649
6.282508
6.2823663
6.282225
6.282084
6.2819424
6.281801
6.28166
6.281519
6.281378
6.2812366
6.2810955
6.2809544
6.280813
6.2806716
6.2805305
6.2803893
6.280248
6.280107
6.279966
6.2798247
6.2796836
6.2795424
6.2794013
6.2792606
6.279119
6.2789783
6.278837
6.278696
6.278555
6.2784142
6.2782726
6.278132
6.277991
6.27785
6.277709
6.277568
6.277427
6.277286
6.277145
6.2770042
6.2768636
6.2767224
6.2765813
6.2764406
6.2762995
6.276159
6.276018
6.275877
6.2757363
6.275595
6.2754545
6.275314
6.2751727
6.275032
6.2748914
6.2747507
6.2746096
6.274469
6.2743278
6.274187
6.274047
6.273906
6.273765
6.2736244
6.2734838
6.273343
6.2732024
6.2730618
6.272921
6.2727804
6.2726398
6.272499
6.2723584
6.2722178
6.272077
6.2719364
6.271796
6.2716556
6.271515
6.271374
6.2712336
6.2710934
6.2709527
6.270812
6.270672
6.270531
6.2703905
6.2702503
6.2701097
6.2699695
6.269829
6.269688
6.269548
6.2694073
6.269267
6.2691264
6.268986
6.2688456
6.2687054
6.268565
6.2684245
6.2682843
6.268144
6.2680035
6.2678633
6.267723
6.267583
6.267442
6.267302
6.267162
6.2670217
6.266881
6.2667413
6.266601
6.2664604
6.26632
6.26618
6.26604
6.2658997
6.2657595
6.2656198
6.265479
6.2653394
6.2651987
6.265059
6.264919
6.2647786
6.2646384
6.264498
6.264358
6.2642183
6.264078
6.263938
6.2637978
6.263658
6.263518
6.263378
6.263238
6.263098
6.2629576
6.262818
6.2626777
6.262538
6.262398
6.262258
6.262118
6.261978
6.261838
6.2616982
6.2615585
6.2614183
6.2612786
6.261139
6.2609987
6.260859
6.2607193
6.2605796
6.2604394
6.2602997
6.26016
6.2600203
6.25988
6.259741
6.2596006
6.259461
6.259321
6.2591815
6.259042
6.258902
6.2587624
6.2586226
6.258483
6.258343
6.2582035
6.258064
6.2579246
6.2577844
6.2576447
6.2575054
6.2573657
6.257226
6.2570863
6.256947
6.2568073
6.2566676
6.2565284
6.2563887
6.256249
6.256109
6.25597
6.2558303
6.255691
6.2555513
6.255412
6.2552724
6.255133
6.2549934
6.254854
6.2547145
6.2545753
6.2544355
6.2542963
6.254157
6.2540174
6.253878
6.253739
6.2535996
6.25346
6.2533207
6.2531815
6.253042
6.252903
6.2527633
6.252624
6.252485
6.2523456
6.2522063
6.252067
6.251928
6.2517886
6.2516494
6.25151
6.251371
6.2512317
6.2510924
6.250953
6.250814
6.2506747
6.2505355
6.2503963
6.2502575
6.2501183
6.249979
6.2498403
6.249701
6.249562
6.2494226
6.249284
6.2491446
6.2490053
6.2488666
6.2487273
6.2485886
6.2484493
6.24831
6.2481713
6.248032
6.2478933
6.2477546
6.2476153
6.247476
6.2473373
6.2471986
6.2470593
6.2469206
6.246782
6.2466426
6.246504
6.246365
6.2462263
6.2460876
6.2459483
6.2458096
6.245671
6.245532
6.2453933
6.245254
6.2451158
6.2449765
6.2448378
6.244699
6.2445602
6.2444215
6.2442827
6.244144
6.244005
6.2438664
6.243728
6.2435894
6.2434506
6.243312
6.243173
6.2430344
6.2428956
6.2427573
6.2426186
6.24248
6.242341
6.2422028
6.242064
6.2419257
6.241787
6.2416487
6.24151
6.241371
6.2412324
6.241094
6.240956
6.240817
6.2406783
6.24054
6.2404017
6.240263
6.2401247
6.239986
6.2398477
6.2397094
6.2395706
6.239433
6.239294
6.239156
6.239017
6.2388787
6.2387404
6.238602
6.238464
6.238325
6.2381873
6.2380486
6.2379103
6.237772
6.2376337
6.2374954
6.237357
6.237219
6.2370806
6.2369423
6.236804
6.2366657
6.2365274
6.236389
6.2362514
6.236113
6.235975
6.2358365
6.235698
6.2355604
6.235422
6.235284
6.235146
6.235008
6.2348695
6.234731
6.2345934
6.234455
6.2343173
6.234179
6.234041
6.233903
6.233765
6.233627
6.233489
6.2333508
6.233213
6.233075
6.232937
6.232799
6.232661
6.232523
6.2323847
6.2322474
6.232109
6.2319713
6.2318335
6.231695
6.2315574
6.2314196
6.2312818
6.231144
6.231006
6.230868
6.23073
6.2305923
6.2304544
6.2303166
6.230179
6.230041
6.229903
6.2297654
6.2296276
6.22949
6.229352
6.229214
6.229077
6.228939
6.2288013
6.2286634
6.228526
6.2283883
6.2282505
6.2281127
6.227975
6.2278376
6.2276998
6.2275624
6.2274246
6.227287
6.2271495
6.2270117
6.2268744
6.226737
6.2265987
6.2264614
6.226324
6.2261863
6.226049
6.225911
6.225774
6.2256365
6.2254987
6.2253613
6.2252235
6.2250867
6.224949
6.2248116
6.224674
6.2245364
6.224399
6.2242618
6.2241244
6.223987
6.2238493
6.223712
6.2235746
6.2234373
6.2233
6.2231627
6.2230253
6.222888
6.2227507
6.2226133
6.222476
6.2223387
6.222202
6.2220645
6.221927
6.22179
6.2216525
6.221515
6.221378
6.221241
6.2211037
6.2209663
6.220829
6.220692
6.220555
6.2204175
6.2202806
6.2201433
6.220006
6.219869
6.219732
6.219595
6.2194576
6.219321
6.2191834
6.2190466
6.2189093
6.2187724
6.218635
6.2184987
6.2183614
6.218224
6.2180877
6.2179503
6.217813
6.2176766
6.2175393
6.2174025
6.217265
6.2171288
6.216992
6.2168546
6.2167177
6.216581
6.216444
6.216307
6.21617
6.216033
6.215896
6.2157593
6.2156224
6.2154856
6.215349
6.2152123
6.2150755
6.2149386
6.214802
6.214665
6.214528
6.2143917
6.214255
6.214118
6.213981
6.213845
6.213708
6.213571
6.213434
6.213298
6.213161
6.2130246
6.212888
6.212751
6.2126145
6.2124777
6.2123413
6.2122045
6.2120676
6.211931
6.211795
6.211658
6.2115216
6.211385
6.2112484
6.211112
6.210975
6.210839
6.2107024
6.210566
6.210429
6.210293
6.210156
6.21002
6.2098837
6.209747
6.2096105
6.209474
6.2093377
6.2092013
6.209065
6.2089286
6.208792
6.208656
6.2085195
6.208383
6.208246
6.20811
6.2079735
6.2078376
6.207701
6.207565
6.2074285
6.207292
6.207156
6.20702
6.2068834
6.206747
6.2066107
6.206475
6.2063384
6.206202
6.206066
6.2059298
6.2057934
6.205657
6.205521
6.2053847
6.205249
6.2051125
6.2049766
6.2048407
6.2047043
6.2045684
6.204432
6.2042956
6.2041597
6.204024
6.203888
6.2037516
6.203615
6.2034793
6.2033434
6.2032075
6.2030716
6.202935
6.2027993
6.2026634
6.2025275
6.202391
6.2022552
6.2021194
6.2019835
6.2018476
6.2017117
6.2015758
6.20144
6.201304
6.201168
6.201032
6.2008963
6.2007604
6.2006245
6.2004886
6.200353
6.2002172
6.2000813
6.1999454
6.1998096
6.1996737
6.199538
6.1994023
6.1992664
6.1991305
6.198995
6.198859
6.198724
6.198588
6.198452
6.198316
6.1981807
6.198045
6.1979094
6.197774
6.197638
6.197502
6.1973667
6.1972313
6.1970954
6.1969595
6.196824
6.1966887
6.196553
6.1964173
6.196282
6.196146
6.1960106
6.195875
6.1957397
6.195604
6.1954684
6.195333
6.1951976
6.195062
6.1949267
6.1947913
6.194656
6.1945205
6.194385
6.194249
6.1941137
6.1939783
6.1938434
6.1937075
6.193572
6.193437
6.1933017
6.1931663
6.193031
6.1928954
6.19276
6.192625
6.192489
6.192354
6.192219
6.192084
6.191948
6.191813
6.1916776
6.1915426
6.191407
6.191272
6.191137
6.1910014
6.190866
6.190731
6.1905956
6.1904607
6.1903253
6.1901903
6.1900554
6.18992
6.1897845
6.1896496
6.1895146
6.1893797
6.1892443
6.1891093
6.1889744
6.188839
6.188704
6.188569
6.188434
6.1882987
6.1881638
6.188029
6.187894
6.1877584
6.1876235
6.1874886
6.1873536
6.1872187
6.1870837
6.186949
6.186814
6.186679
6.186544
6.186409
6.186274
6.186139
6.186004
6.185869
6.1857347
6.1856
6.185465
6.18533
6.185195
6.1850605
6.1849256
6.1847906
6.1846557
6.1845207
6.1843863
6.1842513
6.1841164
6.183982
6.183847
6.1837125
6.1835775
6.183443
6.183308
6.183173
6.1830387
6.1829042
6.1827693
6.182635
6.1825
6.1823654
6.182231
6.182096
6.1819615
6.1818266
6.181692
6.1815577
6.181423
6.1812882
6.181154
6.1810193
6.180885
6.18075
6.1806154
6.180481
6.1803465
6.180212
6.180077
6.179943
6.1798086
6.179674
6.179539
6.179405
6.1792703
6.1791363
6.179002
6.1788673
6.178733
6.1785984
6.178464
6.1783295
6.1781955
6.1780605
6.1779265
6.177792
6.1776576
6.1775236
6.177389
6.1772547
6.1771207
6.176986
6.1768517
6.1767178
6.1765833
6.176449
6.176315
6.1761804
6.1760464
6.175912
6.175778
6.1756434
6.175509
6.175375
6.1752405
6.1751065
6.1749725
6.174838
6.174704
6.17457
6.1744356
6.1743016
6.1741676
6.1740336
6.1738997
6.173765
6.173631
6.173497
6.173363
6.173229
6.1730947
6.1729608
6.172827
6.172693
6.172559
6.172425
6.172291
6.172157
6.172023
6.171889
6.171755
6.171621
6.171487
6.171353
6.1712193
6.171085
6.1709514
6.1708174
6.1706834
6.1705494
6.1704154
6.170282
6.170148
6.170014
6.16988
6.1697464
6.1696124
6.1694784
6.169345
6.169211
6.1690774
6.1689434
6.16881
6.168676
6.1685424
6.1684084
6.1682744
6.168141
6.168007
6.1678734
6.16774
6.167606
6.1674724
6.167339
6.1672053
6.1670713
6.166938
6.166804
6.1666703
6.166537
6.1664033
6.16627
6.166136
6.1660023
6.1658688
6.1657352
6.1656017
6.165468
6.165334
6.165201
6.1650677
6.164934
6.1648006
6.1646667
6.1645336
6.1644
6.1642666
6.164133
6.1639996
6.163866
6.1637325
6.1635995
6.163466
6.163332
6.163199
6.1630654
6.162932
6.162799
6.1626654
6.162532
6.162399
6.1622653
6.162132
6.1619987
6.161865
6.161732
6.1615987
6.161465
6.161332
6.1611986
6.1610656
6.160932
6.160799
6.160666
6.1605325
6.1603994
6.1602664
6.160133
6.1599994
6.1598663
6.1597333
6.1596003
6.159467
6.1593337
6.1592007
6.1590676
6.158934
6.158801
6.158668
6.158535
6.158402
6.158269
6.1581354
6.158003
6.1578693
6.1577363
6.1576033
6.15747
6.157337
6.157204
6.157071
6.1569386
6.156805
6.1566725
6.1565394
6.1564064
6.1562734
6.1561403
6.1560073
6.1558743
6.1557417
6.1556087
6.1554756
6.1553426
6.15521
6.155077
6.1549444
6.1548114
6.1546783
6.154546
6.1544127
6.1542797
6.154147
6.154014
6.1538815
6.1537485
6.153616
6.1534834
6.1533504
6.153218
6.1530848
6.152952
6.152819
6.1526866
6.152554
6.1524215
6.1522884
6.152156
6.1520233
6.1518903
6.1517577
6.151625
6.1514926
6.1513596
6.1512275
6.1510944
6.150962
6.1508293
6.1506968
6.150564
6.1504316
6.1502986
6.1501665
6.1500335
6.1499014
6.149769
6.1496363
6.1495037
6.149371
6.1492386
6.149106
6.1489735
6.148841
6.148709
6.1485763
6.1484437
6.148311
6.1481786
6.1480465
6.147914
6.147782
6.1476493
6.1475167
6.1473846
6.147252
6.1471195
6.1469874
6.146855
6.146723
6.14659
6.146458
6.1463256
6.1461935
6.146061
6.1459284
6.1457963
6.145664
6.145532
6.1453996
6.1452675
6.145135
6.145003
6.1448708
6.144738
6.1446066
6.144474
6.144342
6.14421
6.1440773
6.143945
6.143813
6.143681
6.1435485
6.143417
6.1432843
6.1431527
6.14302
6.1428885
6.142756
6.142624
6.1424923
6.1423597
6.1422276
6.142096
6.141964
6.141832
6.1417
6.1415677
6.1414356
6.1413035
6.1411715
6.14104
6.140908
6.140776
6.140644
6.140512
6.14038
6.1402483
6.140116
6.139984
6.1398525
6.1397204
6.139589
6.1394567
6.139325
6.139193
6.139061
6.1389294
6.1387973
6.1386657
6.138534
6.138402
6.13827
6.1381383
6.1380067
6.137875
6.137743
6.1376114
6.13748
6.1373477
6.137216
6.1370845
6.136953
6.136821
6.136689
6.1365576
6.136426
6.1362944
6.1361628
6.1360307
6.1358995
6.1357675
6.1356363
6.1355042
6.1353726
6.1352415
6.1351094
6.134978
6.1348467
6.134715
6.134583
6.1344514
6.1343203
6.1341887
6.134057
6.1339254
6.133794
6.133662
6.133531
6.1333995
6.133268
6.1331367
6.133005
6.1328735
6.1327424
6.132611
6.132479
6.132348
6.1322165
6.1320853
6.1319537
6.1318226
6.131691
6.13156
6.1314282
6.131297
6.1311655
6.1310344
6.130903
6.1307716
6.1306405
6.130509
6.130378
6.1302466
6.130115
6.129984
6.129853
6.129721
6.12959
6.129459
6.129328
6.1291966
6.129065
6.128934
6.128803
6.1286716
6.1285405
6.1284094
6.1282783
6.128147
6.128016
6.127885
6.1277537
6.1276226
6.1274915
6.1273603
6.127229
6.127098
6.126967
6.1268363
6.126705
6.126574
6.126443
6.126312
6.1261806
6.1260495
6.125919
6.1257877
6.1256566
6.125526
6.125395
6.1252637
6.125133
6.125002
6.1248713
6.12474
6.124609
6.1244783
6.124347
6.1242166
6.1240854
6.123955
6.1238236
6.123693
6.123562
6.123431
6.1233006
6.1231694
6.123039
6.122908
6.122777
6.1226463
6.122515
6.122385
6.122254
6.1221232
6.121992
6.121862
6.121731
6.1216006
6.1214695
6.121339
6.121208
6.1210775
6.120947
6.120816
6.1206856
6.1205544
6.1204243
6.1202936
6.120163
6.120032
6.1199017
6.119771
6.1196404
6.1195097
6.119379
6.1192484
6.1191177
6.1189876
6.118857
6.1187263
6.1185956
6.118465
6.118335
6.118204
6.118074
6.1179433
6.1178126
6.1176825
6.117552
6.117421
6.117291
6.1171603
6.11703
6.1168995
6.116769
6.1166387
6.1165085
6.116378
6.1162477
6.1161175
6.115987
6.1158566
6.115726
6.115596
6.1154656
6.115335
6.115205
6.115074
6.1149445
6.114814
6.1146836
6.114553
6.1144233
6.1142926
6.1141624
6.1140323
6.113902
6.113772
6.1136417
6.1135116
6.113381
6.113251
6.113121
6.1129904
6.11286
6.11273
6.1126003
6.11247
6.11234
6.11221
6.1120796
6.1119494
6.1118193
6.111689
6.111559
6.111429
6.111299
6.111169
6.1110387
6.110909
6.110779
6.110649
6.110519
6.1103888
6.1102586
6.110129
6.1099987
6.109869
6.109739
6.1096087
6.109479
6.1093493
6.109219
6.109089
6.108959
6.108829
6.1086993
6.1085696
6.1084394
6.1083097
6.1081796
6.10805
6.10792
6.1077905
6.1076603
6.1075306
6.1074004
6.107271
6.107141
6.1070113
6.1068816
6.106752
6.106622
6.1064925
6.1063623
6.1062326
6.106103
6.1059732
6.1058435
6.105714
6.105584
6.1054544
6.1053247
6.105195
6.1050653
6.1049356
6.104806
6.1046762
6.104547
6.1044173
6.1042876
6.104158
6.104028
6.1038985
6.103769
6.1036396
6.10351
6.10338
6.103251
6.1031213
6.102992
6.1028624
6.1027327
6.102603
6.1024737
6.102344
6.1022143
6.102085
6.101956
6.101826
6.101697
6.1015673
6.1014376
6.1013083
6.101179
6.1010494
6.10092
6.100791
6.1006618
6.100532
6.100403
6.100273
6.100144
6.1000147
6.099885
6.0997562
6.0996265
6.0994973
6.099368
6.099239
6.099109
6.0989804
6.0988507
6.0987215
6.0985923
6.098463
6.098334
6.0982046
6.0980754
6.097946
6.097817
6.0976877
6.0975585
6.0974293
6.0973
6.0971713
6.097042
6.096913
6.0967836
6.0966544
6.096525
6.096396
6.0962667
6.0961375
6.096009
6.0958796
6.095751
6.0956216
6.0954924
6.095363
6.0952344
6.0951056
6.0949764
6.094847
6.0947185
6.094589
6.09446
6.0943313
6.094202
6.0940733
6.0939445
6.0938153
6.0936866
6.0935574
6.0934286
6.0932994
6.0931706
6.093042
6.092913
6.092784
6.092655
6.0925264
6.092397
6.0922685
6.0921397
6.0920105
6.091882
6.091753
6.0916243
6.0914955
6.091367
6.091238
6.0911093
6.09098
6.090852
6.090723
6.0905943
6.0904655
6.090337
6.090208
6.0900793
6.0899506
6.089822
6.089693
6.0895643
6.0894356
6.089307
6.0891786
6.08905
6.088921
6.0887923
6.0886636
6.088535
6.0884066
6.088278
6.0881495
6.088021
6.087892
6.087764
6.087635
6.0875063
6.087378
6.0872493
6.087121
6.0869923
6.086864
6.0867352
6.086607
6.086478
6.08635
6.086221
6.086093
6.0859647
6.085836
6.0857077
6.0855794
6.0854506
6.0853224
6.0851936
6.0850654
6.084937
6.0848083
6.08468
6.084552
6.0844235
6.0842953
6.084167
6.0840387
6.08391
6.0837817
6.0836535
6.083525
6.083397
6.0832686
6.0831404
6.083012
6.082884
6.0827556
6.0826273
6.082499
6.0823708
6.0822425
6.082114
6.081986
6.081858
6.08173
6.0816016
6.0814734
6.0813456
6.0812173
6.081089
6.0809608
6.080833
6.0807047
6.0805764
6.080448
6.0803204
6.080192
6.080064
6.079936
6.079808
6.07968
6.0795517
6.079424
6.0792956
6.079168
6.0790396
6.078912
6.0787835
6.0786557
6.0785275
6.0783997
6.078272
6.0781436
6.078016
6.0778875
6.07776
6.077632
6.077504
6.0773764
6.077248
6.0771203
6.0769925
6.0768647
6.0767365
6.0766087
6.076481
6.076353
6.0762253
6.0760975
6.0759697
6.0758414
6.0757136
6.0755863
6.0754585
6.0753307
6.075203
6.075075
6.0749474
6.0748196
6.074692
6.074564
6.074436
6.0743084
6.0741806
6.0740533
6.0739255
6.0737977
6.0736704
6.073542
6.073415
6.073287
6.0731597
6.073032
6.072904
6.072777
6.072649
6.072521
6.072394
6.072266
6.0721383
6.072011
6.071883
6.071756
6.071628
6.071501
6.071373
6.0712457
6.071118
6.0709906
6.070863
6.070736
6.070608
6.070481
6.070353
6.0702257
6.0700984
6.0699706
6.0698433
6.069716
6.0695887
6.069461
6.0693336
6.069206
6.069079
6.0689516
6.0688243
6.0686965
6.068569
6.068442
6.0683146
6.068187
6.06806
6.0679326
6.0678053
6.067678
6.067551
6.067424
6.0672965
6.067169
6.067042
6.066914
6.066787
6.06666
6.0665326
6.0664053
6.0662785
6.066151
6.066024
6.0658965
6.0657697
6.0656424
6.065515
6.0653877
6.065261
6.0651336
6.0650067
6.0648794
6.064752
6.0646253
6.064498
6.064371
6.064244
6.064117
6.0639896
6.063863
6.0637355
6.0636086
6.0634813
6.0633545
6.063227
6.0631003
6.0629735
6.062846
6.0627193
6.0625925
6.062465
6.062339
6.0622115
6.0620847
6.0619574
6.061831
6.0617037
6.061577
6.06145
6.0613227
6.0611963
6.0610695
6.0609426
6.0608153
6.0606885
6.0605617
6.060435
6.060308
6.060181
6.0600543
6.0599275
6.0598006
6.0596743
6.0595474
6.0594206
6.0592937
6.059167
6.05904
6.058913
6.0587864
6.05866
6.058533
6.0584064
6.0582795
6.058153
6.0580263
6.0578995
6.057773
6.0576463
6.0575194
6.057393
6.057266
6.0571394
6.057013
6.056886
6.05676
6.056633
6.0565066
6.05638
6.0562534
6.0561266
6.056
6.055874
6.055747
6.0556207
6.055494
6.0553675
6.055241
6.0551143
6.054988
6.0548615
6.0547347
6.0546083
6.054482
6.0543556
6.0542293
6.0541024
6.053976
6.0538497
6.0537233
6.053597
6.0534706
6.0533442
6.0532174
6.053091
6.0529647
6.0528383
6.052712
6.0525856
6.0524592
6.052333
6.052207
6.0520806
6.0519543
6.051828
6.0517015
6.051575
6.051449
6.0513225
6.0511966
6.05107
6.050944
6.0508175
6.0506916
6.050565
6.050439
6.0503125
6.050186
6.0500603
6.0499344
6.0498075
6.0496817
6.0495553
6.0494294
6.0493035
6.049177
6.0490513
6.048925
6.048799
6.0486727
6.0485463
6.0484204
6.048294
6.048168
6.048042
6.047916
6.04779
6.0476637
6.047538
6.047412
6.047286
6.0471597
6.047034
6.046908
6.046782
6.0466557
6.04653
6.046404
6.046278
6.046152
6.046026
6.0459
6.045774
6.045648
6.045522
6.0453963
6.0452704
6.0451446
6.0450187
6.044893
6.044767
6.044641
6.044515
6.0443897
6.044264
6.044138
6.0440116
6.043886
6.0437603
6.0436344
6.043509
6.0433826
6.043257
6.0431314
6.0430055
6.04288
6.042754
6.0426283
6.0425024
6.042377
6.042251
6.0421257
6.042
6.041874
6.0417485
6.0416226
6.041497
6.0413713
6.041246
6.04112
6.0409946
6.0408688
6.0407434
6.040618
6.040492
6.0403666
6.0402412
6.0401154
6.03999
6.0398645
6.0397387
6.0396132
6.0394874
6.0393624
6.0392365
6.039111
6.0389853
6.03886
6.0387344
6.038609
6.0384836
6.038358
6.038233
6.0381074
6.0379815
6.037856
6.0377307
6.0376053
6.03748
6.0373545
6.037229
6.037104
6.0369787
6.0368533
6.036728
6.0366025
6.036477
6.0363517
6.0362263
6.0361013
6.0359755
6.03585
6.035725
6.0355997
6.0354743
6.0353494
6.035224
6.0350986
6.034973
6.034848
6.034723
6.034598
6.0344725
6.034347
6.034222
6.0340967
6.033972
6.0338464
6.0337214
6.033596
6.033471
6.0333457
6.0332203
6.033096
6.0329704
6.032845
6.03272
6.032595
6.0324697
6.032345
6.03222
6.0320945
6.0319695
6.0318446
6.0317197
6.0315943
6.0314693
6.0313444
6.0312195
6.0310946
6.030969
6.030844
6.0307193
6.0305943
6.0304694
6.030344
6.030219
6.030094
6.029969
6.0298443
6.0297194
6.0295944
6.02947
6.029345
6.02922
6.029095
6.0289702
6.0288453
6.0287204
6.0285954
6.028471
6.028346
6.028221
6.028096
6.0279717
6.0278463
6.027722
6.027597
6.027472
6.0273476
6.0272226
6.0270977
6.0269732
6.0268483
6.0267234
6.026599
6.026474
6.0263495
6.0262246
6.0261
6.025975
6.025851
6.025726
6.025601
6.025477
6.025352
6.025227
6.0251026
6.024978
6.024853
6.024729
6.0246043
6.0244794
6.024355
6.0242305
6.024106
6.023981
6.0238566
6.023732
6.0236077
6.0234833
6.0233583
6.023234
6.0231094
6.022985
6.0228605
6.0227356
6.022611
6.0224867
6.022362
6.022238
6.0221133
6.021989
6.0218644
6.0217404
6.021616
6.0214915
6.021367
6.021242
6.021118
6.0209937
6.0208693
6.020745
6.0206203
6.0204964
6.020372
6.0202475
6.020123
6.019999
6.0198746
6.01975
6.019626
6.0195017
6.019377
6.0192533
6.019129
6.019005
6.0188804
6.0187564
6.018632
6.0185075
6.0183835
6.018259
6.018135
6.0180106
6.0178866
6.017762
6.017638
6.017514
6.01739
6.017266
6.0171413
6.0170174
6.016893
6.0167694
6.016645
6.016521
6.0163965
6.0162725
6.0161486
6.0160246
6.0159006
6.015776
6.015652
6.015528
6.015404
6.0152802
6.0151563
6.0150323
6.014908
6.014784
6.01466
6.014536
6.014412
6.014288
6.014164
6.01404
6.0139165
6.0137925
6.0136685
6.0135446
6.0134206
6.0132966
6.0131726
6.013049
6.0129247
6.012801
6.012677
6.012553
6.012429
6.0123057
6.0121818
6.012058
6.0119343
6.0118103
6.0116863
6.011563
6.011439
6.0113153
6.0111914
6.0110674
6.0109434
6.01082
6.010696
6.0105724
6.010449
6.010325
6.0102015
6.0100775
6.009954
6.00983
6.0097065
6.009583
6.009459
6.0093355
6.009212
6.009088
6.0089645
6.0088406
6.008717
6.0085936
6.00847
6.0083466
6.0082226
6.008099
6.0079756
6.007852
6.0077286
6.007605
6.0074816
6.007358
6.0072346
6.0071106
6.006987
6.0068636
6.00674
6.0066166
6.006493
6.0063696
6.006246
6.0061226
6.0059996
6.005876
6.0057526
6.0056286
6.0055056
6.005382
6.005259
6.005135
6.005012
6.0048885
6.004765
6.0046415
6.0045185
6.004395
6.0042715
6.0041485
6.004025
6.0039015
6.0037785
6.003655
6.0035315
6.0034084
6.003285
6.003162
6.0030384
6.0029154
6.002792
6.002669
6.0025454
6.0024223
6.002299
6.002176
6.002053
6.0019293
6.001806
6.001683
6.0015597
6.0014367
6.001313
6.00119
6.001067
6.0009437
6.0008206
6.0006976
6.0005746
6.0004516
6.0003285
6.000205
6.000082
5.999959
5.999836
5.999713
5.9995894
5.9994664
5.9993434
5.9992204
5.9990973
5.9989743
5.9988513
5.9987288
5.9986057
5.9984827
5.9983597
5.998236
5.9981136
5.9979906
5.9978676
5.9977446
5.9976215
5.9974985
5.997376
5.997253
5.99713
5.997007
5.9968843
5.9967613
5.9966383
5.9965158
5.9963927
5.9962697
5.9961467
5.996024
5.995901
5.9957786
5.9956555
5.995533
5.99541
5.9952874
5.9951644
5.995042
5.994919
5.9947963
5.9946733
5.99455
5.9944277
5.994305
5.994182
5.9940596
5.993937
5.993814
5.9936914
5.993569
5.993446
5.9933233
5.993201
5.993078
5.992955
5.9928327
5.99271
5.992587
5.9924645
5.992342
5.9922194
5.992097
5.9919744
5.991852
5.9917293
5.9916067
5.991484
5.9913616
5.991239
5.9911165
5.9909935
5.990871
5.990749
5.9906263
5.990504
5.9903812
5.9902587
5.990136
5.9900136
5.9898915
5.989769
5.9896464
5.989524
5.9894013
5.9892793
5.9891567
5.989034
5.988912
5.988789
5.988667
5.9885445
5.9884224
5.9883
5.9881773
5.988055
5.9879327
5.9878106
5.987688
5.987566
5.9874434
5.9873214
5.987199
5.9870763
5.986954
5.9868317
5.9867096
5.9865875
5.986465
5.986343
5.986221
5.9860983
5.985976
5.985854
5.9857316
5.9856095
5.9854875
5.9853654
5.985243
5.985121
5.9849987
5.984876
5.984754
5.984632
5.98451
5.984388
5.984266
5.9841437
5.9840217
5.9838996
5.9837775
5.9836555
5.9835334
5.9834113
5.9832892
5.9831667
5.9830446
5.9829226
5.982801
5.982679
5.982557
5.9824347
5.9823127
5.9821906
5.9820685
5.981947
5.981825
5.981703
5.9815807
5.981459
5.9813366
5.981215
5.9810934
5.980971
5.9808493
5.980727
5.980605
5.9804835
5.9803615
5.98024
5.980118
5.979996
5.979874
5.9797525
5.9796305
5.979509
5.979387
5.979265
5.979143
5.979021
5.9788995
5.978778
5.978656
5.978534
5.9784126
5.9782906
5.978169
5.9780474
5.9779253
5.9778037
5.977682
5.9775605
5.9774384
5.977317
5.977195
5.977073
5.9769516
5.9768305
5.9767084
5.976587
5.976465
5.9763436
5.976222
5.9761004
5.975979
5.975857
5.9757357
5.975614
5.9754925
5.975371
5.9752493
5.9751277
5.9750056
5.974884
5.974763
5.9746413
5.9745197
5.974398
5.9742765
5.974155
5.974034
5.9739122
5.9737906
5.973669
5.973548
5.9734263
5.9733047
5.9731836
5.973062
5.9729404
5.9728193
5.9726977
5.9725766
5.9724545
5.9723334
5.972212
5.9720907
5.971969
5.971848
5.9717264
5.9716053
5.9714837
5.9713626
5.9712415
5.97112
5.970999
5.970877
5.970756
5.970635
5.9705133
5.9703918
5.970271
5.9701495
5.9700284
5.969907
5.9697857
5.9696646
5.9695435
5.969422
5.9693007
5.9691796
5.9690585
5.9689374
5.9688163
5.968695
5.968574
5.968453
5.9683313
5.96821
5.968089
5.967968
5.967847
5.9677258
5.9676046
5.967484
5.967363
5.9672413
5.96712
5.966999
5.966878
5.9667573
5.966636
5.966515
5.966394
5.966273
5.966152
5.966031
5.96591
5.965789
5.965668
5.965547
5.965426
5.9653053
5.9651837
5.965063
5.9649425
5.9648213
5.9647
5.964579
5.9644585
5.9643373
5.9642167
5.9640956
5.963975
5.963854
5.963733
5.963612
5.9634914
5.9633703
5.9632497
5.963129
5.963008
5.9628873
5.9627666
5.9626455
5.962525
5.9624043
5.962283
5.9621625
5.962042
5.961921
5.9618
5.9616795
5.9615583
5.9614377
5.961317
5.9611964
5.961076
5.960955
5.9608345
5.9607134
5.9605927
5.960472
5.9603515
5.960231
5.96011
5.9599895
5.959869
5.9597483
5.9596276
5.959507
5.959387
5.959266
5.9591455
5.959025
5.9589043
5.9587836
5.958663
5.9585423
5.958422
5.958301
5.958181
5.9580603
5.95794
5.957819
5.957699
5.957578
5.9574575
5.9573374
5.9572167
5.957096
5.956976
5.9568553
5.956735
5.9566145
5.956494
5.9563737
5.956253
5.956133
5.9560122
5.955892
5.9557714
5.9556513
5.955531
5.9554105
5.9552903
5.9551697
5.9550495
5.9549294
5.9548087
5.9546885
5.9545684
5.9544477
5.9543276
5.9542074
5.9540873
5.9539666
5.9538465
5.953726
5.953606
5.953486
5.9533653
5.953245
5.953125
5.953005
5.952884
5.952764
5.952644
5.9525237
5.9524035
5.9522834
5.952163
5.952043
5.951923
5.9518027
5.9516826
5.9515624
5.9514422
5.951322
5.9512024
5.951082
5.950962
5.950842
5.9507217
5.9506016
5.950482
5.9503617
5.9502416
5.9501214
5.9500017
5.9498816
5.9497614
5.949641
5.9495215
5.9494014
5.949281
5.9491615
5.9490414
5.9489217
5.9488015
5.9486814
5.9485617
5.9484415
5.948322
5.9482017
5.948082
5.947962
5.947842
5.947722
5.9476023
5.9474826
5.9473624
5.9472427
5.9471226
5.947003
5.946883
5.946763
5.9466434
5.9465237
5.9464035
5.946284
5.9461637
5.9460444
5.9459243
5.9458046
5.945685
5.9455647
5.9454455
5.945326
5.9452057
5.945086
5.9449663
5.9448466
5.944727
5.9446073
5.944487
5.9443674
5.9442477
5.944128
5.9440084
5.9438887
5.9437695
5.94365
5.94353
5.9434104
5.9432907
5.9431715
5.943052
5.942932
5.942812
5.9426928
5.942573
5.942454
5.942334
5.9422145
5.942095
5.9419756
5.941856
5.941736
5.9416165
5.9414973
5.9413776
5.941258
5.9411387
5.941019
5.9409
5.94078
5.940661
5.940541
5.9404216
5.9403024
5.9401827
5.9400635
5.939944
5.9398246
5.9397054
5.9395857
5.9394665
5.939347
5.9392276
5.9391084
5.9389887
5.9388695
5.9387503
5.9386306
5.9385114
5.938392
5.9382725
5.9381533
5.938034
5.937915
5.937795
5.937676
5.9375567
5.9374375
5.9373183
5.937199
5.93708
5.93696
5.936841
5.936722
5.9366026
5.9364834
5.936364
5.936245
5.9361258
5.9360065
5.9358873
5.935768
5.935649
5.9355297
5.935411
5.935292
5.9351726
5.9350533
5.934934
5.934815
5.9346957
5.934577
5.934458
5.934339
5.9342194
5.9341006
5.9339814
5.9338627
5.933743
5.9336243
5.9335055
5.9333863
5.933267
5.9331484
5.933029
5.93291
5.932791
5.932672
5.9325533
5.932434
5.9323153
5.932196
5.9320774
5.931958
5.9318395
5.9317203
5.9316015
5.9314823
5.9313636
5.931245
5.9311256
5.931007
5.930888
5.930769
5.93065
5.9305315
5.9304123
5.930294
5.930175
5.930056
5.929937
5.9298186
5.9296994
5.9295807
5.929462
5.929343
5.9292245
5.9291058
5.928987
5.9288683
5.928749
5.9286304
5.9285116
5.928393
5.928274
5.9281554
5.9280367
5.927918
5.927799
5.9276805
5.927562
5.9274435
5.927325
5.927206
5.9270873
5.926969
5.9268503
5.926731
5.926613
5.926494
5.926376
5.926257
5.9261384
5.9260197
5.9259014
5.9257827
5.925664
5.9255457
5.925427
5.925308
5.92519
5.9250712
5.9249525
5.9248343
5.9247155
5.9245973
5.924479
5.9243603
5.924242
5.9241233
5.924005
5.9238863
5.923768
5.9236493
5.923531
5.9234123
5.923294
5.923176
5.923057
5.922939
5.9228206
5.922702
5.9225836
5.9224653
5.922347
5.922229
5.92211
5.921992
5.9218736
5.9217553
5.9216366
5.9215183
5.9214
5.921282
5.9211636
5.9210453
5.920927
5.920809
5.92069
5.920572
5.920454
5.920336
5.9202175
5.9200993
5.919981
5.9198627
5.9197445
5.919626
5.919508
5.9193897
5.9192715
5.919153
5.919035
5.918917
5.918799
5.9186807
5.918563
5.9184446
5.9183264
5.918208
5.9180903
5.917972
5.917854
5.9177356
5.917618
5.9174995
5.9173813
5.9172635
5.9171457
5.9170275
5.916909
5.9167914
5.916673
5.9165554
5.916437
5.916319
5.916201
5.916083
5.915965
5.9158473
5.9157295
5.9156113
5.9154935
5.915375
5.9152575
5.915139
5.9150214
5.9149036
5.9147854
5.9146676
5.91455
5.9144316
5.9143143
5.914196
5.914078
5.9139605
5.9138427
5.9137244
5.9136066
5.913489
5.913371
5.9132533
5.9131355
5.9130177
5.9129
5.912782
5.9126644
5.9125466
5.912429
5.912311
5.9121933
5.9120755
5.9119577
5.91184
5.911722
5.9116044
5.9114866
5.911369
5.911251
5.911134
5.911016
5.910898
5.9107804
5.910663
5.9105453
5.910427
5.91031
5.910192
5.9100747
5.909957
5.909839
5.9097214
5.909604
5.909487
5.9093685
5.909251
5.909134
5.909016
5.9088984
5.908781
5.9086633
5.908546
5.9084287
5.9083104
5.908193
5.908076
5.907958
5.9078407
5.907723
5.9076056
5.9074883
5.907371
5.9072533
5.907136
5.907018
5.906901
5.9067836
5.906666
5.9065485
5.906431
5.9063134
5.9061966
5.906079
5.9059615
5.905844
5.905727
5.905609
5.905492
5.905375
5.905257
5.90514
5.9050226
5.9049053
5.904788
5.9046707
5.9045534
5.904436
5.904319
5.9042015
5.904084
5.903967
5.9038496
5.9037323
5.903615
5.9034977
5.903381
5.9032636
5.9031463
5.903029
5.9029117
5.9027944
5.902677
5.90256
5.902443
5.9023256
5.902209
5.9020915
5.901974
5.901857
5.90174
5.901623
5.901506
5.9013886
5.9012713
5.9011545
5.901037
5.90092
5.900803
5.9006863
5.900569
5.9004517
5.900335
5.9002175
5.9001007
5.8999834
5.8998666
5.8997498
5.8996325
5.8995156
5.8993983
5.8992815
5.8991647
5.899048
5.8989305
5.8988137
5.898697
5.8985796
5.898463
5.898346
5.898229
5.898112
5.897995
5.897878
5.8977613
5.897644
5.8975277
5.897411
5.8972936
5.8971767
5.89706
5.896943
5.8968263
5.8967094
5.8965926
5.896476
5.896359
5.896242
5.8961253
5.8960085
5.8958917
5.895775
5.895658
5.895541
5.8954244
5.895308
5.895191
5.8950744
5.8949575
5.8948407
5.894724
5.894607
5.8944907
5.894374
5.894257
5.8941407
5.894024
5.8939075
5.8937907
5.893674
5.893557
5.8934407
5.893324
5.8932076
5.8930907
5.892974
5.8928576
5.8927407
5.892624
5.8925076
5.892391
5.8922744
5.892158
5.892041
5.891925
5.8918085
5.8916917
5.8915753
5.8914585
5.891342
5.891226
5.891109
5.8909926
5.890876
5.8907595
5.890643
5.890527
5.89041
5.8902936
5.8901772
5.8900604
5.8899446
5.8898277
5.8897114
5.889595
5.8894787
5.889362
5.889246
5.8891296
5.889013
5.8888965
5.8887806
5.888664
5.8885474
5.888431
5.8883147
5.888199
5.888082
5.8879657
5.8878493
5.887733
5.8876166
5.887501
5.8873844
5.887268
5.8871517
5.887036
5.8869195
5.886803
5.886687
5.8865705
5.8864546
5.886338
5.886222
5.8861055
5.885989
5.885873
5.885757
5.8856406
5.8855247
5.8854084
5.885292
5.885176
5.88506
5.884944
5.8848276
5.8847113
5.8845954
5.8844795
5.884363
5.884247
5.884131
5.884015
5.8838987
5.883783
5.883667
5.8835506
5.883435
5.8833184
5.8832026
5.8830867
5.8829703
5.8828545
5.882738
5.8826222
5.8825064
5.8823905
5.882274
5.8821583
5.8820424
5.8819265
5.8818107
5.8816943
5.881579
5.8814626
5.8813467
5.881231
5.881115
5.8809986
5.880883
5.8807673
5.880651
5.880535
5.8804197
5.8803034
5.8801875
5.8800716
5.8799562
5.8798404
5.8797245
5.8796086
5.8794928
5.879377
5.879261
5.879145
5.8790298
5.878914
5.878798
5.878682
5.8785663
5.878451
5.878335
5.878219
5.8781033
5.877988
5.877872
5.877756
5.8776402
5.877525
5.877409
5.877293
5.8771777
5.877062
5.8769464
5.8768306
5.8767147
5.8765993
5.876484
5.876368
5.876252
5.876137
5.8760214
5.8759055
5.8757896
5.8756742
5.875559
5.875443
5.8753276
5.875212
5.8750963
5.874981
5.874865
5.8747497
5.8746343
5.874519
5.8744035
5.8742876
5.874172
5.874057
5.8739414
5.8738256
5.87371
5.8735948
5.8734794
5.873364
5.873248
5.8731327
5.8730173
5.872902
5.8727865
5.872671
5.8725557
5.8724403
5.872325
5.8722095
5.872094
5.8719788
5.8718634
5.871748
5.8716326
5.871517
5.8714023
5.871287
5.8711715
5.871056
5.8709407
5.8708253
5.87071
5.8705945
5.8704796
5.870364
5.870249
5.870134
5.8700185
5.869903
5.869788
5.869673
5.8695574
5.869442
5.869327
5.8692117
5.8690963
5.8689814
5.868866
5.868751
5.8686357
5.8685207
5.8684053
5.86829
5.868175
5.86806
5.8679447
5.8678293
5.8677144
5.8675995
5.867484
5.867369
5.8672543
5.867139
5.867024
5.866909
5.8667936
5.8666787
5.866564
5.8664484
5.8663335
5.8662186
5.8661036
5.8659883
5.8658733
5.8657584
5.8656435
5.865528
5.865413
5.8652983
5.8651834
5.8650684
5.8649535
5.8648386
5.8647237
5.864609
5.8644934
5.864379
5.864264
5.8641486
5.864034
5.8639193
5.8638043
5.863689
5.8635745
5.8634596
5.8633447
5.8632298
5.863115
5.8630004
5.8628855
5.8627706
5.8626556
5.8625407
5.862426
5.862311
5.8621964
5.8620815
5.8619666
5.861852
5.8617373
5.8616223
5.861508
5.861393
5.861278
5.8611636
5.8610487
5.8609343
5.8608193
5.8607044
5.8605895
5.860475
5.86036
5.8602457
5.8601313
5.8600163
5.859902
5.859787
5.859672
5.8595576
5.859443
5.8593283
5.859214
5.8590994
5.8589845
5.8588696
5.858755
5.8586407
5.8585258
5.8584113
5.858297
5.8581824
5.858068
5.857953
5.8578386
5.857724
5.8576097
5.8574953
5.8573804
5.8572664
5.8571515
5.857037
5.8569226
5.856808
5.8566937
5.8565793
5.856465
5.85635
5.856236
5.856121
5.8560066
5.8558927
5.8557777
5.855664
5.8555493
5.855435
5.85532
5.855206
5.8550916
5.854977
5.8548627
5.8547487
5.8546343
5.85452
5.8544054
5.854291
5.8541765
5.8540626
5.853948
5.8538337
5.8537197
5.8536053
5.853491
5.8533764
5.8532624
5.853148
5.8530335
5.8529196
5.852805
5.8526907
5.8525767
5.8524623
5.8523483
5.852234
5.85212
5.852006
5.8518915
5.851777
5.851663
5.8515487
5.8514347
5.8513207
5.851207
5.8510923
5.850978
5.850864
5.85075
5.8506355
5.8505216
5.8504076
5.8502936
5.850179
5.850065
5.8499513
5.849837
5.849723
5.849609
5.849495
5.849381
5.8492665
5.8491526
5.8490386
5.8489246
5.8488107
5.8486967
5.8485827
5.848469
5.8483543
5.848241
5.8481264
5.848013
5.8478985
5.847785
5.8476706
5.8475566
5.847443
5.8473287
5.8472147
5.847101
5.8469872
5.8468733
5.8467593
5.8466454
5.8465314
5.8464174
5.846304
5.84619
5.846076
5.845962
5.845848
5.8457346
5.8456206
5.845507
5.845393
5.845279
5.8451653
5.8450513
5.844938
5.844824
5.8447104
5.8445964
5.844483
5.844369
5.8442554
5.8441415
5.8440275
5.843914
5.8438
5.8436866
5.8435726
5.843459
5.8433456
5.8432317
5.843118
5.8430047
5.8428907
5.842777
5.8426633
5.84255
5.8424363
5.8423223
5.842209
5.8420954
5.841982
5.841868
5.8417544
5.841641
5.841527
5.8414135
5.8413
5.8411865
5.841073
5.8409595
5.8408456
5.840732
5.8406186
5.840505
5.8403916
5.840278
5.8401647
5.840051
5.8399377
5.839824
5.8397107
5.839597
5.8394833
5.8393703
5.839257
5.8391433
5.83903
5.8389163
5.838803
5.8386893
5.838576
5.838463
5.8383493
5.838236
5.8381224
5.838009
5.8378954
5.8377824
5.837669
5.8375554
5.837442
5.837329
5.8372154
5.8371024
5.836989
5.8368754
5.836762
5.836649
5.8365355
5.836422
5.836309
5.8361955
5.8360825
5.835969
5.835856
5.8357425
5.8356295
5.835516
5.835403
5.8352895
5.8351765
5.835063
5.83495
5.8348365
5.8347235
5.8346105
5.8344975
5.8343844
5.834271
5.8341575
5.8340445
5.8339314
5.8338184
5.833705
5.833592
5.833479
5.833366
5.8332524
5.8331394
5.8330264
5.8329134
5.8328
5.8326874
5.832574
5.832461
5.832348
5.832235
5.832122
5.832009
5.831896
5.831783
5.83167
5.831557
5.831444
5.831331
5.831218
5.8311048
5.8309917
5.8308787
5.8307657
5.8306527
5.83054
5.8304267
5.830314
5.830201
5.830088
5.8299756
5.829862
5.829749
5.8296366
5.8295236
5.8294106
5.829298
5.829185
5.829072
5.828959
5.8288465
5.828734
5.828621
5.828508
5.828395
5.828282
5.8281693
5.828057
5.827944
5.8278313
5.8277183
5.8276052
5.8274927
5.8273797
5.827267
5.827154
5.8270416
5.8269286
5.826816
5.8267035
5.8265905
5.826478
5.8263655
5.8262525
5.82614
5.8260274
5.8259144
5.8258014
5.825689
5.8255763
5.825464
5.825351
5.825238
5.8251257
5.825013
5.8249006
5.824788
5.824675
5.8245625
5.82445
5.8243375
5.824225
5.8241124
5.824
5.8238873
5.823775
5.823662
5.8235497
5.823437
5.823324
5.823212
5.823099
5.822987
5.822874
5.822762
5.822649
5.822537
5.8224244
5.822312
5.8221993
5.8220873
5.8219743
5.821862
5.8217497
5.821637
5.821525
5.8214126
5.8213
5.8211875
5.821075
5.8209624
5.8208504
5.820738
5.8206253
5.8205132
5.8204007
5.8202887
5.820176
5.8200636
5.8199515
5.819839
5.819727
5.8196144
5.819502
5.81939
5.8192773
5.819165
5.819053
5.8189406
5.8188286
5.818716
5.818604
5.8184915
5.8183794
5.818267
5.818155
5.8180428
5.81793
5.817818
5.817706
5.817594
5.8174815
5.8173695
5.817257
5.817145
5.817033
5.8169208
5.8168087
5.8166966
5.816584
5.816472
5.81636
5.816248
5.816136
5.8160233
5.8159113
5.8157997
5.815687
5.815575
5.815463
5.815351
5.815239
5.815127
5.815015
5.814903
5.8147907
5.8146787
5.8145666
5.8144546
5.8143425
5.814231
5.8141184
5.814007
5.8138947
5.8137827
5.8136706
5.813559
5.813447
5.813335
5.813223
5.813111
5.8129992
5.812887
5.812775
5.812663
5.812551
5.8124394
5.8123274
5.8122153
5.8121037
5.811992
5.81188
5.811768
5.8116565
5.8115444
5.8114324
5.811321
5.8112087
5.811097
5.810985
5.8108735
5.8107615
5.81065
5.810538
5.810426
5.8103147
5.8102026
5.810091
5.809979
5.8098674
5.809756
5.8096437
5.809532
5.8094206
5.8093085
5.809197
5.8090854
5.808974
5.8088617
5.80875
5.8086386
5.808527
5.808415
5.8083034
5.808192
5.80808
5.8079686
5.807857
5.807745
5.8076334
5.807522
5.8074102
5.8072987
5.807187
5.8070755
5.806964
5.8068523
5.8067408
5.806629
5.8065176
5.806406
5.8062944
5.806183
5.8060713
5.80596
5.805848
5.805737
5.8056254
5.805514
5.8054023
5.8052907
5.8051796
5.805068
5.8049564
5.804845
5.8047333
5.804622
5.8045106
5.804399
5.8042874
5.8041763
5.8040648
5.803953
5.803842
5.8037305
5.8036194
5.803508
5.803396
5.803285
5.803174
5.8030624
5.802951
5.8028398
5.802728
5.802617
5.8025055
5.8023944
5.8022833
5.8021717
5.8020606
5.801949
5.8018374
5.8017263
5.801615
5.801504
5.8013926
5.8012815
5.8011703
5.801059
5.8009477
5.8008366
5.800725
5.800614
5.800503
5.8003917
5.8002806
5.800169
5.800058
5.799947
5.7998357
5.7997246
5.799613
5.799502
5.799391
5.7992797
5.7991686
5.7990575
5.7989464
5.7988353
5.798724
5.798613
5.798502
5.798391
5.79828
5.7981687
5.7980576
5.7979465
5.7978354
5.7977247
5.797613
5.797502
5.7973914
5.79728
5.797169
5.797058
5.796947
5.7968364
5.796725
5.796614
5.796503
5.7963924
5.796281
5.79617
5.796059
5.7959485
5.7958374
5.7957263
5.795615
5.7955046
5.7953935
5.795283
5.7951717
5.7950606
5.79495
5.794839
5.7947283
5.794617
5.7945065
5.7943954
5.794285
5.794174
5.794063
5.793952
5.7938414
5.7937307
5.7936196
5.793509
5.793398
5.7932873
5.7931767
5.7930655
5.792955
5.792844
5.792733
5.7926226
5.792512
5.7924013
5.7922907
5.7921796
5.792069
5.7919583
5.7918477
5.7917366
5.791626
5.7915154
5.7914047
5.791294
5.7911835
5.7910724
5.7909617
5.790851
5.7907405
5.79063
5.790519
5.7904086
5.790298
5.7901874
5.7900767
5.789966
5.7898555
5.789745
5.789634
5.7895236
5.789413
5.789303
5.789192
5.789081
5.788971
5.7888603
5.7887497
5.788639
5.788529
5.7884183
5.7883077
5.788197
5.7880864
5.7879763
5.7878656
5.7877555
5.7876444
5.787534
5.7874236
5.7873135
5.787203
5.7870927
5.786982
5.7868714
5.786761
5.7866507
5.78654
5.78643
5.7863193
5.786209
5.786099
5.7859883
5.7858777
5.7857676
5.785657
5.785547
5.7854366
5.785326
5.785216
5.7851057
5.784995
5.784885
5.7847743
5.784664
5.784554
5.7844434
5.784333
5.784223
5.7841125
5.7840023
5.783892
5.783782
5.783672
5.783561
5.783451
5.783341
5.783231
5.78312
5.78301
5.7829
5.7827897
5.7826796
5.7825694
5.7824593
5.782349
5.782239
5.782129
5.7820187
5.7819085
5.7817984
5.781688
5.781578
5.781468
5.781358
5.7812476
5.7811375
5.781028
5.7809176
5.780807
5.7806973
5.780587
5.780477
5.780367
5.7802567
5.780147
5.780037
5.779927
5.7798166
5.779707
5.779597
5.7794867
5.7793765
5.779267
5.7791567
5.7790465
5.778937
5.7788267
5.7787166
5.778607
5.7784967
5.778387
5.778277
5.7781672
5.778057
5.7779474
5.7778373
5.777727
5.7776175
5.7775073
5.7773976
5.7772875
5.777178
5.777068
5.776958
5.7768483
5.7767386
5.7766285
5.776519
5.776409
5.776299
5.7761893
5.7760797
5.7759695
5.77586
5.77575
5.7756405
5.7755303
5.7754207
5.775311
5.775201
5.775091
5.774982
5.774872
5.774762
5.7746525
5.7745423
5.7744327
5.774323
5.7742133
5.7741036
5.773994
5.7738843
5.7737746
5.773665
5.7735553
5.7734456
5.773336
5.7732263
5.7731166
5.773007
5.7728972
5.7727876
5.7726784
5.7725687
5.772459
5.7723494
5.7722397
5.77213
5.7720203
5.771911
5.7718015
5.771692
5.771582
5.771473
5.7713633
5.7712536
5.771144
5.7710347
5.770925
5.7708154
5.770706
5.7705965
5.770487
5.7703776
5.770268
5.770159
5.770049
5.7699394
5.76983
5.7697206
5.7696114
5.7695017
5.7693925
5.769283
5.7691736
5.769064
5.7689548
5.768845
5.768736
5.768626
5.768517
5.768408
5.768298
5.768189
5.7680793
5.7679706
5.767861
5.767751
5.7676425
5.767533
5.767423
5.7673144
5.7672048
5.7670956
5.7669864
5.766877
5.7667675
5.7666583
5.766549
5.76644
5.7663307
5.7662215
5.766112
5.7660027
5.7658935
5.7657843
5.765675
5.765566
5.7654567
5.7653475
5.7652383
5.765129
5.76502
5.7649107
5.7648015
5.7646923
5.764583
5.764474
5.7643647
5.7642555
5.764147
5.7640376
5.7639284
5.763819
5.7637105
5.763601
5.7634916
5.763383
5.7632737
5.7631645
5.763056
5.7629466
5.7628374
5.762728
5.7626195
5.7625103
5.762401
5.762292
5.762183
5.7620745
5.7619653
5.761856
5.7617474
5.761638
5.761529
5.7614202
5.761311
5.7612023
5.7610936
5.760984
5.760875
5.7607665
5.7606573
5.7605486
5.7604394
5.7603307
5.7602215
5.760113
5.760004
5.7598953
5.759786
5.7596774
5.759568
5.7594595
5.759351
5.7592416
5.759133
5.759024
5.758915
5.758806
5.7586975
5.758589
5.75848
5.758371
5.758262
5.7581534
5.7580447
5.757936
5.7578273
5.7577186
5.7576094
5.7575006
5.757392
5.757283
5.7571745
5.757066
5.756957
5.7568483
5.7567396
5.756631
5.756522
5.7564135
5.7563047
5.756196
5.7560873
5.7559786
5.75587
5.755761
5.755653
5.755544
5.7554355
5.7553267
5.755218
5.75511
5.755001
5.7548923
5.7547836
5.7546754
5.7545667
5.754458
5.754349
5.7542405
5.7541323
5.7540236
5.7539153
5.7538066
5.753698
5.753589
5.753481
5.7533727
5.753264
5.753155
5.753047
5.7529383
5.75283
5.7527213
5.752613
5.7525043
5.7523956
5.7522874
5.752179
5.7520704
5.751962
5.7518535
5.751745
5.751637
5.7515283
5.75142
5.7513113
5.751203
5.751095
5.7509866
5.750878
5.7507696
5.750661
5.750553
5.7504444
5.750336
5.750228
5.750119
5.750011
5.7499027
5.7497945
5.7496862
5.7495775
5.7494698
5.749361
5.749253
5.7491446
5.7490363
5.748928
5.74882
5.7487116
5.7486033
5.7484946
5.748387
5.7482786
5.7481704
5.748062
5.7479534
5.7478456
5.7477374
5.747629
5.747521
5.7474127
5.7473044
5.747196
5.747088
5.74698
5.746872
5.7467637
5.7466555
5.7465477
5.7464395
5.746331
5.746223
5.746115
5.746007
5.7458987
5.7457905
5.7456822
5.7455745
5.745466
5.745358
5.74525
5.745142
5.745034
5.744926
5.7448177
5.74471
5.7446017
5.744494
5.744386
5.744278
5.7441697
5.744062
5.743954
5.743846
5.7437377
5.74363
5.743522
5.743414
5.743306
5.7431984
5.74309
5.7429824
5.742874
5.7427664
5.7426586
5.7425504
5.7424426
5.742335
5.7422266
5.742119
5.742011
5.7419033
5.741795
5.7416873
5.7415795
5.741472
5.7413635
5.741256
5.741148
5.74104
5.7409325
5.7408247
5.740717
5.7406087
5.7405014
5.7403936
5.7402854
5.740178
5.74007
5.739962
5.7398543
5.739747
5.739639
5.739531
5.7394238
5.739316
5.7392077
5.7391
5.7389927
5.738885
5.738777
5.7386694
5.7385616
5.738454
5.7383466
5.738239
5.738131
5.7380233
5.7379155
5.737808
5.7377005
5.7375927
5.737485
5.7373776
5.73727
5.737162
5.737055
5.736947
5.7368393
5.736732
5.7366242
5.7365165
5.736409
5.7363014
5.736194
5.7360864
5.735979
5.735872
5.735764
5.7356563
5.735549
5.735441
5.735334
5.7352266
5.735119
5.735011
5.734904
5.7347965
5.7346888
5.7345815
5.734474
5.7343664
5.734259
5.7341514
5.734044
5.733937
5.733829
5.733722
5.7336144
5.733507
5.7334
5.733292
5.733185
5.7330775
5.73297
5.732863
5.732755
5.732648
5.7325406
5.7324333
5.732326
5.7322187
5.7321115
5.732004
5.731897
5.731789
5.7316823
5.7315745
5.7314677
5.73136
5.7312527
5.731146
5.731038
5.7309313
5.730824
5.7307167
5.7306094
5.730502
5.730395
5.7302876
5.7301803
5.7300735
5.729966
5.7298584
5.7297516
5.7296443
5.729537
5.72943
5.729323
5.7292156
5.729109
5.7290015
5.728894
5.728787
5.7286797
5.728573
5.7284656
5.7283583
5.7282515
5.728144
5.7280374
5.72793
5.7278233
5.727716
5.7276087
5.727502
5.7273946
5.727288
5.7271805
5.7270737
5.7269664
5.7268596
5.7267523
5.7266455
5.7265387
5.7264314
5.7263246
5.7262173
5.7261105
5.7260036
5.7258964
5.7257895
5.7256823
5.7255754
5.7254686
5.725362
5.7252545
5.7251477
5.725041
5.724934
5.724827
5.72472
5.724613
5.7245064
5.7243996
5.7242923
5.7241855
5.7240787
5.723972
5.723865
5.723758
5.7236514
5.7235446
5.7234373
5.723331
5.7232237
5.7231174
5.72301
5.7229037
5.7227964
5.72269
5.722583
5.7224765
5.7223697
5.7222624
5.722156
5.722049
5.7219424
5.7218356
5.721729
5.7216225
5.721515
5.7214084
5.721302
5.721195
5.7210884
5.720982
5.7208753
5.7207685
5.7206616
5.7205553
5.7204485
5.7203417
5.720235
5.720128
5.7200217
5.7199154
5.7198086
5.719702
5.719595
5.7194886
5.719382
5.7192755
5.7191687
5.7190623
5.7189555
5.718849
5.7187424
5.718636
5.718529
5.718423
5.718316
5.7182097
5.718103
5.7179966
5.7178903
5.7177835
5.717677
5.7175703
5.717464
5.717357
5.717251
5.7171445
5.7170377
5.7169313
5.716825
5.7167187
5.716612
5.7165055
5.716399
5.716293
5.716186
5.7160797
5.7159734
5.715867
5.7157607
5.715654
5.7155476
5.7154417
5.715335
5.7152286
5.715122
5.715016
5.7149096
5.714803
5.7146964
5.7145905
5.7144837
5.714378
5.7142715
5.714165
5.714059
5.7139525
5.713846
5.71374
5.7136335
5.713527
5.713421
5.7133145
5.7132087
5.713102
5.712996
5.7128897
5.7127833
5.712677
5.7125707
5.712465
5.7123585
5.712252
5.7121463
5.71204
5.7119336
5.7118273
5.7117214
5.711615
5.7115088
5.711403
5.7112966
5.71119
5.711084
5.710978
5.710872
5.710766
5.7106595
5.7105536
5.7104473
5.7103415
5.710235
5.7101293
5.710023
5.7099166
5.7098107
5.709705
5.7095985
5.7094927
5.709387
5.7092805
5.7091746
5.709069
5.7089624
5.7088566
5.7087502
5.7086444
5.7085385
5.708432
5.7083263
5.7082205
5.708114
5.7080083
5.7079024
5.7077966
5.7076902
5.7075844
5.7074785
5.7073727
5.7072663
5.7071605
5.7070546
5.7069488
5.706843
5.706737
5.706631
5.7065253
5.7064195
5.706313
5.7062078
5.706102
5.7059956
5.7058897
5.7057843
5.705678
5.705572
5.7054667
5.7053604
5.705255
5.705149
5.7050433
5.7049375
5.7048316
5.7047257
5.70462
5.704514
5.7044086
5.704303
5.704197
5.704091
5.703985
5.70388
5.703774
5.703668
5.7035623
5.703457
5.703351
5.703245
5.70314
5.703034
5.702928
5.702822
5.702717
5.702611
5.702505
5.7023997
5.7022943
5.7021885
5.7020826
5.7019773
5.7018714
5.701766
5.70166
5.701555
5.701449
5.7013435
5.7012377
5.7011323
5.7010264
5.700921
5.7008157
5.70071
5.700604
5.7004986
5.700393
5.700288
5.700182
5.7000766
5.699971
5.6998653
5.69976
5.6996546
5.6995487
5.6994433
5.699338
5.6992326
5.699127
5.6990213
5.698916
5.6988106
5.698705
5.6986
5.698494
5.6983886
5.698283
5.698178
5.6980724
5.697967
5.6978617
5.6977563
5.6976504
5.697545
5.69744
5.697335
5.697229
5.6971235
5.697018
5.6969132
5.696808
5.696702
5.696597
5.6964917
5.6963863
5.696281
5.6961756
5.69607
5.695965
5.69586
5.6957545
5.695649
5.695544
5.6954384
5.6953335
5.695228
5.6951227
5.6950173
5.6949124
5.6948066
5.6947017
5.6945963
5.6944914
5.694386
5.694281
5.6941757
5.6940703
5.693965
5.69386
5.6937547
5.6936493
5.6935444
5.693439
5.693334
5.693229
5.693124
5.6930184
5.6929135
5.692808
5.6927032
5.6925983
5.692493
5.6923876
5.6922827
5.692178
5.6920724
5.6919675
5.691862
5.6917577
5.6916523
5.691547
5.691442
5.691337
5.691232
5.6911273
5.691022
5.690917
5.6908116
5.6907067
5.690602
5.6904964
5.6903915
5.6902866
5.6901817
5.690077
5.689972
5.689867
5.6897616
5.6896567
5.689552
5.689447
5.689342
5.689237
5.689132
5.6890273
5.6889224
5.6888175
5.6887126
5.6886077
5.688503
5.688398
5.688293
5.688188
5.688083
5.6879783
5.6878734
5.6877685
5.6876636
5.687559
5.687454
5.6873493
5.6872444
5.6871395
5.6870346
5.6869297
5.6868253
5.6867204
5.6866155
5.6865106
5.686406
5.686301
5.6861963
5.6860914
5.685987
5.685882
5.685777
5.6856728
5.685568
5.6854634
5.6853585
5.6852536
5.685149
5.6850443
5.68494
5.684835
5.68473
5.6846256
5.6845207
5.6844163
5.6843114
5.684207
5.684102
5.6839976
5.6838927
5.6837883
5.683684
5.683579
5.683474
5.68337
5.683265
5.6831603
5.683056
5.6829515
5.6828465
5.682742
5.6826377
5.6825333
5.6824284
5.682324
5.6822195
5.682115
5.68201
5.6819057
5.6818013
5.681697
5.6815925
5.6814876
5.681383
5.6812787
5.6811743
5.6810694
5.680965
5.6808605
5.680756
5.6806517
5.680547
5.680443
5.6803384
5.680234
5.6801295
5.680025
5.6799207
5.6798162
5.679712
5.6796074
5.679503
5.6793985
5.679294
5.6791897
5.6790857
5.6789813
5.678877
5.6787724
5.678668
5.6785636
5.678459
5.678355
5.678251
5.6781464
5.678042
5.6779375
5.6778336
5.677729
5.6776247
5.6775203
5.6774163
5.677312
5.6772075
5.6771035
5.676999
5.6768947
5.6767907
5.6766863
5.6765823
5.676478
5.6763735
5.6762695
5.6761656
5.676061
5.675957
5.6758523
5.6757483
5.675644
5.67554
5.6754355
5.6753316
5.6752276
5.6751237
5.6750193
5.6749153
5.674811
5.674707
5.6746025
5.6744986
5.6743946
5.67429
5.674186
5.6740823
5.673978
5.673874
5.67377
5.6736655
5.6735616
5.6734576
5.6733537
5.6732497
5.6731453
5.6730413
5.6729374
5.6728334
5.6727295
5.672625
5.672521
5.672417
5.672313
5.6722093
5.6721053
5.672001
5.6718974
5.6717935
5.6716895
5.6715856
5.6714816
5.671377
5.671273
5.6711693
5.6710653
5.6709614
5.6708574
5.670754
5.67065
5.670546
5.670442
5.670338
5.670234
5.6701303
5.6700263
5.6699224
5.669819
5.669715
5.669611
5.669507
5.6694036
5.6692996
5.6691957
5.6690917
5.6689878
5.6688843
5.6687803
5.668677
5.668573
5.668469
5.668365
5.6682615
5.668158
5.668054
5.66795
5.667846
5.6677427
5.667639
5.6675353
5.6674314
5.667328
5.667224
5.6671205
5.6670165
5.6669126
5.666809
5.666705
5.6666017
5.666498
5.666394
5.6662908
5.666187
5.6660833
5.6659794
5.665876
5.6657724
5.665669
5.665565
5.6654615
5.6653576
5.665254
5.6651506
5.665047
5.664943
5.66484
5.6647363
5.664633
5.6645293
5.6644254
5.664322
5.6642184
5.6641145
5.6640115
5.6639075
5.663804
5.663701
5.663597
5.6634936
5.66339
5.6632867
5.663183
5.6630793
5.6629763
5.662873
5.6627693
5.6626654
5.662562
5.662459
5.6623554
5.662252
5.6621485
5.662045
5.6619415
5.661838
5.6617346
5.6616316
5.661528
5.6614246
5.661321
5.6612177
5.661114
5.6610107
5.6609073
5.6608043
5.660701
5.6605973
5.660494
5.660391
5.6602874
5.660184
5.6600804
5.6599774
5.659874
5.659771
5.6596675
5.659564
5.6594605
5.6593575
5.659254
5.659151
5.6590476
5.658944
5.6588407
5.6587377
5.6586347
5.658531
5.658428
5.6583247
5.6582217
5.6581182
5.6580153
5.657912
5.657809
5.657706
5.6576023
5.6574993
5.657396
5.6572924
5.6571894
5.6570864
5.656983
5.65688
5.656777
5.656674
5.656571
5.6564674
5.6563644
5.656261
5.656158
5.656055
5.655952
5.6558485
5.6557455
5.6556425
5.6555395
5.6554365
5.6553335
5.65523
5.655127
5.655024
5.654921
5.654818
5.654715
5.654612
5.654509
5.6544056
5.654303
5.6542
5.6540966
5.653994
5.653891
5.6537876
5.653685
5.653582
5.653479
5.653376
5.653273
5.65317
5.653067
5.652964
5.652861
5.652758
5.6526556
5.6525526
5.6524496
5.6523466
5.6522436
5.6521406
5.6520376
5.651935
5.651832
5.651729
5.6516266
5.6515236
5.6514206
5.6513176
5.651215
5.651112
5.6510096
5.6509066
5.6508036
5.650701
5.650598
5.650495
5.6503925
5.6502895
5.6501865
5.650084
5.649981
5.6498785
5.6497755
5.649673
5.64957
5.6494675
5.6493645
5.649262
5.6491594
5.6490564
5.648954
5.648851
5.6487484
5.6486454
5.648543
5.6484404
5.6483374
5.648235
5.648132
5.6480293
5.647927
5.6478243
5.6477213
5.647619
5.6475163
5.6474133
5.6473107
5.647208
5.6471057
5.647003
5.6469
5.6467977
5.646695
5.6465926
5.64649
5.6463876
5.6462846
5.646182
5.6460795
5.645977
5.6458745
5.645772
5.6456695
5.645567
5.6454644
5.645362
5.6452594
5.645157
5.6450543
5.644952
5.6448493
5.644747
5.6446443
5.6445417
5.644439
5.6443367
5.644234
5.6441317
5.6440296
5.643927
5.6438246
5.643722
5.6436195
5.6435175
5.643415
5.6433125
5.64321
5.6431074
5.6430054
5.642903
5.6428003
5.642698
5.642596
5.6424932
5.6423907
5.642288
5.642186
5.6420836
5.6419816
5.641879
5.6417766
5.6416745
5.641572
5.64147
5.6413674
5.6412654
5.641163
5.6410604
5.6409583
5.640856
5.6407537
5.6406517
5.640549
5.640447
5.6403446
5.6402426
5.64014
5.640038
5.6399355
5.6398335
5.6397314
5.639629
5.639527
5.639425
5.6393223
5.63922
5.639118
5.6390157
5.6389136
5.6388116
5.638709
5.638607
5.638505
5.638403
5.6383004
5.638199
5.6380963
5.6379943
5.6378922
5.63779
5.637688
5.6375856
5.6374836
5.6373816
5.6372795
5.6371775
5.6370754
5.6369734
5.6368713
5.6367693
5.6366673
5.636565
5.636463
5.636361
5.636259
5.636157
5.636055
5.635953
5.635851
5.635749
5.635647
5.635545
5.6354427
5.6353407
5.6352386
5.635137
5.635035
5.634933
5.634831
5.634729
5.6346273
5.6345253
5.6344233
5.634321
5.6342196
5.6341176
5.6340156
5.6339135
5.633812
5.63371
5.633608
5.6335063
5.6334043
5.633302
5.6332006
5.6330986
5.6329966
5.632895
5.632793
5.6326914
5.6325893
5.632488
5.6323857
5.6322837
5.632182
5.63208
5.6319785
5.6318765
5.631775
5.6316733
5.6315713
5.6314697
5.6313677
5.631266
5.631164
5.6310625
5.630961
5.630859
5.6307573
5.630656
5.6305537
5.630452
5.6303506
5.6302485
5.630147
5.6300454
5.6299434
5.629842
5.62974
5.6296387
5.6295366
5.629435
5.6293335
5.629232
5.6291304
5.629029
5.6289268
5.628825
5.6287236
5.628622
5.6285205
5.628419
5.6283174
5.628216
5.628114
5.6280127
5.627911
5.6278095
5.627708
5.627606
5.627505
5.6274033
5.6273017
5.6271996
5.6270986
5.626997
5.6268954
5.626794
5.6266923
5.6265907
5.626489
5.626388
5.6262865
5.626185
5.6260834
5.625982
5.6258802
5.625779
5.6256776
5.625576
5.6254745
5.6253734
5.625272
5.62517
5.6250687
5.6249676
5.624866
5.6247644
5.624663
5.624562
5.62446
5.624359
5.6242576
5.624156
5.624055
5.6239533
5.6238523
5.6237507
5.6236496
5.623548
5.623447
5.6233454
5.6232443
5.6231427
5.6230416
5.62294
5.622839
5.6227374
5.6226363
5.6225348
5.6224337
5.622332
5.622231
5.62213
5.6220284
5.6219273
5.621826
5.6217246
5.6216235
5.6215224
5.621421
5.62132
5.6212187
5.621117
5.621016
5.620915
5.620814
5.6207123
5.620611
5.62051
5.620409
5.620308
5.620207
5.6201057
5.6200047
5.619903
5.619802
5.619701
5.6196
5.6194987
5.6193976
5.6192966
5.6191955
5.6190944
5.6189933
5.618892
5.618791
5.61869
5.618589
5.618488
5.6183867
5.6182857
5.6181846
5.6180835
5.6179824
5.6178813
5.61778
5.617679
5.6175785
5.6174774
5.6173763
5.617275
5.617174
5.617073
5.6169724
5.6168714
5.6167703
5.616669
5.616568
5.6164675
5.6163664
5.6162653
5.6161647
5.6160636
5.6159625
5.615862
5.615761
5.61566
5.615559
5.615458
5.6153574
5.6152563
5.615155
5.6150546
5.6149535
5.614853
5.614752
5.6146507
5.61455
5.6144495
5.6143484
5.6142473
5.6141467
5.614046
5.613945
5.6138444
5.6137433
5.6136427
5.613542
5.613441
5.6133404
5.6132393
5.6131387
5.613038
5.612937
5.6128364
5.6127357
5.6126347
5.612534
5.6124334
5.612333
5.6122317
5.612131
5.6120305
5.61193
5.611829
5.611728
5.6116276
5.611527
5.6114264
5.6113253
5.6112247
5.611124
5.6110234
5.610923
5.610822
5.6107216
5.6106205
5.61052
5.6104193
5.6103187
5.610218
5.6101174
5.610017
5.6099167
5.6098156
5.609715
5.6096144
5.609514
5.6094136
5.609313
5.6092124
5.609112
5.609011
5.6089106
5.60881
5.6087093
5.608609
5.6085086
5.608408
5.6083074
5.6082067
5.6081066
5.608006
5.6079054
5.607805
5.607704
5.607604
5.6075034
5.607403
5.6073027
5.607202
5.6071014
5.6070013
5.6069007
5.6068
5.6066995
5.6065993
5.6064987
5.6063986
5.606298
5.6061974
5.606097
5.6059966
5.6058965
5.605796
5.6056957
5.605595
5.605495
5.6053944
5.605294
5.6051936
5.6050935
5.604993
5.6048927
5.6047926
5.604692
5.604592
5.604491
5.604391
5.604291
5.6041903
5.60409
5.60399
5.6038895
5.6037893
5.603689
5.6035886
5.6034884
5.6033883
5.603288
5.603188
5.6030874
5.6029873
5.602887
5.602787
5.6026864
5.6025863
5.602486
5.602386
5.602286
5.6021857
5.602085
5.6019855
5.601885
5.6017847
5.6016846
5.6015844
5.6014843
5.601384
5.601284
5.601184
5.6010838
5.6009836
5.6008835
5.6007833
5.600683
5.600583
5.600483
5.6003833
5.600283
5.600183
5.600083
5.5999827
5.5998826
5.5997825
5.5996823
5.5995827
5.5994825
5.5993824
5.5992823
5.599182
5.5990825
5.598982
5.598882
5.598782
5.598682
5.5985823
5.598482
5.598382
5.5982823
5.598182
5.598082
5.597982
5.5978823
5.597782
5.5976825
5.5975823
5.5974827
5.5973825
5.5972824
5.5971828
5.5970826
5.596983
5.596883
5.596783
5.596683
5.5965834
5.596483
5.5963836
5.5962834
5.596184
5.5960836
5.595984
5.5958843
5.595784
5.5956845
5.5955844
5.5954847
5.595385
5.595285
5.5951853
5.5950856
5.5949855
5.594886
5.594786
5.594686
5.5945864
5.5944867
5.594387
5.594287
5.5941873
5.5940876
5.593988
5.5938883
5.593788
5.5936885
5.593589
5.593489
5.5933895
5.59329
5.5931897
5.59309
5.5929904
5.5928907
5.592791
5.5926914
5.592592
5.592492
5.5923924
5.592293
5.592193
5.5920935
5.591994
5.591894
5.5917945
5.591695
5.591595
5.5914955
5.591396
5.5912967
5.591197
5.5910974
5.5909977
5.590898
5.5907984
5.5906987
5.5905995
5.5905
5.5904
5.5903006
5.590201
5.5901017
5.590002
5.5899024
5.5898027
5.5897036
5.589604
5.5895042
5.5894046
5.5893054
5.5892057
5.5891066
5.589007
5.5889072
5.588808
5.5887084
5.5886087
5.5885096
5.58841
5.5883102
5.588211
5.5881114
5.588012
5.587913
5.5878134
5.5877137
5.5876145
5.587515
5.5874157
5.5873165
5.587217
5.5871177
5.587018
5.586919
5.586819
5.58672
5.5866203
5.586521
5.586422
5.5863223
5.586223
5.586124
5.5860248
5.585925
5.585826
5.5857267
5.585627
5.585528
5.5854287
5.5853295
5.5852304
5.5851307
5.5850315
5.5849323
5.584833
5.584734
5.5846343
5.584535
5.584436
5.5843368
5.5842376
5.5841384
5.584039
5.58394
5.5838404
5.583741
5.583642
5.583543
5.5834436
5.5833445
5.5832453
5.583146
5.583047
5.5829477
5.5828485
5.58275
5.58265
5.5825515
5.5824523
5.582353
5.582254
5.5821548
5.5820556
5.5819564
5.5818577
5.581758
5.5816593
5.58156
5.581461
5.581362
5.581263
5.581164
5.5810647
5.5809655
5.580867
5.5807676
5.5806684
5.5805693
5.5804706
5.5803714
5.5802727
5.5801735
5.5800743
5.5799756
5.5798764
5.5797772
5.5796785
5.5795794
5.5794806
5.5793815
5.5792823
5.5791836
5.5790844
5.5789857
5.5788865
5.578788
5.5786886
5.57859
5.5784907
5.578392
5.578293
5.578194
5.5780954
5.5779963
5.5778975
5.5777984
5.5776997
5.577601
5.577502
5.577403
5.5773044
5.577205
5.5771065
5.577008
5.5769086
5.57681
5.576711
5.5766125
5.5765133
5.5764146
5.576316
5.5762167
5.576118
5.5760193
5.5759206
5.575822
5.5757227
5.575624
5.5755253
5.5754266
5.575328
5.575229
5.5751305
5.5750318
5.574933
5.5748343
5.5747356
5.574637
5.5745378
5.574439
5.5743403
5.5742416
5.574143
5.574044
5.573946
5.5738473
5.5737486
5.57365
5.573551
5.5734525
5.573354
5.573255
5.5731564
5.5730577
5.5729594
5.5728607
5.572762
5.5726633
5.5725646
5.572466
5.5723677
5.572269
5.5721703
5.5720716
5.5719733
5.5718746
5.571776
5.571677
5.571579
5.5714803
5.5713816
5.5712833
5.5711846
5.571086
5.5709877
5.570889
5.5707903
5.570692
5.5705934
5.570495
5.5703964
5.5702977
5.5701995
5.5701013
5.5700026
5.5699043
5.5698056
5.569707
5.5696087
5.56951
5.5694118
5.5693135
5.569215
5.5691166
5.569018
5.5689197
5.5688214
5.5687227
5.5686245
5.568526
5.5684276
5.5683293
5.5682306
5.5681324
5.568034
5.5679355
5.567837
5.567739
5.567641
5.567542
5.567444
5.5673456
5.5672474
5.5671487
5.5670505
5.566952
5.566854
5.566756
5.5666575
5.566559
5.5664606
5.5663624
5.566264
5.566166
5.5660677
5.5659695
5.5658712
5.565773
5.565675
5.5655766
5.5654783
5.56538
5.565282
5.5651836
5.5650854
5.564987
5.564889
5.5647907
5.5646925
5.5645943
5.564496
5.564398
5.5642996
5.5642014
5.564103
5.5640054
5.563907
5.563809
5.5637107
5.5636125
5.5635147
5.5634165
5.5633183
5.56322
5.563122
5.563024
5.562926
5.5628276
5.5627294
5.5626316
5.5625334
5.562435
5.5623374
5.562239
5.562141
5.562043
5.561945
5.5618467
5.561749
5.5616508
5.561553
5.561455
5.561357
5.561259
5.561161
5.561063
5.5609646
5.560867
5.5607686
5.560671
5.5605726
5.560475
5.560377
5.560279
5.560181
5.560083
5.559985
5.5598874
5.559789
5.5596914
5.559593
5.5594954
5.5593977
5.5592995
5.5592017
5.559104
5.5590057
5.558908
5.55881
5.5587125
5.5586143
5.5585165
5.5584188
5.558321
5.558223
5.558125
5.5580273
5.5579295
5.557832
5.5577335
5.557636
5.557538
5.5574403
5.5573425
5.557245
5.557147
5.5570493
5.556951
5.5568533
5.5567555
5.556658
5.55656
5.5564623
5.5563645
5.556267
5.556169
5.5560713
5.5559735
5.555876
5.555778
5.5556803
5.555583
5.5554852
5.555387
5.5552897
5.555192
5.5550942
5.5549965
5.5548987
5.554801
5.554703
5.554606
5.554508
5.5544105
5.5543127
5.5542154
5.5541177
5.55402
5.553922
5.553825
5.553727
5.5536294
5.553532
5.5534344
5.5533366
5.5532393
5.5531416
5.553044
5.552946
5.552849
5.552751
5.552654
5.552556
5.552459
5.552361
5.5522633
5.552166
5.552068
5.551971
5.551873
5.551776
5.551678
5.551581
5.551483
5.551386
5.5512886
5.551191
5.5510936
5.550996
5.5508986
5.550801
5.5507035
5.550606
5.5505085
5.550411
5.550314
5.550216
5.550119
5.5500216
5.549924
5.5498266
5.5497293
5.549632
5.5495343
5.549437
5.54934
5.5492425
5.5491447
5.5490475
5.54895
5.548853
5.5487556
5.5486584
5.5485606
5.5484633
5.548366
5.548269
5.5481715
5.5480742
5.547977
5.5478797
5.5477824
5.5476847
5.5475874
5.54749
5.547393
5.5472956
5.5471983
5.547101
5.5470037
5.5469065
5.546809
5.5467124
5.5466146
5.546518
5.5464206
5.5463233
5.546226
5.5461287
5.5460315
5.545934
5.545837
5.54574
5.545643
5.5455456
5.5454483
5.545351
5.5452538
5.545157
5.5450597
5.5449624
5.5448656
5.5447683
5.544671
5.544574
5.544477
5.5443797
5.5442824
5.5441856
5.5440884
5.5439916
5.5438943
5.543797
5.5436997
5.543603
5.5435057
5.543409
5.5433116
5.543215
5.5431175
5.5430207
5.5429235
5.5428267
5.5427294
5.5426326
5.5425353
5.5424385
5.542341
5.542244
5.542147
5.5420504
5.541953
5.5418563
5.5417595
5.541662
5.5415654
5.541468
5.5413713
5.541274
5.5411773
5.5410805
5.5409837
5.5408864
5.5407896
5.540693
5.540596
5.5404987
5.540402
5.540305
5.5402083
5.540111
5.5400143
5.5399175
5.5398207
5.5397234
5.539627
5.53953
5.539433
5.539336
5.5392394
5.5391426
5.539046
5.538949
5.5388517
5.538755
5.5386586
5.5385613
5.5384645
5.5383677
5.538271
5.538174
5.5380774
5.5379806
5.5378838
5.537787
5.53769
5.5375934
5.537497
5.5374002
5.5373034
5.5372066
5.53711
5.537013
5.5369163
5.5368195
5.5367227
5.536626
5.5365295
5.5364327
5.536336
5.536239
5.5361423
5.536046
5.535949
5.5358524
5.535756
5.5356593
5.5355625
5.5354657
5.5353694
5.5352726
5.535176
5.5350795
5.5349827
5.534886
5.5347896
5.534693
5.5345964
5.5344996
5.534403
5.5343065
5.5342097
5.5341134
5.5340166
5.5339203
5.5338235
5.5337267
5.5336304
5.533534
5.5334373
5.5333405
5.533244
5.533148
5.533051
5.5329547
5.532858
5.5327616
5.532665
5.5325685
5.532472
5.532376
5.532279
5.5321827
5.5320864
5.5319896
5.5318933
5.531797
5.5317
5.531604
5.531507
5.5314107
5.5313144
5.531218
5.5311217
5.531025
5.5309286
5.5308323
5.530736
5.5306396
5.530543
5.5304465
5.53035
5.530254
5.5301576
5.5300612
5.529965
5.5298686
5.529772
5.5296755
5.529579
5.529483
5.5293865
5.52929
5.529194
5.5290976
5.529001
5.528905
5.5288086
5.5287123
5.528616
5.5285196
5.528424
5.5283275
5.528231
5.528135
5.5280385
5.527942
5.527846
5.5277495
5.527653
5.5275574
5.527461
5.5273647
5.5272684
5.527172
5.527076
5.52698
5.5268836
5.5267873
5.526691
5.526595
5.526499
5.5264025
5.526306
5.5262103
5.526114
5.526018
5.525922
5.5258255
5.5257297
5.5256333
5.525537
5.525441
5.525345
5.5252485
5.5251527
5.5250564
5.5249605
5.524864
5.5247684
5.524672
5.524576
5.52448
5.524384
5.5242877
5.524192
5.5240955
5.5239997
5.5239034
5.5238075
5.5237117
5.5236154
5.5235195
5.523423
5.5233274
5.5232315
5.523135
5.5230393
5.5229435
5.522847
5.5227513
5.5226555
5.522559
5.5224633
5.5223675
5.5222716
5.5221753
5.5220795
5.5219836
5.521888
5.5217915
5.5216956
5.5216
5.521504
5.521408
5.5213118
5.521216
5.52112
5.521024
5.5209284
5.5208325
5.5207367
5.520641
5.520545
5.520449
5.5203533
5.520257
5.520161
5.5200653
5.51997
5.519874
5.519778
5.519682
5.5195866
5.5194902
5.519395
5.519299
5.519203
5.5191073
5.5190115
5.5189157
5.51882
5.518724
5.5186286
5.5185323
5.518437
5.518341
5.518245
5.5181494
5.5180535
5.517958
5.5178623
5.5177665
5.5176706
5.517575
5.5174794
5.5173836
5.5172877
5.5171924
5.5170965
5.5170007
5.5169053
5.5168095
5.5167136
5.5166183
5.5165224
5.516427
5.516331
5.5162354
5.51614
5.516044
5.5159483
5.515853
5.515757
5.5156617
5.515566
5.5154705
5.5153747
5.5152793
5.5151834
5.515088
5.5149927
5.514897
5.514801
5.5147057
5.5146103
5.5145144
5.514419
5.514323
5.514228
5.5141325
5.5140367
5.5139413
5.513846
5.51375
5.5136547
5.513559
5.5134635
5.513368
5.513273
5.5131774
5.5130816
5.512986
5.512891
5.5127954
5.5126996
5.512604
5.512509
5.5124135
5.512318
5.5122223
5.512127
5.5120316
5.511936
5.511841
5.5117455
5.51165
5.5115547
5.511459
5.5113635
5.511268
5.511173
5.5110774
5.510982
5.5108867
5.5107913
5.510696
5.5106006
5.510505
5.51041
5.5103145
5.510219
5.5101237
5.5100284
5.5099335
5.509838
5.5097427
5.5096474
5.509552
5.5094566
5.5093613
5.509266
5.509171
5.5090756
5.5089803
5.508885
5.5087895
5.5086946
5.5085993
5.508504
5.508409
5.508313
5.5082183
5.508123
5.5080276
5.5079327
5.5078373
5.5077424
5.507647
5.5075517
5.5074563
5.5073614
5.507266
5.507171
5.507076
5.5069804
5.5068855
5.50679
5.5066953
5.5066
5.5065045
5.5064096
5.5063148
5.5062194
5.506124
5.506029
5.5059342
5.505839
5.505744
5.5056486
5.5055537
5.5054584
5.5053635
5.5052686
5.505173
5.5050783
5.504983
5.504888
5.504793
5.504698
5.504603
5.504508
5.5044127
5.5043178
5.504223
5.5041275
5.5040326
5.5039377
5.503843
5.503748
5.5036526
5.5035577
5.503463
5.503368
5.5032725
5.5031776
5.5030828
5.502988
5.502893
5.502798
5.5027027
5.502608
5.502513
5.502418
5.502323
5.5022283
5.5021334
5.5020385
5.5019436
5.5018487
5.501754
5.501659
5.501564
5.501469
5.5013742
5.5012794
5.5011845
5.5010896
5.5009947
5.5009
5.500805
5.50071
5.500615
5.50052
5.5004253
5.5003304
5.500236
5.500141
5.5000463
5.4999514
5.4998565
5.4997616
5.499667
5.4995723
5.4994774
5.4993825
5.4992876
5.499193
5.4990983
5.4990034
5.498909
5.498814
5.498719
5.498625
5.49853
5.498435
5.49834
5.4982457
5.498151
5.4980564
5.4979615
5.4978666
5.497772
5.4976773
5.497583
5.497488
5.4973936
5.4972987
5.4972043
5.4971094
5.4970145
5.49692
5.496825
5.496731
5.496636
5.4965415
5.496447
5.496352
5.496258
5.496163
5.4960685
5.495974
5.495879
5.4957848
5.4956903
5.4955955
5.495501
5.4954066
5.4953117
5.4952173
5.4951224
5.495028
5.4949336
5.4948387
5.4947443
5.49465
5.4945555
5.494461
5.494366
5.4942718
5.4941773
5.494083
5.493988
5.4938936
5.493799
5.493705
5.4936104
5.493516
5.4934216
5.493327
5.4932323
5.493138
5.4930434
5.492949
5.4928546
5.49276
5.492666
5.4925714
5.492477
5.4923825
5.492288
5.4921937
5.4920993
5.492005
5.4919105
5.491816
5.4917216
5.491627
5.491533
5.4914384
5.4913445
5.49125
5.4911556
5.491061
5.490967
5.4908724
5.4907784
5.4906836
5.4905896
5.490495
5.490401
5.4903064
5.490212
5.490118
5.4900236
5.489929
5.489835
5.489741
5.4896464
5.489552
5.489458
5.4893637
5.4892693
5.4891753
5.489081
5.4889865
5.4888926
5.488798
5.488704
5.48861
5.4885154
5.4884214
5.488327
5.488233
5.4881387
5.4880447
5.4879503
5.4878564
5.487762
5.487668
5.4875736
5.487479
5.4873853
5.487291
5.487197
5.487103
5.4870086
5.4869146
5.48682
5.4867263
5.4866323
5.486538
5.486444
5.48635
5.4862556
5.4861617
5.486068
5.4859734
5.4858794
5.485785
5.485691
5.485597
5.485503
5.4854093
5.485315
5.485221
5.485127
5.4850326
5.4849386
5.4848447
5.4847507
5.484657
5.4845624
5.484469
5.4843745
5.4842806
5.4841866
5.4840927
5.483999
5.483905
5.483811
5.483717
5.483623
5.4835286
5.4834347
5.4833407
5.483247
5.483153
5.483059
5.482965
5.482871
5.482777
5.482683
5.4825892
5.482496
5.482402
5.482308
5.482214
5.48212
5.482026
5.481932
5.481838
5.4817443
5.4816504
5.481557
5.481463
5.481369
5.481275
5.481181
5.4810877
5.4809937
5.4809
5.480806
5.4807124
5.4806185
5.4805245
5.4804306
5.480337
5.480243
5.4801493
5.480056
5.479962
5.479868
5.479774
5.4796805
5.4795866
5.479493
5.479399
5.4793057
5.479212
5.479118
5.4790244
5.4789305
5.478837
5.478743
5.4786496
5.4785557
5.478462
5.4783683
5.4782743
5.478181
5.4780874
5.4779935
5.4779
5.477806
5.4777126
5.4776187
5.477525
5.477432
5.477338
5.4772444
5.477151
5.477057
5.4769635
5.47687
5.476776
5.4766827
5.476589
5.4764953
5.476402
5.476308
5.4762144
5.476121
5.4760275
5.475934
5.47584
5.4757466
5.475653
5.4755597
5.4754663
5.4753723
5.475279
5.4751854
5.475092
5.4749985
5.474905
5.474811
5.474718
5.474624
5.4745307
5.474437
5.474344
5.4742503
5.474157
5.4740634
5.47397
5.4738765
5.473783
5.4736896
5.473596
5.4735026
5.473409
5.4733157
5.4732223
5.473129
5.4730353
5.472942
5.4728484
5.4727554
5.472662
5.4725685
5.472475
5.4723816
5.472288
5.4721947
5.4721017
5.472008
5.471915
5.4718213
5.471728
5.471635
5.4715414
5.471448
5.4713545
5.4712615
5.471168
5.4710746
5.470981
5.470888
5.4707947
5.470701
5.470608
5.470515
5.470422
5.4703283
5.470235
5.4701414
5.4700484
5.4699554
5.469862
5.4697685
5.4696755
5.469582
5.4694886
5.4693956
5.4693027
5.469209
5.469116
5.4690228
5.4689293
5.4688363
5.468743
5.46865
5.468557
5.4684634
5.4683704
5.4682775
5.468184
5.468091
5.4679976
5.4679046
5.4678116
5.467718
5.467625
5.467532
5.4674387
5.4673457
5.4672527
5.4671593
5.4670663
5.466973
5.4668803
5.466787
5.466694
5.466601
5.4665074
5.4664145
5.4663215
5.4662285
5.4661355
5.466042
5.465949
5.465856
5.465763
5.46567
5.465577
5.465484
5.465391
5.4652977
5.4652047
5.4651117
5.4650187
5.464926
5.464833
5.46474
5.464647
5.464554
5.464461
5.464368
5.464275
5.464182
5.464089
5.463996
5.463903
5.46381
5.463717
5.463624
5.4635315
5.463438
5.4633455
5.4632525
5.4631596
5.4630666
5.4629736
5.4628806
5.462788
5.462695
5.462602
5.462509
5.462416
5.462323
5.4622307
5.4621377
5.4620447
5.461952
5.461859
5.4617662
5.4616737
5.4615808
5.461488
5.4613953
5.4613023
5.4612093
5.4611163
5.461024
5.460931
5.4608383
5.4607453
5.4606524
5.46056
5.460467
5.460374
5.4602814
5.4601884
5.460096
5.460003
5.4599104
5.4598174
5.459725
5.459632
5.4595394
5.4594464
5.459354
5.4592614
5.4591684
5.459076
5.458983
5.4588904
5.4587975
5.458705
5.4586124
5.4585195
5.458427
5.4583344
5.4582415
5.458149
5.4580564
5.4579635
5.457871
5.4577785
5.4576855
5.457593
5.4575005
5.4574075
5.457315
5.4572225
5.45713
5.4570374
5.456945
5.456852
5.4567595
5.456667
5.4565744
5.456482
5.456389
5.4562964
5.456204
5.4561114
5.456019
5.4559264
5.455834
5.4557414
5.455649
5.4555564
5.455464
5.455371
5.455279
5.4551864
5.455094
5.4550014
5.4549084
5.454816
5.4547234
5.454631
5.454539
5.4544463
5.454354
5.4542613
5.454169
5.4540763
5.453984
5.4538913
5.453799
5.4537067
5.453614
5.4535217
5.453429
5.4533367
5.453244
5.453152
5.4530597
5.452967
5.452875
5.452782
5.45269
5.4525976
5.452505
5.452413
5.4523206
5.452228
5.4521356
5.4520435
5.451951
5.451859
5.4517665
5.451674
5.451582
5.4514894
5.4513974
5.451305
5.4512124
5.4511204
5.451028
5.450936
5.4508433
5.4507513
5.450659
5.4505663
5.4504743
5.4503818
5.4502897
5.450197
5.450105
5.4500127
5.4499207
5.4498286
5.449736
5.449644
5.4495516
5.4494596
5.4493675
5.449275
5.449183
5.4490905
5.4489985
5.448906
5.448814
5.448722
5.44863
5.4485373
5.4484453
5.4483533
5.448261
5.4481688
5.4480767
5.4479847
5.447892
5.4478
5.447708
5.447616
5.447524
5.4474316
5.4473395
5.4472475
5.4471555
5.4470634
5.4469714
5.4468794
5.4467874
5.446695
5.446603
5.446511
5.446419
5.4463267
5.4462347
5.4461427
5.4460506
5.4459586
5.4458666
5.4457746
5.4456825
5.4455905
5.4454985
5.4454064
5.4453144
5.4452224
5.4451303
5.4450383
5.4449463
5.4448543
5.444762
5.44467
5.4445786
5.4444866
5.4443946
5.4443026
5.4442105
5.4441185
5.4440265
5.443935
5.443843
5.443751
5.443659
5.443567
5.443475
5.443383
5.443291
5.4431996
5.4431076
5.4430156
5.4429235
5.442832
5.44274
5.442648
5.4425564
5.4424644
5.4423723
5.442281
5.4421887
5.4420967
5.4420047
5.441913
5.441821
5.4417295
5.4416375
5.441546
5.441454
5.4413624
5.4412704
5.441179
5.441087
5.440995
5.440903
5.440811
5.4407196
5.440628
5.440536
5.4404445
5.4403524
5.440261
5.4401693
5.4400773
5.4399858
5.4398937
5.439802
5.43971
5.4396186
5.439527
5.439435
5.4393435
5.439252
5.4391603
5.4390683
5.438977
5.438885
5.438793
5.4387016
5.43861
5.4385185
5.4384265
5.438335
5.4382434
5.438152
5.4380603
5.4379683
5.4378767
5.437785
5.4376936
5.437602
5.4375105
5.4374185
5.437327
5.4372354
5.437144
5.4370522
5.4369607
5.436869
5.4367776
5.436686
5.4365945
5.436503
5.4364114
5.43632
5.4362283
5.4361367
5.436045
5.4359536
5.435862
5.4357705
5.435679
5.4355874
5.435496
5.4354043
5.4353127
5.435221
5.4351296
5.4350386
5.434947
5.4348555
5.434764
5.4346724
5.434581
5.4344897
5.434398
5.4343066
5.434215
5.434124
5.4340324
5.433941
5.4338493
5.4337583
5.4336667
5.433575
5.4334836
5.433392
5.433301
5.4332094
5.433118
5.433027
5.432935
5.4328437
5.4327526
5.432661
5.43257
5.4324784
5.4323874
5.432296
5.4322042
5.432113
5.4320216
5.4319305
5.431839
5.431748
5.4316564
5.4315653
5.4314737
5.4313827
5.431291
5.4312
5.4311085
5.4310174
5.430926
5.430835
5.4307437
5.430652
5.430561
5.4304695
5.4303784
5.430287
5.430196
5.4301047
5.4300137
5.429922
5.429831
5.42974
5.4296484
5.4295573
5.4294662
5.4293747
5.4292836
5.4291925
5.4291015
5.4290104
5.428919
5.428828
5.4287367
5.4286456
5.4285545
5.428463
5.428372
5.428281
5.4281898
5.428098
5.4280076
5.427916
5.427825
5.427734
5.427643
5.4275517
5.4274607
5.4273696
5.4272785
5.4271874
5.4270964
5.4270053
5.426914
5.426823
5.426732
5.426641
5.42655
5.426459
5.4263678
5.4262767
5.4261856
5.4260945
5.4260035
5.4259124
5.4258213
5.42573
5.4256396
5.4255486
5.4254575
5.4253664
5.4252753
5.4251842
5.4250937
5.4250026
5.4249115
5.4248204
5.4247293
5.4246383
5.4245477
5.4244566
5.4243655
5.424275
5.424184
5.424093
5.4240017
5.423911
5.42382
5.423729
5.4236383
5.4235473
5.423456
5.4233656
5.4232745
5.4231834
5.423093
5.423002
5.4229107
5.42282
5.422729
5.4226384
5.4225473
5.4224567
5.4223657
5.422275
5.422184
5.4220934
5.4220023
5.4219117
5.4218206
5.42173
5.421639
5.4215484
5.421458
5.4213667
5.421276
5.421185
5.4210944
5.4210033
5.4209127
5.420822
5.420731
5.4206405
5.42055
5.420459
5.420368
5.4202776
5.4201865
5.420096
5.4200053
5.4199147
5.4198236
5.419733
5.4196424
5.419552
5.419461
5.41937
5.4192796
5.419189
5.4190984
5.4190073
5.4189167
5.418826
5.4187355
5.418645
5.418554
5.418463
5.4183726
5.418282
5.4181914
5.418101
5.41801
5.4179196
5.417829
5.4177384
5.417648
5.4175572
5.4174666
5.417376
5.4172854
5.417195
5.4171042
5.4170136
5.416923
5.4168324
5.416742
5.4166512
5.4165606
5.41647
5.4163795
5.416289
5.4161983
5.4161077
5.4160175
5.415927
5.4158363
5.4157457
5.415655
5.415565
5.4154744
5.415384
5.415293
5.4152026
5.415112
5.415022
5.4149313
5.4148407
5.41475
5.41466
5.4145694
5.414479
5.4143887
5.414298
5.4142075
5.4141173
5.4140267
5.4139366
5.413846
5.4137554
5.4136653
5.4135747
5.413484
5.413394
5.4133034
5.4132133
5.4131227
5.413032
5.412942
5.4128513
5.412761
5.4126706
5.4125805
5.41249
5.4124
5.412309
5.412219
5.4121284
5.4120383
5.4119477
5.4118576
5.4117675
5.411677
5.4115868
5.4114966
5.411406
5.411316
5.411226
5.411135
5.411045
5.410955
5.4108644
5.410774
5.4106836
5.4105935
5.4105034
5.4104133
5.4103227
5.4102325
5.4101424
5.4100523
5.4099617
5.4098716
5.4097815
5.4096913
5.4096007
5.4095106
5.4094205
5.4093304
5.4092402
5.40915
5.40906
5.4089694
5.4088793
5.408789
5.408699
5.408609
5.408519
5.4084287
5.4083385
5.4082484
5.4081583
5.408068
