47.797867
46.45177
45.115604
43.789997
42.475754
41.17341
39.883327
38.605793
37.341095
36.089527
34.85151
33.62772
32.41922
31.227613
30.055231
28.905117
27.781124
26.687836
25.630424
24.614521
23.645931
22.7304
21.87327
21.07922
20.35197
19.694065
19.106796
18.590158
18.142965
17.762985
17.447096
17.191448
16.991562
16.842411
16.73844
16.673635
16.6416
16.635662
16.6491
16.675316
16.708075
16.741755
16.77153
16.793516
16.804844
16.803696
16.789265
16.761648
16.721724
16.670996
16.611372
16.545023
16.474136
16.400799
16.326838
16.25371
16.182457
16.113651
16.047434
15.983535
15.921367
15.860077
15.798681
15.736121
15.671373
15.603515
15.531792
15.455636
15.374711
15.288923
15.198423
15.103594
15.005052
14.903606
14.800218
14.695917
14.5916815
14.488258
14.385995
14.284724
14.183795
14.082319
13.9795065
13.874952
13.768661
13.660911
13.552105
13.442744
13.33345
13.225015
13.118303
13.014109
12.912953
12.814982
12.719939
12.627236
12.536074
12.445464
12.354236
12.260941
12.163886
12.061241
11.951111
11.831428
11.699688
11.552615
11.38606
11.1953745
10.976241
10.724842
10.437057
10.108755
9.737407
9.322143
8.864033
8.369768
7.852939
7.334646
6.8472233
6.4369044
6.163107
6.080807
6.1709585
6.268512
6.2024674
5.97794
5.725281
5.5658
5.5002093
5.409882
5.2418447
5.0423875
4.867067
4.7354546
4.641953
4.5816946
4.5472455
4.502823
4.4151974
4.303823
4.203926
4.1288567
4.0726113
4.0201583
3.9573498
3.8801062
3.7963634
3.7188241
3.655389
3.6044655
3.5574174
3.505206
3.4441605
3.3772147
3.3108594
3.2506602
3.1982577
3.1511934
3.1052492
3.057468
3.0077367
2.958094
2.9107475
2.8665092
2.8245513
2.7833874
2.742113
2.7009523
2.6608903
2.6228585
2.5870667
2.5528698
2.5192
2.4852989
2.4512296
2.4177272
2.3856294
2.355257
2.3262498
2.2978835
2.2696376
2.2415416
2.2140384
2.1875217
2.1620007
2.1371498
2.112651
2.0884612
2.0647929
2.041871
2.0197098
1.9981031
1.9768183
1.9557874
1.9351318
1.9150286
1.8955336
1.8765576
1.8579446
1.839622
