10.247623
10.239267
10.230932
10.222619
10.214326
10.206054
10.197802
10.18957
10.181359
10.173169
10.164998
10.156848
10.148718
10.140608
10.132517
10.124447
10.116396
10.108364
10.100353
10.0923605
10.084388
10.076435
10.068501
10.060587
10.0526905
10.044814
10.036957
10.029118
10.021297
10.013496
10.005713
9.99795
9.990205
9.982477
9.974769
9.967079
9.959407
9.951753
9.944117
9.9365
9.928899
9.921317
9.9137535
9.906207
9.898678
9.891167
9.883673
9.876196
9.868737
9.861296
9.85387
9.846463
9.839073
9.8317
9.824345
9.817005
9.809683
9.802378
9.795089
9.787817
9.780561
9.773322
9.7661
9.758894
9.751704
9.744532
9.737374
9.730233
9.723109
9.716001
9.708908
9.701831
9.69477
9.687726
9.6806965
9.673683
9.666685
9.659703
9.652736
9.645785
9.638849
9.631929
9.625024
9.618134
9.611259
9.6044
9.597555
9.590726
9.583912
9.577112
9.570328
9.563558
9.556803
9.550063
9.543337
9.536626
9.529929
9.523248
9.51658
9.509927
9.503288
9.496663
9.490053
9.483458
9.476875
9.470307
9.463754
9.457213
9.450687
9.444176
9.437677
9.431193
9.424723
9.418266
9.411822
9.405393
9.398977
9.392574
9.386185
9.379809
9.373447
9.367098
9.360763
9.35444
9.34813
9.341834
9.335551
9.329281
9.323024
9.31678
9.310549
9.304331
9.298125
9.291932
9.285752
9.279585
9.273431
9.267288
9.261159
9.255042
9.248938
9.242846
9.236766
9.230699
9.224644
9.218601
9.212571
9.2065525
9.200546
9.194552
9.18857
9.182601
9.176642
9.170696
9.1647625
9.15884
9.15293
9.147032
9.141145
9.135269
9.129406
9.123554
9.117714
9.111886
9.106069
9.100263
9.094468
9.088686
9.082914
9.077155
9.071406
9.065668
9.059942
9.054227
9.048523
9.0428295
9.037148
9.031478
9.025818
9.020169
9.014531
9.008904
9.003289
8.997684
8.992089
8.9865055
8.980932
8.97537
8.969819
8.964278
8.958748
8.953228
8.947719
8.942221
8.936732
8.931254
8.925787
8.92033
8.914884
8.909447
